0 0 240 0 0
0 62 60 60 64
0 64 60 60 64
0 66 60 60 64
0 64 60 60 64
0 67 60 60 64
0 66 60 60 64
0 64 60 60 64
0 62 60 60 64
0 69 60 60 64
0 67 60 60 64
0 66 60 60 64
0 64 60 60 64
0 66 60 60 64
0 62 60 60 64
0 69 120 120 64
0 71 120 120 64
0 73 20 20 64
0 71 20 20 56
0 73 20 20 64
0 74 60 60 64
0 73 30 30 64
0 74 30 30 56
0 73 60 60 64
0 71 30 30 56
0 69 90 75 64
0 73 60 60 64
0 74 60 60 64
0 76 60 60 64
0 73 60 60 64
0 78 60 60 64
0 74 60 60 64
0 73 60 60 64
0 71 60 60 64
0 76 60 60 64
0 73 60 60 64
0 74 60 60 64
0 71 60 60 64
0 69 60 60 64
0 68 60 60 64
0 76 60 60 64
0 73 60 60 64
0 78 60 60 64
0 74 60 60 64
0 73 60 60 64
0 71 60 60 64
0 76 60 60 64
0 73 60 60 64
0 74 60 60 64
0 71 60 60 64
0 69 60 60 64
0 68 60 60 64
0 73 60 60 64
0 71 60 60 64
0 74 60 60 64
0 73 60 60 64
0 71 60 60 64
0 69 60 60 64
0 78 120 120 64
0 68 120 120 64
0 69 140 130 64
0 71 20 20 64
0 69 20 20 49
0 68 20 20 52
0 69 20 20 56
0 71 20 10 64
0 71 180 180 64
0 69 60 60 64
0 69 480 240 64
0 76 120 120 64
0 81 180 180 64
0 71 60 60 64
0 73 60 60 64
0 75 60 60 64
0 76 60 60 64
0 78 60 60 64
0 79 60 60 64
0 78 60 60 64
0 81 60 60 64
0 79 60 60 64
0 78 60 60 64
0 76 60 60 64
0 83 120 120 64
0 71 360 120 64
0 66 120 120 64
0 71 180 180 64
0 70 60 60 64
0 71 60 60 64
0 73 60 60 64
0 74 60 60 64
0 76 60 60 64
0 78 60 60 64
0 76 60 60 64
0 79 60 60 64
0 78 60 60 64
0 76 60 60 64
0 74 60 60 64
0 76 60 60 64
0 74 60 60 64
0 78 60 60 64
0 76 60 60 64
0 74 60 60 64
0 73 60 60 64
0 74 60 60 64
0 73 60 60 64
0 76 60 60 64
0 74 60 60 64
0 73 60 60 64
0 71 60 60 64
0 73 120 120 64
0 70 30 30 64
0 68 30 30 56
0 70 60 60 64
0 71 180 180 64
0 73 60 50 64
0 73 30 30 64
0 74 30 30 56
0 73 120 120 64
0 71 120 120 64
0 66 60 60 64
0 68 60 60 64
0 70 60 60 64
0 71 60 60 64
0 73 60 60 64
0 74 60 60 64
0 73 60 60 64
0 76 60 60 64
0 74 60 60 64
0 73 60 60 64
0 71 60 60 64
0 79 780 770 64
0 64 60 60 64
0 66 60 60 64
0 68 60 60 64
0 69 60 60 64
0 71 60 60 64
0 73 60 60 64
0 71 60 60 64
0 74 60 60 64
0 73 60 60 64
0 71 60 60 64
0 69 60 60 64
0 78 780 770 64
0 71 60 60 64
0 76 60 60 64
0 74 60 60 64
0 73 60 60 64
0 71 60 60 64
0 73 60 60 64
0 71 60 60 64
0 74 60 60 64
0 73 60 60 64
0 71 60 60 64
0 69 60 60 64
0 68 30 30 64
0 69 30 30 56
0 68 60 60 64
0 64 120 120 64
0 69 60 60 64
0 71 60 60 64
0 73 60 60 64
0 71 60 60 64
0 74 60 60 64
0 73 60 60 64
0 71 60 60 64
0 69 60 60 64
0 78 180 180 64
0 68 60 60 64
0 69 60 60 64
0 68 60 60 64
0 69 60 60 64
0 74 60 60 64
0 71 180 180 64
0 69 60 50 64
0 69 180 180 64
0 73 60 60 64
0 74 60 60 64
0 76 60 60 64
0 66 120 120 64
0 67 120 120 64
0 71 30 30 64
0 69 30 30 48
0 67 30 30 51
0 69 30 30 55
0 71 120 120 64
0 74 30 30 64
0 73 30 30 49
0 71 30 30 54
0 73 30 30 58
0 74 180 180 64
0 73 60 60 64
0 76 60 60 64
0 74 60 60 64
0 73 60 60 64
0 74 60 60 64
0 76 60 60 64
0 74 60 60 64
0 73 60 60 64
0 71 60 60 64
0 69 60 60 64
0 67 60 60 64
0 66 60 60 64
0 64 60 60 64
0 67 60 60 64
0 66 60 60 64
0 64 60 60 64
0 62 60 60 64
0 69 60 60 64
0 67 60 60 64
0 66 60 60 64
0 64 60 60 64
0 66 60 60 64
0 62 60 60 64
0 69 120 120 64
0 71 120 120 64
0 73 20 20 64
0 71 20 20 56
0 73 20 20 64
0 74 60 60 64
0 73 30 30 64
0 74 30 30 56
0 73 60 60 60
0 71 30 30 56
0 69 90 75 64
0 74 120 110 64
0 74 120 120 64
0 62 120 120 64
0 74 120 110 64
0 74 120 120 64
0 62 120 120 64
0 74 120 110 64
0 74 120 120 64
0 62 120 120 64
0 74 120 110 64
0 74 120 120 64
0 62 120 120 64
0 74 60 60 64
0 76 60 60 64
0 78 60 60 64
0 76 60 60 64
0 79 60 60 64
0 78 60 60 64
0 76 60 60 64
0 74 60 60 64
0 83 120 120 64
0 73 120 120 64
0 74 140 130 64
0 76 20 20 48
0 74 20 20 53
0 73 20 20 57
0 74 20 20 64
0 76 20 15 64
0 76 180 180 64
0 74 60 50 64
0 74 120 120 64
0 62 120 120 64
0 67 180 180 64
0 57 60 60 64
0 59 60 60 64
0 61 60 60 64
0 62 60 60 64
0 64 60 60 64
0 66 60 60 64
0 64 60 60 64
0 67 60 60 64
0 66 60 60 64
0 64 60 60 64
0 62 60 60 64
0 71 180 180 64
0 61 60 60 64
0 62 60 60 64
0 61 60 60 64
0 62 60 60 64
0 67 60 60 64
0 64 180 180 64
0 62 60 50 64
1 0 960 0 0
1 50 60 60 64
1 52 60 60 64
1 54 60 60 64
1 52 60 60 64
1 55 60 60 64
1 54 60 60 64
1 52 60 60 64
1 50 60 60 64
1 57 60 60 64
1 55 60 60 64
1 54 60 60 64
1 52 60 60 64
1 54 60 60 64
1 50 60 60 64
1 57 120 120 64
1 45 120 120 64
1 57 120 110 64
1 57 120 120 64
1 45 120 120 64
1 57 120 110 64
1 57 120 120 64
1 45 120 120 64
1 57 120 110 64
1 57 120 120 64
1 45 120 120 64
1 57 120 110 64
1 57 120 120 64
1 59 120 120 64
1 61 120 120 64
1 62 60 60 64
1 61 60 60 64
1 64 60 60 64
1 62 60 60 64
1 61 60 60 64
1 59 60 60 64
1 61 60 60 64
1 62 60 60 64
1 64 120 120 64
1 52 120 120 64
1 57 60 60 64
1 52 60 60 64
1 54 60 60 64
1 56 60 60 64
1 57 60 60 64
1 59 60 60 64
1 61 60 60 64
1 59 60 60 64
1 62 60 60 64
1 61 60 60 64
1 59 60 60 64
1 57 60 60 64
1 64 120 120 64
1 52 360 120 64
1 59 120 120 64
1 64 180 180 64
1 54 60 60 64
1 56 60 60 64
1 58 60 60 64
1 59 60 60 64
1 61 60 60 64
1 62 60 60 64
1 61 60 60 64
1 64 60 60 64
1 62 60 60 64
1 61 60 60 64
1 59 60 60 64
1 66 120 120 64
1 54 120 120 64
1 64 120 120 64
1 62 120 120 64
1 71 60 60 64
1 70 60 60 64
1 71 120 120 64
1 61 120 120 64
1 70 60 60 64
1 68 60 60 64
1 70 120 120 64
1 71 60 60 64
1 69 60 60 64
1 67 60 60 64
1 66 60 60 64
1 64 60 60 64
1 62 60 60 64
1 64 60 60 64
1 62 60 60 64
1 66 60 60 64
1 64 60 60 64
1 62 60 60 64
1 61 60 60 64
1 62 60 60 64
1 64 60 60 64
1 66 120 120 64
1 54 120 120 64
1 59 120 120 64
1 54 120 120 64
1 50 120 120 64
1 47 420 240 64
1 47 60 60 64
1 49 60 60 64
1 51 60 60 64
1 52 60 60 64
1 54 60 60 64
1 55 60 60 64
1 54 60 60 64
1 57 60 60 64
1 55 60 60 64
1 54 60 60 64
1 52 60 60 64
1 57 780 770 64
1 45 60 60 64
1 47 60 60 64
1 49 60 60 64
1 50 60 60 64
1 52 60 60 64
1 54 60 60 64
1 52 60 60 64
1 55 60 60 64
1 54 60 60 64
1 52 60 60 64
1 50 60 60 64
1 56 180 180 64
1 52 60 60 64
1 54 60 60 64
1 56 60 60 64
1 57 60 60 64
1 56 60 60 64
1 54 60 60 64
1 52 60 60 64
1 50 60 60 64
1 54 60 60 64
1 52 60 60 64
1 50 60 60 64
1 49 60 60 64
1 47 60 60 64
1 49 60 60 64
1 45 60 60 64
1 57 120 120 64
1 54 120 120 64
1 49 120 120 64
1 50 60 60 64
1 49 60 60 64
1 52 60 60 64
1 50 60 60 64
1 49 60 60 64
1 47 60 60 64
1 49 60 60 64
1 50 60 60 64
1 52 120 120 64
1 40 120 120 64
1 45 60 60 64
1 49 60 60 64
1 50 60 60 64
1 52 60 60 64
1 54 60 60 64
1 55 60 60 64
1 57 60 60 64
1 55 60 60 64
1 59 60 60 64
1 57 60 60 64
1 55 60 60 64
1 54 60 60 64
1 55 60 60 64
1 54 60 60 64
1 57 60 60 64
1 55 60 60 64
1 54 60 60 64
1 52 60 60 64
1 54 60 60 64
1 52 60 60 64
1 55 60 60 64
1 54 60 60 64
1 52 60 60 64
1 50 60 60 64
1 57 120 120 64
1 45 840 120 64
1 50 60 60 64
1 52 60 60 64
1 54 60 60 64
1 52 60 60 64
1 55 60 60 64
1 54 60 60 64
1 52 60 60 64
1 50 60 60 64
1 57 60 60 64
1 55 60 60 64
1 54 60 60 64
1 52 60 60 64
1 54 60 60 64
1 50 60 60 64
1 57 60 60 64
1 54 60 60 64
1 59 60 60 64
1 55 60 60 64
1 54 60 60 64
1 52 60 60 64
1 57 60 60 64
1 54 60 60 64
1 55 60 60 64
1 52 60 60 64
1 50 60 60 64
1 49 60 60 64
1 57 60 60 64
1 54 60 60 64
1 59 60 60 64
1 55 60 60 64
1 54 60 60 64
1 52 60 60 64
1 57 60 60 64
1 54 60 60 64
1 55 60 60 64
1 52 60 60 64
1 50 60 60 64
1 49 60 60 64
1 50 120 120 64
1 52 120 120 64
1 54 120 120 64
1 55 60 60 64
1 54 60 60 64
1 57 60 60 64
1 55 60 60 64
1 54 60 60 64
1 52 60 60 64
1 54 60 60 64
1 55 60 60 64
1 57 120 120 64
1 45 120 120 64
1 47 60 60 64
1 45 60 60 64
1 48 60 60 64
1 47 60 60 64
1 45 60 60 64
1 43 60 60 64
1 50 420 410 64
1 49 60 60 64
1 47 60 60 64
1 45 60 60 64
1 43 60 60 64
1 42 60 60 64
1 43 60 60 64
1 42 60 60 64
1 45 60 60 64
1 43 60 60 64
1 42 60 60 64
1 40 60 60 64
1 42 60 60 64
1 43 60 60 64
1 45 240 240 64
