0 72 60 60 64
0 70 60 60 64
0 68 60 60 64
0 67 60 60 64
0 68 120 120 64
0 65 120 120 64
0 73 300 290 64
0 72 60 60 64
0 70 60 60 64
0 69 60 60 64
0 70 120 120 64
0 67 120 120 64
0 76 300 290 64
0 77 60 60 64
0 79 60 60 64
0 80 60 60 64
0 82 120 120 64
0 79 60 60 64
0 76 60 60 64
0 73 120 120 64
0 72 120 120 64
0 70 60 60 64
0 68 60 60 64
0 67 60 60 64
0 68 60 60 64
0 70 60 60 64
0 73 60 60 64
0 72 60 60 64
0 70 60 60 64
0 68 60 60 64
0 67 60 60 64
0 65 60 60 64
0 64 60 60 64
0 68 120 120 64
0 77 180 180 64
0 79 60 60 64
0 80 60 60 64
0 79 60 60 64
0 77 60 60 64
0 75 60 60 64
0 73 60 60 64
0 72 60 60 64
0 70 120 120 64
0 79 180 180 64
0 80 60 60 64
0 82 60 60 64
0 80 60 60 64
0 79 60 60 64
0 77 60 60 64
0 76 60 60 64
0 74 60 60 64
0 72 60 60 64
0 74 60 60 64
0 76 60 60 64
0 77 60 60 64
0 79 60 60 64
0 80 60 60 64
0 82 60 60 64
0 79 60 60 64
0 77 60 60 64
0 76 60 60 64
0 77 60 60 64
0 76 60 60 64
0 77 120 120 64
0 72 180 180 64
0 70 60 60 64
0 68 60 60 64
0 67 60 60 64
0 65 60 60 64
0 64 60 60 64
0 68 60 60 64
0 67 60 60 64
0 72 60 60 64
0 70 60 60 64
0 68 60 60 64
0 67 60 60 64
0 68 120 120 64
0 65 120 120 64
0 80 300 290 64
0 79 60 60 64
0 77 60 60 64
0 76 60 60 64
0 77 120 120 64
0 74 120 120 64
0 71 300 290 64
0 72 60 60 64
0 74 60 60 64
0 75 60 60 64
0 77 120 120 64
0 74 60 60 64
0 71 60 60 64
0 68 120 120 64
0 67 180 180 64
0 65 60 60 64
0 63 60 60 64
0 62 60 60 64
0 63 120 120 64
0 60 120 120 64
0 75 300 290 64
0 74 60 60 64
0 72 60 60 64
0 71 60 60 64
0 72 120 120 64
0 69 120 120 64
0 78 300 290 64
0 79 60 60 64
0 81 60 60 64
0 82 60 60 64
0 84 120 120 64
0 81 60 60 64
0 78 60 60 64
0 75 120 120 64
0 74 120 120 64
0 71 360 360 64
0 71 120 120 64
0 72 30 30 64
0 71 30 30 56
0 72 210 180 64
0 73 30 30 64
0 72 30 30 56
0 71 30 30 58
0 72 60 60 64
0 74 60 60 64
0 72 30 30 64
0 74 30 33 56
0 75 30 33 56
0 74 30 33 56
0 75 30 33 57
0 74 30 33 57
0 75 30 33 58
0 74 30 33 58
0 75 30 33 58
0 74 30 33 59
0 75 30 33 59
0 74 30 33 59
0 72 120 110 64
0 72 300 290 64
0 74 60 60 64
0 75 60 60 64
0 74 60 60 64
0 72 60 60 64
0 70 60 60 64
0 68 60 60 64
0 67 60 60 64
0 65 120 120 64
0 74 180 180 64
0 75 60 60 64
0 77 60 60 64
0 75 60 60 64
0 74 60 60 64
0 72 60 60 64
0 71 60 60 64
0 69 60 60 64
0 67 60 60 64
0 69 60 60 64
0 71 60 60 64
0 72 60 60 64
0 74 60 60 64
0 75 60 60 64
0 77 60 60 64
0 74 60 60 64
0 72 60 60 64
0 71 60 60 64
0 72 60 60 64
0 71 60 60 64
0 79 300 290 64
0 77 60 60 64
0 75 60 60 64
0 74 60 60 64
0 72 300 290 64
0 70 60 60 64
0 69 60 60 64
0 67 60 60 64
0 69 120 120 64
0 65 120 120 64
0 75 300 290 64
0 73 60 60 64
0 72 60 60 64
0 73 60 60 64
0 75 60 60 64
0 78 60 60 64
0 77 60 60 64
0 75 60 60 64
0 73 60 60 64
0 72 60 60 64
0 70 60 60 64
0 68 60 60 64
0 67 120 120 64
0 82 180 180 64
0 80 60 60 64
0 79 60 60 64
0 77 60 60 64
0 75 60 60 64
0 73 60 60 64
0 72 60 60 64
0 70 60 60 64
0 68 120 120 64
0 72 120 120 64
0 75 120 120 64
0 79 120 120 64
0 80 300 290 64
0 79 60 60 64
0 77 60 60 64
0 75 60 60 64
0 73 60 60 64
0 70 60 60 64
0 80 120 120 64
0 79 300 290 64
0 77 60 60 64
0 75 60 60 64
0 73 60 60 64
0 72 60 60 64
0 68 60 60 64
0 78 120 120 64
0 77 300 290 64
0 75 60 60 64
0 73 60 60 64
0 72 60 60 64
0 70 60 60 64
0 68 60 60 64
0 67 60 60 64
0 68 60 60 64
0 70 300 290 64
0 68 60 60 64
0 67 60 60 64
0 65 60 60 64
0 64 60 60 64
0 65 60 60 64
0 67 60 60 64
0 68 60 60 64
0 70 60 60 64
0 72 60 60 64
0 73 60 60 64
0 70 60 60 64
0 72 60 60 64
0 70 60 60 64
0 68 60 60 64
0 67 60 60 64
0 68 120 120 64
0 65 120 120 64
0 73 300 290 64
0 72 60 60 64
0 70 60 60 64
0 69 60 60 64
0 70 120 120 64
0 67 120 120 64
0 76 300 290 64
0 77 60 60 64
0 79 60 60 64
0 80 60 60 64
0 82 120 120 64
0 79 60 60 64
0 76 60 60 64
0 73 120 120 64
0 72 120 120 64
0 70 60 60 64
0 68 60 60 64
0 67 60 60 64
0 68 60 60 64
0 70 60 60 64
0 73 60 60 64
0 72 60 60 64
0 70 60 60 64
0 68 60 60 64
0 67 60 60 64
0 65 60 60 64
0 64 60 60 64
0 72 180 180 64
0 73 60 60 64
0 67 30 33 56
0 68 30 33 56
0 67 30 33 56
0 68 30 33 57
0 67 30 33 57
0 68 30 33 58
0 67 30 33 58
0 68 30 33 58
0 67 120 132 59
0 65 120 110 64
1 41 120 120 64
1 53 180 180 64
1 55 60 60 64
1 56 60 60 64
1 55 60 60 64
1 53 60 60 64
1 51 60 60 64
1 49 60 60 64
1 48 60 60 64
1 46 120 120 64
1 55 180 180 64
1 56 60 60 64
1 58 60 60 64
1 56 60 60 64
1 55 60 60 64
1 53 60 60 64
1 52 60 60 64
1 50 60 60 64
1 48 60 60 64
1 50 60 60 64
1 52 60 60 64
1 53 60 60 64
1 55 60 60 64
1 56 60 60 64
1 58 60 60 64
1 55 60 60 64
1 53 60 60 64
1 52 60 60 64
1 53 60 60 64
1 52 60 60 64
1 53 300 290 64
1 48 60 60 64
1 50 60 60 64
1 52 60 60 64
1 53 60 60 64
1 55 60 60 64
1 56 60 60 64
1 58 60 60 64
1 60 60 60 64
1 58 60 60 64
1 56 60 60 64
1 55 60 60 64
1 56 120 120 64
1 53 120 120 64
1 61 300 290 64
1 60 60 60 64
1 58 60 60 64
1 57 60 60 64
1 58 120 120 64
1 55 120 120 64
1 64 300 290 64
1 65 60 60 64
1 67 60 60 64
1 68 60 60 64
1 70 120 120 64
1 67 60 60 64
1 64 60 60 64
1 61 120 120 64
1 60 120 120 64
1 58 60 60 64
1 56 60 60 64
1 55 60 60 64
1 56 60 60 64
1 58 60 60 64
1 61 60 60 64
1 60 60 60 64
1 58 60 60 64
1 56 60 60 64
1 55 60 60 64
1 53 60 60 64
1 52 60 60 64
1 56 120 120 64
1 53 180 180 64
1 55 60 60 64
1 56 60 60 64
1 55 60 60 64
1 53 60 60 64
1 51 60 60 64
1 49 60 60 64
1 48 60 60 64
1 47 120 120 64
1 56 180 180 64
1 55 60 60 64
1 53 60 60 64
1 51 60 60 64
1 50 60 60 64
1 48 60 60 64
1 47 60 60 64
1 45 60 60 64
1 43 60 60 64
1 45 60 60 64
1 47 60 60 64
1 48 60 60 64
1 50 60 60 64
1 51 60 60 64
1 53 60 60 64
1 50 60 60 64
1 48 60 60 64
1 47 60 60 64
1 48 60 60 64
1 47 60 60 64
1 51 120 120 64
1 60 180 180 64
1 62 60 60 64
1 63 60 60 64
1 62 60 60 64
1 60 60 60 64
1 58 60 60 64
1 56 60 60 64
1 55 60 60 64
1 54 120 120 64
1 63 180 180 64
1 62 60 60 64
1 60 60 60 64
1 58 60 60 64
1 57 60 60 64
1 55 60 60 64
1 53 60 60 64
1 52 60 60 64
1 50 60 60 64
1 52 60 60 64
1 54 60 60 64
1 55 60 60 64
1 57 60 60 64
1 58 60 60 64
1 60 60 60 64
1 57 60 60 64
1 55 60 60 64
1 54 60 60 64
1 55 60 60 64
1 54 60 60 64
1 55 60 60 64
1 57 60 60 64
1 59 60 60 64
1 60 60 60 64
1 62 60 60 64
1 63 60 60 64
1 65 60 60 64
1 62 60 60 64
1 63 60 60 64
1 60 60 60 64
1 62 60 60 64
1 63 60 60 64
1 65 60 60 64
1 67 60 60 64
1 68 60 60 64
1 65 60 60 64
1 67 60 60 64
1 62 60 60 64
1 63 60 60 64
1 65 60 60 64
1 55 60 60 64
1 65 60 60 64
1 63 60 60 64
1 62 60 60 64
1 63 60 60 64
1 53 60 60 64
1 51 60 60 64
1 50 60 60 64
1 51 120 120 64
1 48 120 120 64
1 56 300 290 64
1 55 60 60 64
1 53 60 60 64
1 52 60 60 64
1 53 120 120 64
1 50 120 120 64
1 59 300 290 64
1 60 60 60 64
1 62 60 60 64
1 63 60 60 64
1 65 120 120 64
1 62 60 60 64
1 59 60 60 64
1 56 120 120 64
1 55 120 120 64
1 53 60 60 64
1 51 60 60 64
1 50 60 60 64
1 51 60 60 64
1 53 60 60 64
1 56 60 60 64
1 55 60 60 64
1 53 60 60 64
1 51 60 60 64
1 50 60 60 64
1 48 60 60 64
1 46 60 60 64
1 45 120 120 64
1 60 180 180 64
1 58 60 60 64
1 57 60 60 64
1 55 60 60 64
1 53 60 60 64
1 51 60 60 64
1 49 60 60 64
1 48 60 60 64
1 46 120 120 64
1 49 120 120 64
1 53 120 120 64
1 57 120 120 64
1 58 300 290 64
1 56 60 60 64
1 55 60 60 64
1 53 60 60 64
1 55 120 120 64
1 51 120 120 64
1 61 300 290 64
1 60 60 60 64
1 58 60 60 64
1 60 60 60 64
1 61 60 60 64
1 65 60 60 64
1 63 60 60 64
1 61 60 60 64
1 60 60 60 64
1 58 60 60 64
1 56 60 60 64
1 55 60 60 64
1 53 120 120 64
1 65 180 180 64
1 63 60 60 64
1 61 60 60 64
1 60 60 60 64
1 58 60 60 64
1 56 60 60 64
1 55 60 60 64
1 58 60 60 64
1 51 120 120 64
1 63 180 180 64
1 61 60 60 64
1 60 60 60 64
1 58 60 60 64
1 56 60 60 64
1 54 60 60 64
1 53 60 60 64
1 56 60 60 64
1 49 120 120 64
1 61 180 180 64
1 60 60 60 64
1 58 60 60 64
1 56 60 60 64
1 55 60 60 64
1 53 60 60 64
1 52 60 60 64
1 55 60 60 64
1 48 300 290 64
1 50 60 60 64
1 52 60 60 64
1 53 60 60 64
1 55 60 60 64
1 56 60 60 64
1 58 60 60 64
1 55 60 60 64
1 56 60 60 64
1 58 60 60 64
1 60 180 180 64
1 58 60 60 64
1 56 60 60 64
1 55 60 60 64
1 53 60 60 64
1 51 60 60 64
1 49 60 60 64
1 48 60 60 64
1 46 60 60 64
1 48 60 60 64
1 49 180 180 64
1 48 60 60 64
1 46 60 60 64
1 44 60 60 64
1 43 60 60 64
1 41 60 60 64
1 40 60 60 64
1 38 60 60 64
1 36 60 60 64
1 38 60 60 64
1 40 60 60 64
1 41 60 60 64
1 43 60 60 64
1 44 60 60 64
1 46 60 60 64
1 43 60 60 64
1 41 60 60 64
1 40 60 60 64
1 41 60 60 64
1 40 60 60 64
1 41 300 240 64
1 48 60 60 64
1 50 60 60 64
1 52 60 60 64
1 53 60 60 64
1 52 60 60 64
1 53 60 60 64
1 55 60 60 64
1 56 60 60 64
1 55 60 60 64
1 56 60 60 64
1 58 60 60 64
1 60 120 120 64
1 58 120 120 64
1 60 120 120 64
1 48 120 120 64
