0 0 120 0 0
0 65 120 120 64
0 69 120 120 64
0 65 120 120 64
0 72 120 120 64
0 65 120 120 64
0 77 120 120 64
0 76 60 60 64
0 74 60 60 64
0 72 60 60 64
0 74 60 60 64
0 72 60 60 64
0 70 60 60 64
0 69 60 60 64
0 70 60 60 64
0 69 60 60 64
0 67 180 60 64
0 69 120 120 64
0 72 120 120 64
0 69 120 120 64
0 77 120 120 64
0 72 120 120 64
0 81 60 60 64
0 84 60 60 64
0 82 60 60 64
0 84 60 60 64
0 81 60 60 64
0 84 60 60 64
0 82 60 60 64
0 84 60 60 64
0 81 60 60 64
0 84 60 60 64
0 82 60 60 64
0 84 60 60 64
0 77 60 60 64
0 81 60 60 64
0 79 60 60 64
0 81 60 60 64
0 77 60 60 64
0 81 60 60 64
0 79 60 60 64
0 81 60 60 64
0 77 60 60 64
0 81 60 60 64
0 79 60 60 64
0 81 60 60 64
0 74 60 60 64
0 77 60 60 64
0 76 60 60 64
0 77 60 60 64
0 74 60 60 64
0 77 60 60 64
0 76 60 60 64
0 77 60 60 64
0 74 60 60 64
0 77 60 60 64
0 76 60 60 64
0 77 60 60 64
0 71 120 120 64
0 67 120 120 64
0 74 120 120 64
0 71 120 120 64
0 77 120 120 64
0 74 120 120 64
0 79 60 60 64
0 81 60 60 64
0 79 60 60 64
0 77 60 60 64
0 76 60 60 64
0 77 60 60 64
0 76 60 60 64
0 74 60 60 64
0 72 60 60 64
0 74 60 60 64
0 72 60 60 64
0 70 60 60 64
0 69 120 120 64
0 74 60 60 64
0 72 60 60 64
0 71 60 60 64
0 72 60 60 64
0 71 60 60 64
0 69 60 60 64
0 67 60 60 64
0 69 60 60 64
0 67 60 60 64
0 65 60 60 64
0 64 60 60 64
0 65 60 60 64
0 64 60 60 64
0 62 60 60 64
0 60 120 120 64
0 72 60 60 64
0 71 60 60 64
0 72 120 120 64
0 64 120 120 64
0 65 120 120 64
0 72 120 120 64
0 64 120 120 64
0 72 120 120 64
0 62 120 120 64
0 71 120 120 64
0 72 840 240 64
0 72 120 120 64
0 76 120 120 64
0 72 120 120 64
0 79 120 120 64
0 72 120 120 64
0 84 120 120 64
0 83 60 60 64
0 81 60 60 64
0 79 60 60 64
0 81 60 60 64
0 79 60 60 64
0 77 60 60 64
0 76 60 60 64
0 77 60 60 64
0 76 60 60 64
0 74 60 60 64
0 72 60 60 64
0 70 60 60 64
0 72 60 60 64
0 81 60 60 64
0 72 60 60 64
0 81 60 60 64
0 70 60 60 64
0 81 60 60 64
0 72 60 60 64
0 81 60 60 64
0 69 60 60 64
0 81 60 60 64
0 70 120 120 64
0 67 120 120 64
0 70 120 120 64
0 67 120 120 64
0 74 120 120 64
0 70 120 120 64
0 79 120 120 64
0 77 60 60 64
0 75 60 60 64
0 74 60 60 64
0 75 60 60 64
0 74 60 60 64
0 72 60 60 64
0 70 60 60 64
0 72 60 60 64
0 70 60 60 64
0 69 180 60 64
0 70 120 120 64
0 74 120 120 64
0 70 120 120 64
0 79 120 120 64
0 74 120 120 64
0 82 120 120 64
0 73 120 120 64
0 82 120 120 64
0 73 120 120 64
0 82 120 120 64
0 73 120 120 64
0 74 120 120 64
0 69 120 120 64
0 77 120 120 64
0 74 120 120 64
0 81 120 120 64
0 77 120 120 64
0 79 60 60 64
0 77 60 60 64
0 79 60 60 64
0 82 60 60 64
0 72 60 60 64
0 82 60 60 64
0 74 60 60 64
0 82 60 60 64
0 76 60 60 64
0 82 60 60 64
0 72 60 60 64
0 82 60 60 64
0 77 60 60 64
0 76 60 60 64
0 77 60 60 64
0 81 60 60 64
0 71 60 60 64
0 81 60 60 64
0 73 60 60 64
0 81 60 60 64
0 74 60 60 64
0 81 60 60 64
0 71 60 60 64
0 81 60 60 64
0 76 60 60 64
0 74 60 60 64
0 76 60 60 64
0 79 60 60 64
0 69 60 60 64
0 79 60 60 64
0 71 60 60 64
0 79 60 60 64
0 73 60 60 64
0 79 60 60 64
0 69 60 60 64
0 79 60 60 64
0 77 120 120 64
0 74 120 120 64
0 70 120 120 64
0 74 120 120 64
0 67 120 120 64
0 77 120 120 64
0 76 120 120 64
0 72 120 120 64
0 69 120 120 64
0 72 120 120 64
0 65 120 120 64
0 75 120 120 64
0 74 60 60 64
0 77 60 60 64
0 75 60 60 64
0 77 60 60 64
0 74 60 60 64
0 77 60 60 64
0 75 60 60 64
0 77 60 60 64
0 74 60 60 64
0 77 60 60 64
0 75 60 60 64
0 77 60 60 64
0 70 60 60 64
0 74 60 60 64
0 72 60 60 64
0 74 60 60 64
0 70 60 60 64
0 74 60 60 64
0 72 60 60 64
0 74 60 60 64
0 70 60 60 64
0 74 60 60 64
0 72 60 60 64
0 74 60 60 64
0 67 60 60 64
0 70 60 60 64
0 69 60 60 64
0 70 60 60 64
0 67 60 60 64
0 70 60 60 64
0 69 60 60 64
0 70 60 60 64
0 67 60 60 64
0 70 60 60 64
0 69 60 60 64
0 70 60 60 64
0 64 120 120 64
0 60 120 120 64
0 67 120 120 64
0 64 120 120 64
0 70 120 120 64
0 67 120 120 64
0 72 60 60 64
0 74 60 60 64
0 72 60 60 64
0 70 60 60 64
0 69 60 60 64
0 70 60 60 64
0 69 60 60 64
0 67 60 60 64
0 65 60 60 64
0 67 60 60 64
0 65 60 60 64
0 63 60 60 64
0 62 120 120 64
0 67 60 60 64
0 65 60 60 64
0 64 60 60 64
0 65 60 60 64
0 64 60 60 64
0 62 60 60 64
0 60 60 60 64
0 62 60 60 64
0 60 60 60 64
0 58 60 60 64
0 57 60 60 64
0 58 60 60 64
0 57 60 60 64
0 55 60 60 64
0 53 120 120 64
0 65 60 60 64
0 64 60 60 64
0 65 120 120 64
0 57 120 120 64
0 58 120 120 64
0 65 120 120 64
0 57 120 120 64
0 65 120 120 64
0 55 120 120 64
0 64 120 120 64
0 57 0 480 64
0 60 0 480 64
0 0 840 0 0
1 53 120 120 64
1 57 120 120 64
1 53 120 120 64
1 60 120 120 64
1 53 120 120 64
1 65 120 120 64
1 64 60 60 64
1 62 60 60 64
1 60 60 60 64
1 62 60 60 64
1 60 60 60 64
1 58 60 60 64
1 57 60 60 64
1 58 60 60 64
1 57 60 60 64
1 55 60 60 64
1 53 120 120 64
1 57 120 120 64
1 60 120 120 64
1 57 120 120 64
1 65 120 120 64
1 60 120 120 64
1 69 60 60 64
1 72 60 60 64
1 70 60 60 64
1 72 60 60 64
1 69 60 60 64
1 72 60 60 64
1 70 60 60 64
1 72 60 60 64
1 69 60 60 64
1 72 60 60 64
1 70 60 60 64
1 72 60 60 64
1 65 60 60 64
1 69 60 60 64
1 67 60 60 64
1 69 60 60 64
1 65 60 60 64
1 69 60 60 64
1 67 60 60 64
1 69 60 60 64
1 65 60 60 64
1 69 60 60 64
1 67 60 60 64
1 69 60 60 64
1 62 60 60 64
1 65 60 60 64
1 64 60 60 64
1 65 60 60 64
1 62 60 60 64
1 65 60 60 64
1 64 60 60 64
1 65 60 60 64
1 62 60 60 64
1 65 60 60 64
1 64 60 60 64
1 65 60 60 64
1 59 120 120 64
1 55 120 120 64
1 60 120 120 64
1 55 120 120 64
1 64 120 120 64
1 60 120 120 64
1 65 60 60 64
1 67 60 60 64
1 65 60 60 64
1 64 60 60 64
1 62 60 60 64
1 64 60 60 64
1 62 60 60 64
1 60 60 60 64
1 59 60 60 64
1 60 60 60 64
1 59 60 60 64
1 57 60 60 64
1 55 120 120 64
1 60 60 60 64
1 59 60 60 64
1 57 60 60 64
1 59 60 60 64
1 57 60 60 64
1 55 60 60 64
1 53 60 60 64
1 55 60 60 64
1 53 60 60 64
1 52 60 60 64
1 50 60 60 64
1 52 60 60 64
1 50 60 60 64
1 48 60 60 64
1 55 60 60 64
1 53 60 60 64
1 52 60 60 64
1 53 60 60 64
1 55 120 120 64
1 43 240 120 64
1 48 120 120 64
1 52 120 120 64
1 48 120 120 64
1 55 120 120 64
1 48 120 120 64
1 60 120 120 64
1 59 60 60 64
1 57 60 60 64
1 55 60 60 64
1 57 60 60 64
1 55 60 60 64
1 53 60 60 64
1 52 60 60 64
1 53 60 60 64
1 52 60 60 64
1 50 60 60 64
1 48 120 120 64
1 52 120 120 64
1 55 120 120 64
1 52 120 120 64
1 60 120 120 64
1 55 120 120 64
1 63 120 120 64
1 54 120 120 64
1 63 120 120 64
1 54 120 120 64
1 63 120 120 64
1 54 120 120 64
1 55 120 120 64
1 53 60 60 64
1 51 60 60 64
1 50 60 60 64
1 51 60 60 64
1 50 60 60 64
1 48 60 60 64
1 46 60 60 64
1 48 60 60 64
1 46 60 60 64
1 45 60 60 64
1 43 120 120 64
1 55 120 120 64
1 58 120 120 64
1 55 120 120 64
1 62 120 120 64
1 55 120 120 64
1 67 120 120 64
1 65 60 60 64
1 63 60 60 64
1 62 60 60 64
1 63 60 60 64
1 62 60 60 64
1 60 60 60 64
1 58 60 60 64
1 60 60 60 64
1 58 60 60 64
1 57 60 60 64
1 55 60 60 64
1 53 60 60 64
1 55 60 60 64
1 64 60 60 64
1 55 60 60 64
1 64 60 60 64
1 53 60 60 64
1 64 60 60 64
1 55 60 60 64
1 64 60 60 64
1 52 60 60 64
1 64 60 60 64
1 53 60 60 64
1 52 60 60 64
1 53 60 60 64
1 62 60 60 64
1 53 60 60 64
1 62 60 60 64
1 52 60 60 64
1 62 60 60 64
1 53 60 60 64
1 62 60 60 64
1 50 60 60 64
1 62 60 60 64
1 58 120 120 64
1 55 120 120 64
1 52 120 120 64
1 55 120 120 64
1 48 120 120 64
1 52 120 120 64
1 57 120 120 64
1 53 120 120 64
1 50 120 120 64
1 53 120 120 64
1 47 120 120 64
1 50 120 120 64
1 55 120 120 64
1 52 120 120 64
1 49 120 120 64
1 52 120 120 64
1 45 120 120 64
1 49 120 120 64
1 38 60 60 64
1 50 60 60 64
1 48 60 60 64
1 50 60 60 64
1 43 60 60 64
1 50 60 60 64
1 45 60 60 64
1 50 60 60 64
1 46 60 60 64
1 50 60 60 64
1 43 60 60 64
1 50 60 60 64
1 36 60 60 64
1 48 60 60 64
1 46 60 60 64
1 48 60 60 64
1 41 60 60 64
1 48 60 60 64
1 43 60 60 64
1 48 60 60 64
1 45 60 60 64
1 48 60 60 64
1 41 60 60 64
1 48 60 60 64
1 46 120 120 64
1 50 120 120 64
1 53 120 120 64
1 50 120 120 64
1 58 120 120 64
1 53 120 120 64
1 62 60 60 64
1 65 60 60 64
1 63 60 60 64
1 65 60 60 64
1 62 60 60 64
1 65 60 60 64
1 63 60 60 64
1 65 60 60 64
1 62 60 60 64
1 65 60 60 64
1 63 60 60 64
1 65 60 60 64
1 58 60 60 64
1 62 60 60 64
1 60 60 60 64
1 62 60 60 64
1 58 60 60 64
1 62 60 60 64
1 60 60 60 64
1 62 60 60 64
1 58 60 60 64
1 62 60 60 64
1 60 60 60 64
1 62 60 60 64
1 55 60 60 64
1 58 60 60 64
1 57 60 60 64
1 58 60 60 64
1 55 60 60 64
1 58 60 60 64
1 57 60 60 64
1 58 60 60 64
1 55 60 60 64
1 58 60 60 64
1 57 60 60 64
1 58 60 60 64
1 52 120 120 64
1 48 120 120 64
1 53 120 120 64
1 48 120 120 64
1 57 120 120 64
1 53 120 120 64
1 58 60 60 64
1 60 60 60 64
1 58 60 60 64
1 57 60 60 64
1 55 60 60 64
1 57 60 60 64
1 55 60 60 64
1 53 60 60 64
1 52 60 60 64
1 53 60 60 64
1 52 60 60 64
1 50 60 60 64
1 48 120 120 64
1 53 60 60 64
1 52 60 60 64
1 50 60 60 64
1 52 60 60 64
1 50 60 60 64
1 48 60 60 64
1 46 60 60 64
1 48 60 60 64
1 46 60 60 64
1 45 60 60 64
1 43 60 60 64
1 45 60 60 64
1 43 60 60 64
1 41 60 60 64
1 48 60 60 64
1 46 60 60 64
1 45 60 60 64
1 46 60 60 64
1 48 120 120 64
1 36 120 120 64
