0 0 120 0 0
0 72 60 60 64
0 71 60 60 64
0 72 60 60 64
0 74 60 60 64
0 75 60 60 64
0 67 60 60 64
0 68 60 60 64
0 70 60 60 64
0 68 60 60 64
0 65 60 60 64
0 77 60 60 64
0 75 60 60 64
0 74 60 60 64
0 72 60 60 64
0 71 60 60 64
0 80 60 60 64
0 79 60 60 64
0 77 60 60 64
0 75 60 60 64
0 74 60 60 64
0 72 60 60 64
0 71 60 60 64
0 72 60 60 64
0 74 60 60 64
0 72 60 60 64
0 74 60 60 64
0 75 30 33 48
0 74 30 33 49
0 75 30 33 51
0 74 30 33 53
0 75 30 33 54
0 74 30 33 56
0 72 30 33 57
0 74 30 33 59
0 75 60 60 64
0 74 60 60 64
0 72 60 60 64
0 74 60 60 64
0 75 60 60 64
0 77 60 60 64
0 79 120 100 64
0 79 20 20 64
0 80 20 20 56
0 79 90 90 64
0 77 230 120 64
0 77 120 100 64
0 77 20 20 64
0 78 20 20 56
0 77 90 90 64
0 75 230 120 64
0 74 120 120 64
0 75 120 120 64
0 68 180 180 64
0 65 60 60 64
0 70 60 60 64
0 65 60 60 64
0 67 120 120 64
0 75 180 180 64
0 74 60 60 64
0 75 60 60 64
0 70 60 60 64
0 72 60 60 64
0 75 60 60 64
0 80 60 60 64
0 79 60 60 64
0 77 60 60 64
0 75 60 60 64
0 74 60 60 64
0 72 60 60 64
0 70 60 60 64
0 74 60 60 64
0 79 60 60 64
0 77 60 60 64
0 75 60 60 64
0 74 60 60 64
0 72 60 60 64
0 70 60 60 64
0 68 60 60 64
0 72 60 60 64
0 77 60 60 64
0 72 60 60 64
0 74 180 180 64
0 74 60 60 64
0 75 60 60 64
0 70 60 60 64
0 72 60 60 64
0 70 60 60 64
0 79 300 290 64
0 70 60 60 64
0 72 60 60 64
0 70 60 60 64
0 80 300 290 64
0 70 60 60 64
0 75 60 60 64
0 74 60 60 64
0 79 60 60 64
0 77 60 60 64
0 80 60 60 64
0 79 60 60 64
0 84 60 60 64
0 82 60 60 64
0 80 60 60 64
0 79 60 60 64
0 77 60 60 64
0 82 60 60 64
0 80 60 60 64
0 82 60 60 64
0 79 60 60 64
0 82 60 60 64
0 80 60 60 64
0 82 60 60 64
0 75 60 60 64
0 79 60 60 64
0 77 60 60 64
0 79 60 60 64
0 72 60 60 64
0 74 60 60 64
0 75 60 60 64
0 77 60 60 64
0 74 60 60 64
0 75 60 60 64
0 77 60 60 64
0 79 60 60 64
0 75 60 60 64
0 77 60 60 64
0 79 60 60 64
0 80 60 60 64
0 82 60 60 64
0 80 60 60 64
0 84 60 60 64
0 82 60 60 64
0 80 60 60 64
0 79 60 60 64
0 77 60 60 64
0 80 60 60 64
0 74 300 290 64
0 74 60 60 64
0 79 60 60 64
0 74 60 60 64
0 75 60 60 64
0 72 60 60 64
0 74 60 60 64
0 70 60 60 64
0 72 300 290 64
0 79 60 60 64
0 78 60 60 64
0 81 60 60 64
0 72 60 60 64
0 70 60 60 64
0 72 180 180 64
0 78 60 60 64
0 76 60 60 64
0 74 60 60 64
0 82 180 180 64
0 76 60 60 64
0 78 180 180 64
0 79 60 50 64
0 79 120 120 64
0 67 60 60 64
0 66 60 60 64
0 67 60 60 64
0 69 60 60 64
0 70 60 60 64
0 62 60 60 64
0 63 60 60 64
0 65 60 60 64
0 63 60 60 64
0 60 60 60 64
0 72 60 60 64
0 70 60 60 64
0 69 60 60 64
0 67 60 60 64
0 66 60 60 64
0 75 60 60 64
0 74 60 60 64
0 72 60 60 64
0 70 60 60 64
0 69 60 60 64
0 67 60 60 64
0 66 60 60 64
0 67 60 60 64
0 69 60 60 64
0 67 60 60 64
0 69 60 60 64
0 70 30 33 48
0 69 30 33 50
0 70 30 33 51
0 69 30 33 53
0 70 30 33 54
0 69 30 33 56
0 67 30 33 58
0 69 30 33 59
0 70 60 60 64
0 69 60 60 64
0 67 60 60 64
0 69 60 60 64
0 70 60 60 64
0 72 60 60 64
0 74 120 100 64
0 74 20 20 64
0 75 20 20 56
0 74 90 90 64
0 72 230 120 64
0 72 120 100 64
0 72 20 20 64
0 74 20 20 56
0 72 90 90 64
0 70 230 120 64
0 69 120 120 64
0 70 120 120 64
0 63 180 180 64
0 60 60 60 64
0 65 60 60 64
0 60 60 60 64
0 62 120 120 64
0 70 180 180 64
0 69 60 60 64
0 70 60 60 64
0 65 60 60 64
0 67 60 60 64
0 70 60 60 64
0 75 60 60 64
0 74 60 60 64
0 72 60 60 64
0 70 60 60 64
0 69 60 60 64
0 67 60 60 64
0 65 60 60 64
0 69 60 60 64
0 74 60 60 64
0 72 60 60 64
0 70 60 60 64
0 69 60 60 64
0 67 60 60 64
0 65 60 60 64
0 63 60 60 64
0 67 60 60 64
0 72 60 60 64
0 67 60 60 64
0 69 180 180 64
0 69 60 60 64
0 70 60 60 64
0 65 60 60 64
0 67 60 60 64
0 65 60 60 64
0 74 300 290 64
0 65 60 60 64
0 67 60 60 64
0 65 60 60 64
0 75 300 290 64
0 65 60 60 64
0 70 60 60 64
0 69 60 60 64
0 74 60 60 64
0 72 60 60 64
0 75 60 60 64
0 74 60 60 64
0 79 60 60 64
0 77 60 60 64
0 75 60 60 64
0 74 60 60 64
0 72 60 60 64
0 77 60 60 64
0 75 60 60 64
0 77 60 60 64
0 74 60 60 64
0 72 60 60 64
0 70 60 60 64
0 69 60 60 64
0 74 60 60 64
0 72 60 60 64
0 75 60 60 64
0 74 60 60 64
0 72 60 60 64
0 70 60 60 64
0 69 60 60 64
0 72 60 60 64
0 77 300 290 64
0 67 60 60 64
0 72 60 60 64
0 71 60 60 64
0 75 60 60 64
0 74 60 60 64
0 77 60 60 64
0 75 60 60 64
0 80 60 60 64
0 79 60 60 64
0 77 60 60 64
0 75 60 60 64
0 74 60 60 64
0 79 60 60 64
0 77 60 60 64
0 79 60 60 64
0 75 60 60 64
0 74 60 60 64
0 72 60 60 64
0 71 60 60 64
0 72 60 60 64
0 74 60 60 64
0 75 60 60 64
0 67 60 60 64
0 68 60 60 64
0 70 60 60 64
0 68 60 60 64
0 65 60 60 64
0 77 60 60 64
0 75 60 60 64
0 74 60 60 64
0 72 60 60 64
0 71 60 60 64
0 80 60 60 64
0 79 60 60 64
0 77 60 60 64
0 75 60 60 64
0 74 60 60 64
0 72 60 60 64
0 71 60 60 64
0 72 60 60 64
0 74 60 60 64
0 72 60 60 64
0 74 60 60 64
0 75 30 33 49
0 74 30 33 50
0 75 30 33 52
0 74 30 33 53
0 75 30 33 55
0 74 30 33 56
0 72 30 33 58
0 74 30 33 59
0 75 60 60 64
0 74 60 60 64
0 72 60 60 64
0 74 60 60 64
0 75 60 60 64
0 77 60 60 64
0 79 120 100 64
0 79 20 20 64
0 80 20 20 56
0 79 90 90 64
0 77 230 120 64
0 77 120 100 64
0 77 20 20 64
0 79 20 20 56
0 77 80 90 64
0 75 60 60 64
0 74 60 60 64
0 79 60 60 64
0 77 60 60 64
0 80 60 60 64
0 79 60 50 64
0 79 180 180 64
0 80 60 60 64
0 74 20 20 64
0 75 20 22 48
0 74 20 22 50
0 75 20 22 52
0 74 20 22 54
0 75 20 22 56
0 74 60 66 58
0 72 60 60 64
0 0 2040 0 0
1 60 60 60 64
1 59 60 60 64
1 60 60 60 64
1 62 60 60 64
1 63 60 60 64
1 55 60 60 64
1 56 60 60 64
1 58 60 60 64
1 56 60 60 64
1 53 60 60 64
1 65 60 60 64
1 63 60 60 64
1 62 60 60 64
1 60 60 60 64
1 59 60 60 64
1 68 60 60 64
1 67 60 60 64
1 65 60 60 64
1 63 60 60 64
1 62 60 60 64
1 60 60 60 64
1 59 60 60 64
1 60 60 60 64
1 62 60 60 64
1 60 60 60 64
1 62 60 60 64
1 63 30 33 49
1 62 30 33 50
1 63 30 33 52
1 62 30 33 53
1 63 30 33 55
1 62 30 33 56
1 60 30 33 58
1 62 30 33 59
1 63 60 60 64
1 62 60 60 64
1 60 60 60 64
1 62 60 60 64
1 63 60 60 64
1 65 60 60 64
1 67 120 100 64
1 67 20 20 64
1 68 20 20 56
1 67 90 90 64
1 65 230 120 64
1 65 120 100 64
1 65 20 20 64
1 67 20 20 56
1 65 90 90 64
1 63 230 120 64
1 62 120 120 64
1 63 120 120 64
1 56 180 180 64
1 53 60 60 64
1 58 60 60 64
1 53 60 60 64
1 55 120 120 64
1 63 180 180 64
1 62 60 60 64
1 63 60 60 64
1 58 60 60 64
1 60 60 60 64
1 63 60 60 64
1 68 60 60 64
1 67 60 60 64
1 65 60 60 64
1 63 60 60 64
1 62 60 60 64
1 60 60 60 64
1 58 60 60 64
1 62 60 60 64
1 67 60 60 64
1 65 60 60 64
1 63 60 60 64
1 62 60 60 64
1 60 60 60 64
1 58 60 60 64
1 56 60 60 64
1 60 60 60 64
1 65 60 60 64
1 63 60 60 64
1 62 30 30 64
1 63 30 30 56
1 62 120 110 64
1 62 60 60 64
1 63 60 60 64
1 58 60 60 64
1 60 60 60 64
1 58 60 60 64
1 67 300 290 64
1 58 60 60 64
1 60 60 60 64
1 58 60 60 64
1 68 300 290 64
1 58 60 60 64
1 63 60 60 64
1 62 60 60 64
1 67 60 60 64
1 65 60 60 64
1 68 60 60 64
1 67 60 60 64
1 72 60 60 64
1 70 60 60 64
1 68 60 60 64
1 67 60 60 64
1 65 60 60 64
1 70 60 60 64
1 68 60 60 64
1 70 60 60 64
1 67 120 120 64
1 51 60 60 64
1 53 60 60 64
1 55 60 60 64
1 57 60 60 64
1 58 60 60 64
1 50 60 60 64
1 51 60 60 64
1 53 60 60 64
1 51 60 60 64
1 48 60 60 64
1 60 60 60 64
1 58 60 60 64
1 57 60 60 64
1 55 60 60 64
1 54 60 60 64
1 63 60 60 64
1 62 60 60 64
1 60 60 60 64
1 58 60 60 64
1 57 60 60 64
1 55 60 60 64
1 54 60 60 64
1 55 60 60 64
1 57 60 60 64
1 55 60 60 64
1 57 60 60 64
1 58 30 33 48
1 57 30 33 50
1 58 30 33 51
1 57 30 33 53
1 58 30 33 55
1 57 30 33 56
1 55 30 33 58
1 57 30 33 59
1 58 60 60 64
1 57 60 60 64
1 55 60 60 64
1 57 60 60 64
1 58 60 60 64
1 60 60 60 64
1 62 120 120 64
1 62 120 120 64
1 60 240 120 64
1 60 120 100 64
1 60 20 20 64
1 62 20 20 56
1 60 90 90 64
1 58 230 120 64
1 57 120 120 64
1 58 120 120 64
1 51 180 180 64
1 48 60 60 64
1 53 60 60 64
1 48 60 60 64
1 50 120 120 64
1 58 180 180 64
1 57 60 60 64
1 58 60 60 64
1 53 60 60 64
1 55 60 60 64
1 58 60 60 64
1 63 60 60 64
1 62 60 60 64
1 60 60 60 64
1 58 60 60 64
1 57 60 60 64
1 55 60 60 64
1 53 60 60 64
1 57 60 60 64
1 62 60 60 64
1 60 60 60 64
1 58 60 60 64
1 57 60 60 64
1 55 60 60 64
1 53 60 60 64
1 51 60 60 64
1 55 60 60 64
1 60 60 60 64
1 55 60 60 64
1 57 30 30 64
1 58 30 30 64
1 57 120 120 64
1 57 60 60 64
1 58 60 60 64
1 53 60 60 64
1 55 60 60 64
1 53 60 60 64
1 62 300 290 64
1 53 60 60 64
1 55 60 60 64
1 53 60 60 64
1 63 300 290 64
1 53 60 60 64
1 58 60 60 64
1 57 60 60 64
1 62 60 60 64
1 60 60 60 64
1 63 60 60 64
1 62 60 60 64
1 67 60 60 64
1 65 60 60 64
1 63 60 60 64
1 62 60 60 64
1 60 60 60 64
1 65 60 60 64
1 63 60 60 64
1 65 60 60 64
1 62 120 60 64
1 63 120 60 64
1 58 60 60 64
1 62 60 60 64
1 60 60 60 64
1 62 60 60 64
1 55 60 60 64
1 57 60 60 64
1 58 60 60 64
1 60 60 60 64
1 57 60 60 64
1 58 60 60 64
1 60 60 60 64
1 62 60 60 64
1 58 60 60 64
1 60 60 60 64
1 62 60 60 64
1 63 60 60 64
1 65 60 60 64
1 63 60 60 64
1 67 60 60 64
1 65 60 60 64
1 63 60 60 64
1 62 60 60 64
1 60 60 60 64
1 63 60 60 64
1 57 300 290 64
1 50 60 60 64
1 55 60 60 64
1 54 60 60 64
1 58 60 60 64
1 57 60 60 64
1 60 60 60 64
1 58 60 60 64
1 63 60 60 64
1 62 60 60 64
1 60 60 60 64
1 58 60 60 64
1 57 60 60 64
1 62 60 60 64
1 60 60 60 64
1 62 60 60 64
1 59 60 60 64
1 65 60 60 64
1 63 60 60 64
1 62 60 60 64
1 60 60 60 64
1 58 60 60 64
1 56 60 60 64
1 55 60 60 64
1 53 60 60 64
1 51 60 60 64
1 50 60 60 64
1 48 60 60 64
1 55 120 120 64
1 43 120 120 64
1 48 180 180 64
1 50 60 60 64
1 51 60 60 64
1 53 60 60 64
1 55 120 100 64
1 55 20 20 64
1 56 20 20 56
1 55 90 90 64
1 53 230 120 64
1 53 120 100 64
1 53 20 20 64
1 55 20 20 56
1 53 80 90 64
1 51 180 180 64
1 53 60 60 64
1 51 60 60 64
1 50 60 60 64
1 48 60 60 64
1 46 60 60 64
1 44 60 60 64
1 43 60 60 64
1 41 60 60 64
1 39 60 60 64
1 41 60 60 64
1 43 60 60 64
1 36 120 120 64
1 48 60 60 64
1 47 60 60 64
1 48 60 60 64
1 50 60 60 64
1 51 60 60 64
1 43 60 60 64
1 44 60 60 64
1 46 60 60 64
1 44 60 60 64
1 41 60 60 64
1 53 60 60 64
1 51 60 60 64
1 50 60 60 64
1 48 60 60 64
1 47 60 60 64
1 56 60 60 64
1 55 60 60 64
1 53 60 60 64
1 51 60 60 64
1 50 60 60 64
1 48 60 60 64
1 47 60 60 64
1 48 60 60 64
1 43 60 60 64
1 44 60 60 64
1 41 60 60 64
1 43 120 120 64
1 43 120 120 64
