0 0 60 0 0
0 62 60 60 64
0 64 60 60 64
0 66 60 60 64
0 67 60 60 64
0 69 60 60 64
0 70 60 60 64
0 67 60 60 64
0 69 60 60 64
0 67 60 60 64
0 66 60 60 64
0 64 60 60 64
0 62 60 60 64
0 72 60 60 64
0 70 60 60 64
0 69 60 60 64
0 67 60 60 64
0 65 60 60 64
0 64 60 60 64
0 62 60 60 64
0 60 60 60 64
0 70 60 60 64
0 69 60 60 64
0 67 60 60 64
0 74 60 60 64
0 72 60 60 64
0 70 60 60 64
0 74 60 60 64
0 72 60 60 64
0 70 60 60 64
0 69 60 60 64
0 72 60 60 64
0 70 60 60 64
0 69 60 60 64
0 67 60 60 64
0 69 60 60 64
0 70 60 60 64
0 72 60 60 64
0 74 60 60 64
0 76 60 60 64
0 77 120 120 64
0 74 240 120 64
0 74 120 120 64
0 75 60 60 64
0 74 60 60 64
0 72 60 60 64
0 74 60 60 64
0 75 120 120 64
0 76 120 120 64
0 77 60 60 64
0 76 60 60 64
0 74 60 60 64
0 76 60 60 64
0 77 120 120 64
0 78 120 120 64
0 79 120 120 64
0 70 60 60 64
0 72 60 60 64
0 74 60 60 64
0 75 60 60 64
0 77 60 60 64
0 74 60 60 64
0 75 60 60 64
0 74 60 60 64
0 72 60 60 64
0 70 60 60 64
0 69 60 60 64
0 79 60 60 64
0 77 60 60 64
0 75 60 60 64
0 74 60 60 64
0 72 60 60 64
0 74 60 60 64
0 76 60 60 64
0 77 60 60 64
0 79 60 60 64
0 81 60 60 64
0 77 60 60 64
0 79 60 60 64
0 77 60 60 64
0 76 60 60 64
0 74 60 60 64
0 73 60 60 64
0 82 60 60 64
0 81 60 60 64
0 79 60 60 64
0 77 30 30 64
0 79 30 30 64
0 77 240 180 64
0 79 60 60 64
0 81 60 60 64
0 82 60 60 64
0 73 60 60 64
0 74 60 60 64
0 76 60 60 64
0 74 60 60 64
0 73 120 120 64
0 72 120 120 64
0 71 60 60 64
0 72 60 60 64
0 74 60 60 64
0 72 60 60 64
0 71 120 120 64
0 70 120 120 64
0 69 120 120 64
0 74 30 30 64
0 76 30 30 64
0 74 180 180 64
0 73 120 110 64
0 69 120 120 64
0 77 30 30 64
0 79 30 30 56
0 77 180 180 64
0 76 120 120 64
0 69 120 120 64
0 81 30 30 64
0 82 30 30 56
0 81 180 180 64
0 79 240 240 64
0 77 60 60 64
0 76 60 60 64
0 77 60 60 64
0 74 60 60 64
0 76 60 60 64
0 73 60 60 64
0 74 60 50 64
0 76 20 20 59
0 74 20 20 62
0 73 20 20 64
0 74 60 60 64
0 76 60 50 64
0 76 20 20 64
0 77 20 20 56
0 76 20 20 58
0 77 20 20 59
0 76 20 20 60
0 77 20 20 62
0 76 60 60 63
0 74 60 60 64
0 74 120 120 64
0 72 60 60 64
0 70 60 60 64
0 69 60 60 64
0 70 60 60 64
0 72 60 60 64
0 69 60 60 64
0 70 60 60 64
0 69 60 60 64
0 67 60 60 64
0 65 60 60 64
0 64 60 60 64
0 74 60 60 64
0 72 60 60 64
0 70 60 60 64
0 69 60 60 64
0 67 60 60 64
0 69 60 60 64
0 71 60 60 64
0 72 30 30 64
0 71 30 30 56
0 72 240 180 64
0 69 60 60 64
0 71 60 60 64
0 72 60 60 64
0 74 30 30 64
0 72 30 30 56
0 74 240 180 64
0 67 60 60 64
0 69 60 60 64
0 71 60 60 64
0 72 60 60 64
0 74 60 60 64
0 75 60 60 64
0 72 60 60 64
0 74 60 60 64
0 72 60 60 64
0 70 60 60 64
0 69 60 60 64
0 67 60 60 64
0 77 60 60 64
0 75 60 60 64
0 74 60 60 64
0 72 60 60 64
0 70 60 60 64
0 68 60 60 64
0 67 60 60 64
0 65 60 60 64
0 75 60 60 64
0 74 60 60 64
0 72 60 60 64
0 79 60 60 64
0 77 60 60 64
0 75 60 60 64
0 79 60 60 64
0 77 60 60 64
0 75 60 60 64
0 74 60 60 64
0 77 60 60 64
0 75 60 60 64
0 74 60 60 64
0 72 60 60 64
0 74 60 60 64
0 75 60 60 64
0 77 60 60 64
0 79 60 60 64
0 80 60 60 64
0 71 120 120 64
0 74 240 120 64
0 65 240 240 64
0 72 120 120 64
0 62 120 120 64
0 71 20 20 64
0 72 20 20 56
0 71 20 20 58
0 69 30 30 60
0 71 30 30 63
0 72 60 60 64
0 67 60 60 64
0 72 60 60 64
0 74 60 60 64
0 75 30 30 64
0 74 30 30 56
0 75 240 180 64
0 72 60 60 64
0 74 60 60 64
0 75 60 60 64
0 77 30 30 64
0 75 30 30 56
0 77 300 290 64
0 75 20 20 59
0 77 20 20 61
0 75 20 20 64
0 74 60 60 64
0 79 30 30 64
0 77 30 30 56
0 79 120 120 64
0 77 60 60 64
0 75 60 60 64
0 74 60 60 64
0 72 60 60 64
0 70 60 60 64
0 69 60 60 64
0 67 60 60 64
0 66 60 60 64
0 69 60 60 64
0 63 60 60 64
0 62 60 60 64
0 64 60 60 64
0 66 60 60 64
0 67 60 60 64
0 69 60 60 64
0 70 60 60 64
0 67 60 60 64
0 69 60 60 64
0 67 60 60 64
0 66 60 60 64
0 64 60 60 64
0 62 60 60 64
0 72 60 60 64
0 70 60 60 64
0 69 60 60 64
0 67 60 60 64
0 65 60 60 64
0 63 60 60 64
0 62 60 60 64
0 60 60 60 64
0 70 60 60 64
0 69 60 60 64
0 67 60 60 64
0 74 60 60 64
0 72 60 60 64
0 70 60 60 64
0 74 60 60 64
0 72 60 60 64
0 70 60 60 64
0 69 60 60 64
0 72 60 60 64
0 70 60 60 64
0 69 60 60 64
0 67 60 60 64
0 70 60 60 64
0 69 60 60 64
0 67 60 60 64
0 66 60 60 64
0 69 60 60 64
0 67 60 60 64
0 69 60 60 64
0 70 60 60 64
0 72 60 60 64
0 74 60 60 64
0 76 60 60 64
0 78 60 60 64
0 79 60 60 64
0 81 60 60 64
0 78 60 60 64
0 79 60 60 64
0 81 60 60 64
0 74 300 240 64
0 72 60 60 64
0 75 60 60 64
0 74 60 60 64
0 72 60 60 64
0 70 60 60 64
0 69 60 60 64
0 72 60 60 64
0 66 60 60 64
0 69 60 60 64
0 70 60 60 64
0 69 60 60 64
0 67 60 60 64
0 65 60 60 64
0 63 60 60 64
0 67 60 60 64
0 61 60 60 64
0 67 60 60 64
0 69 60 60 64
0 70 60 60 64
0 62 60 60 64
0 69 60 60 64
0 67 60 60 64
0 66 60 60 64
1 43 360 240 64
1 55 120 120 64
1 54 60 60 64
1 55 60 60 64
1 57 60 60 64
1 55 60 60 64
1 54 120 120 64
1 53 120 120 64
1 52 60 60 64
1 53 60 60 64
1 55 60 60 64
1 53 60 60 64
1 52 120 120 64
1 51 120 120 64
1 50 120 120 64
1 55 30 30 64
1 57 30 30 56
1 55 180 180 64
1 54 120 120 64
1 55 60 60 64
1 50 60 60 64
1 52 60 60 64
1 54 60 60 64
1 55 60 60 64
1 57 60 60 64
1 58 60 60 64
1 55 60 60 64
1 57 60 60 64
1 55 60 60 64
1 53 60 60 64
1 52 60 60 64
1 50 60 60 64
1 60 60 60 64
1 58 60 60 64
1 57 60 60 64
1 55 60 60 64
1 53 60 60 64
1 51 60 60 64
1 50 60 60 64
1 48 60 60 64
1 58 60 60 64
1 57 60 60 64
1 55 60 60 64
1 62 60 60 64
1 60 60 60 64
1 58 60 60 64
1 62 60 60 64
1 60 60 60 64
1 58 60 60 64
1 57 60 60 64
1 60 60 60 64
1 58 60 60 64
1 57 60 60 64
1 55 60 60 64
1 57 60 60 64
1 58 60 60 64
1 60 60 60 64
1 62 60 60 64
1 58 60 60 64
1 60 120 120 64
1 51 120 120 64
1 53 120 120 64
1 41 120 120 64
1 46 120 120 64
1 58 120 120 64
1 57 120 120 64
1 62 120 120 64
1 58 120 120 64
1 55 120 120 64
1 57 30 30 64
1 55 30 30 56
1 57 60 60 64
1 45 120 120 64
1 38 60 60 64
1 45 60 60 64
1 47 60 60 64
1 49 60 60 64
1 50 60 60 64
1 52 60 60 64
1 53 60 60 64
1 50 60 60 64
1 52 60 60 64
1 50 60 60 64
1 49 60 60 64
1 47 60 60 64
1 45 60 60 64
1 55 60 60 64
1 53 60 60 64
1 52 60 60 64
1 50 60 60 64
1 48 60 60 64
1 47 60 60 64
1 45 60 60 64
1 43 60 60 64
1 53 60 60 64
1 52 60 60 64
1 50 60 60 64
1 57 60 60 64
1 55 60 60 64
1 53 60 60 64
1 57 60 60 64
1 55 60 60 64
1 53 60 60 64
1 52 60 60 64
1 55 60 60 64
1 53 60 60 64
1 52 60 60 64
1 50 60 60 64
1 53 60 60 64
1 52 60 60 64
1 50 60 60 64
1 49 60 60 64
1 52 60 60 64
1 50 60 60 64
1 52 60 60 64
1 53 60 60 64
1 50 60 60 64
1 55 60 60 64
1 57 60 60 64
1 58 60 60 64
1 55 60 60 64
1 61 60 60 64
1 57 60 60 64
1 59 60 60 64
1 61 60 60 64
1 62 60 60 64
1 53 60 60 64
1 55 60 60 64
1 57 60 60 64
1 58 60 60 64
1 52 60 60 64
1 53 60 60 64
1 55 60 60 64
1 57 120 120 64
1 45 120 120 64
1 50 300 240 64
1 50 60 60 64
1 52 60 60 64
1 53 60 60 64
1 55 60 60 64
1 57 60 60 64
1 58 60 60 64
1 55 60 60 64
1 60 30 30 64
1 58 30 30 56
1 60 60 60 64
1 48 120 120 64
1 53 120 120 64
1 51 60 60 64
1 50 60 60 64
1 51 60 60 64
1 53 60 60 64
1 55 60 60 64
1 51 60 60 64
1 53 60 60 64
1 51 60 60 64
1 50 60 60 64
1 48 60 60 64
1 47 60 60 64
1 56 60 60 64
1 55 60 60 64
1 53 60 60 64
1 51 60 60 64
1 50 60 60 64
1 48 60 60 64
1 50 60 60 64
1 51 60 60 64
1 53 60 60 64
1 55 60 60 64
1 56 60 60 64
1 47 120 120 64
1 43 240 120 64
1 43 120 120 64
1 44 60 60 64
1 43 60 60 64
1 41 60 60 64
1 43 60 60 64
1 44 120 120 64
1 45 120 120 64
1 46 60 60 64
1 45 60 60 64
1 43 60 60 64
1 45 60 60 64
1 46 120 120 64
1 47 120 120 64
1 48 60 60 64
1 43 60 60 64
1 45 60 60 64
1 47 60 60 64
1 48 60 60 64
1 50 60 60 64
1 51 60 60 64
1 48 60 60 64
1 50 60 60 64
1 48 60 60 64
1 47 60 60 64
1 45 60 60 64
1 43 60 60 64
1 53 60 60 64
1 51 60 60 64
1 50 60 60 64
1 48 60 60 64
1 46 60 60 64
1 44 60 60 64
1 43 60 60 64
1 41 60 60 64
1 39 60 60 64
1 41 60 60 64
1 43 60 60 64
1 36 60 60 64
1 50 60 60 64
1 51 60 60 64
1 53 60 60 64
1 55 60 60 64
1 56 60 60 64
1 58 60 60 64
1 55 60 60 64
1 56 60 60 64
1 55 60 60 64
1 53 60 60 64
1 51 60 60 64
1 50 60 60 64
1 60 60 60 64
1 58 60 60 64
1 57 60 60 64
1 55 60 60 64
1 53 60 60 64
1 55 60 60 64
1 57 60 60 64
1 58 60 60 64
1 60 60 60 64
1 62 60 60 64
1 58 60 60 64
1 60 60 60 64
1 58 60 60 64
1 57 60 60 64
1 55 60 60 64
1 54 60 60 64
1 63 60 60 64
1 62 60 60 64
1 60 60 60 64
1 58 300 240 64
1 60 60 60 64
1 62 60 60 64
1 63 60 60 64
1 54 60 60 64
1 55 60 60 64
1 57 60 60 64
1 55 60 60 64
1 54 120 120 64
1 53 120 120 64
1 52 60 60 64
1 53 60 60 64
1 55 60 60 64
1 53 60 60 64
1 52 120 120 64
1 51 120 120 64
1 50 120 120 64
1 55 30 30 64
1 57 30 30 56
1 55 180 180 64
1 54 120 120 64
1 50 120 120 64
1 58 30 30 64
1 60 30 30 56
1 58 180 180 64
1 57 120 120 64
1 50 120 120 64
1 62 30 30 64
1 63 30 30 56
1 62 180 180 64
1 60 180 180 64
1 63 60 60 64
1 62 60 60 64
1 60 60 60 64
1 58 60 60 64
1 57 60 60 64
1 55 60 60 64
1 58 60 60 64
1 51 300 290 64
1 50 60 60 64
1 48 60 60 64
1 51 60 60 64
1 45 120 120 64
1 50 30 30 64
1 51 30 30 56
1 50 180 180 64
1 48 120 120 64
1 46 120 120 64
1 45 60 60 64
1 43 60 60 64
1 50 30 30 64
1 48 30 30 56
1 50 60 60 64
1 38 120 120 64
