0 0 120 0 0
0 63 60 60 64
0 62 60 60 64
0 63 120 120 64
0 65 120 120 64
0 67 30 30 64
0 65 30 30 56
0 67 180 180 64
0 68 360 240 64
0 65 60 60 64
0 63 60 60 64
0 65 120 120 64
0 67 120 120 64
0 68 30 30 64
0 67 30 30 56
0 68 180 180 64
0 70 240 240 64
0 67 120 120 64
0 72 120 120 64
0 70 30 30 64
0 72 30 30 56
0 70 60 60 64
0 68 120 120 64
0 67 60 60 64
0 68 60 60 64
0 70 60 60 64
0 68 60 60 64
0 67 120 120 64
0 65 120 120 64
0 63 120 120 64
0 67 120 120 64
0 70 120 120 64
0 75 180 180 64
0 72 60 60 64
0 74 60 60 64
0 75 60 60 64
0 77 120 120 64
0 75 120 120 64
0 74 60 60 64
0 75 60 60 64
0 74 60 60 64
0 72 60 60 64
0 74 60 60 64
0 75 60 60 64
0 72 60 60 64
0 74 60 60 64
0 70 60 60 64
0 82 60 60 64
0 81 60 60 64
0 82 60 60 64
0 79 60 60 64
0 81 60 60 64
0 77 60 60 64
0 79 60 60 64
0 75 60 60 64
0 79 60 60 64
0 77 60 60 64
0 79 60 60 64
0 75 60 60 64
0 77 60 60 64
0 74 60 60 64
0 75 60 60 64
0 72 60 60 64
0 82 60 60 64
0 81 60 60 64
0 79 60 60 64
0 81 60 60 64
0 82 60 60 64
0 79 60 60 64
0 81 60 60 64
0 70 60 60 64
0 82 60 60 64
0 81 60 60 64
0 79 60 60 64
0 81 60 60 64
0 82 60 60 64
0 79 60 60 64
0 81 60 60 64
0 77 60 60 64
0 82 60 60 64
0 80 60 60 64
0 79 60 60 64
0 77 60 60 64
0 79 60 60 64
0 75 60 60 64
0 77 60 60 64
0 74 60 60 64
0 79 60 60 64
0 77 60 60 64
0 75 60 60 64
0 74 60 60 64
0 75 60 60 64
0 72 60 60 64
0 74 60 60 64
0 65 60 60 64
0 75 60 60 64
0 74 60 60 64
0 72 60 60 64
0 74 60 60 64
0 75 60 60 64
0 72 60 60 64
0 74 60 60 64
0 75 120 120 64
0 70 60 60 64
0 68 60 60 64
0 70 120 120 64
0 72 120 120 64
0 73 30 30 64
0 72 30 30 56
0 73 180 180 64
0 75 360 240 64
0 72 60 60 64
0 70 60 60 64
0 72 120 120 64
0 74 120 120 64
0 75 30 30 64
0 74 30 30 56
0 75 180 180 64
0 77 360 240 64
0 74 60 60 64
0 72 60 60 64
0 74 120 120 64
0 75 120 120 64
0 77 30 30 64
0 75 30 30 56
0 77 180 180 64
0 79 240 240 64
0 75 60 60 64
0 77 60 60 64
0 75 60 60 64
0 74 60 60 64
0 75 60 60 64
0 77 60 60 64
0 74 60 60 64
0 75 60 60 64
0 72 60 60 64
0 84 60 60 64
0 82 60 60 64
0 84 60 60 64
0 80 60 60 64
0 82 60 60 64
0 79 60 60 64
0 80 60 60 64
0 77 60 60 64
0 80 60 60 64
0 79 60 60 64
0 80 60 60 64
0 77 60 60 64
0 79 60 60 64
0 75 60 60 64
0 77 60 60 64
0 74 60 60 64
0 84 60 60 64
0 83 60 60 64
0 81 60 60 64
0 83 60 60 64
0 84 60 60 64
0 81 60 60 64
0 83 60 60 64
0 72 60 60 64
0 84 60 60 64
0 82 60 60 64
0 80 60 60 64
0 82 60 60 64
0 84 60 60 64
0 80 60 60 64
0 82 60 60 64
0 79 60 60 64
0 84 60 60 64
0 82 60 60 64
0 80 60 60 64
0 79 60 60 64
0 80 60 60 64
0 77 60 60 64
0 79 60 60 64
0 76 60 60 64
0 80 60 60 64
0 79 60 60 64
0 77 60 60 64
0 76 60 60 64
0 77 60 60 64
0 74 60 60 64
0 76 60 60 64
0 67 60 60 64
0 77 60 60 64
0 76 60 60 64
0 74 60 60 64
0 76 60 60 64
0 77 60 60 64
0 74 60 60 64
0 76 60 60 64
0 77 120 120 64
0 65 60 60 64
0 64 60 60 64
0 65 120 120 64
0 67 120 120 64
0 68 30 30 64
0 67 30 30 56
0 68 180 180 64
0 70 360 240 64
0 67 60 60 64
0 65 60 60 64
0 67 120 120 64
0 68 120 120 64
0 70 30 30 64
0 68 30 30 56
0 70 180 180 64
0 72 240 240 64
0 68 120 120 64
0 73 120 120 64
0 72 30 30 64
0 73 30 30 56
0 72 60 60 64
0 70 120 120 64
0 69 60 60 64
0 70 60 60 64
0 72 60 60 64
0 70 60 60 64
0 69 120 120 64
0 67 120 120 64
0 65 120 120 64
0 69 120 120 64
0 72 120 120 64
0 75 180 180 64
0 72 60 60 64
0 73 60 60 64
0 75 60 60 64
0 77 120 120 64
0 75 120 120 64
0 73 60 60 64
0 75 60 60 64
0 73 60 60 64
0 72 60 60 64
0 73 60 60 64
0 75 60 60 64
0 72 60 60 64
0 73 60 60 64
0 70 60 60 64
0 80 60 60 64
0 79 60 60 64
0 77 60 60 64
0 79 60 60 64
0 80 60 60 64
0 77 60 60 64
0 79 60 60 64
0 80 60 60 64
0 73 60 60 64
0 72 60 60 64
0 70 60 60 64
0 72 60 60 64
0 73 60 60 64
0 70 60 60 64
0 72 60 60 64
0 68 60 60 64
0 79 60 60 64
0 77 60 60 64
0 76 60 60 64
0 77 60 60 64
0 79 60 60 64
0 76 60 60 64
0 77 60 60 64
0 79 60 60 64
0 72 60 60 64
0 70 60 60 64
0 68 60 60 64
0 70 60 60 64
0 72 60 60 64
0 68 60 60 64
0 70 60 60 64
0 67 60 60 64
0 77 60 60 64
0 76 60 60 64
0 74 60 60 64
0 76 60 60 64
0 77 60 60 64
0 74 60 60 64
0 76 60 60 64
0 77 120 120 64
0 68 60 60 64
0 67 60 60 64
0 68 120 120 64
0 70 120 120 64
0 72 30 30 64
0 70 30 30 56
0 72 180 180 64
0 73 360 240 64
0 70 60 60 64
0 68 60 60 64
0 70 120 120 64
0 72 120 120 64
0 73 30 30 64
0 72 30 30 56
0 73 180 180 64
0 75 240 240 64
0 72 60 60 64
0 80 60 60 64
0 79 60 60 64
0 80 60 60 64
0 77 60 60 64
0 79 60 60 64
0 75 60 60 64
0 77 60 60 64
0 73 60 60 64
0 82 60 60 64
0 80 60 60 64
0 82 60 60 64
0 72 60 60 64
0 73 60 60 64
0 70 60 60 64
0 72 60 60 64
0 68 60 60 64
0 72 60 60 64
0 70 60 60 64
0 72 60 60 64
0 68 60 60 64
0 70 60 60 64
0 67 60 60 64
0 68 60 60 64
0 65 60 60 64
0 75 60 60 64
0 74 60 60 64
0 72 60 60 64
0 74 60 60 64
0 75 60 60 64
0 72 60 60 64
0 74 60 60 64
0 75 120 120 64
0 63 60 60 64
0 62 60 60 64
0 63 120 120 64
0 65 120 120 64
0 67 30 30 64
0 65 30 30 56
0 67 180 180 64
0 68 360 240 64
0 65 60 60 64
0 63 60 60 64
0 65 120 120 64
0 67 120 120 64
0 68 30 30 64
0 67 30 30 56
0 68 180 180 64
0 70 240 240 64
0 67 120 120 64
0 72 120 120 64
0 70 30 30 64
0 72 30 30 56
0 70 60 60 64
0 68 120 120 64
0 67 60 60 64
0 68 60 60 64
0 70 60 60 64
0 68 60 60 64
0 67 120 120 64
0 65 120 120 64
0 63 120 120 64
0 77 120 120 64
0 75 30 30 64
0 77 30 30 56
0 75 60 60 64
0 73 120 120 64
0 72 60 60 64
0 73 60 60 64
0 75 60 60 64
0 73 60 60 64
0 72 120 120 64
0 70 120 120 64
0 68 120 120 64
0 72 120 120 64
0 75 120 120 64
0 80 180 180 64
0 77 60 60 64
0 79 60 60 64
0 80 60 60 64
0 82 120 120 64
0 80 120 120 64
0 80 60 60 64
0 79 90 90 64
0 77 30 30 64
0 75 30 33 48
0 77 30 33 49
0 75 30 33 51
0 77 30 33 52
0 79 30 33 53
0 77 30 33 54
0 79 30 33 55
0 77 30 33 57
0 75 30 33 58
0 77 30 33 59
1 51 30 30 64
1 50 30 30 56
1 51 180 180 64
1 39 300 240 64
1 63 60 60 64
1 62 60 60 64
1 63 60 60 64
1 60 60 60 64
1 62 60 60 64
1 58 60 60 64
1 60 60 60 64
1 56 60 60 64
1 60 60 60 64
1 58 60 60 64
1 60 60 60 64
1 56 60 60 64
1 58 60 60 64
1 55 60 60 64
1 56 60 60 64
1 53 60 60 64
1 63 60 60 64
1 62 60 60 64
1 60 60 60 64
1 62 60 60 64
1 63 60 60 64
1 60 60 60 64
1 62 60 60 64
1 51 60 60 64
1 63 60 60 64
1 62 60 60 64
1 60 60 60 64
1 62 60 60 64
1 63 60 60 64
1 60 60 60 64
1 62 60 60 64
1 58 60 60 64
1 63 60 60 64
1 62 60 60 64
1 60 60 60 64
1 58 60 60 64
1 60 60 60 64
1 56 60 60 64
1 58 60 60 64
1 55 60 60 64
1 60 60 60 64
1 58 60 60 64
1 56 60 60 64
1 55 60 60 64
1 56 60 60 64
1 53 60 60 64
1 55 60 60 64
1 48 60 60 64
1 58 60 60 64
1 57 60 60 64
1 55 60 60 64
1 57 60 60 64
1 58 60 60 64
1 55 60 60 64
1 57 60 60 64
1 58 120 120 64
1 46 60 60 64
1 45 60 60 64
1 46 120 120 64
1 48 120 120 64
1 50 30 30 64
1 48 30 30 56
1 50 180 180 64
1 51 360 240 64
1 48 60 60 64
1 46 60 60 64
1 48 120 120 64
1 50 120 120 64
1 51 30 30 64
1 50 30 30 56
1 51 180 180 64
1 53 240 240 64
1 50 120 120 64
1 53 120 120 64
1 53 30 30 64
1 55 30 30 56
1 53 60 60 64
1 51 120 120 64
1 50 60 60 64
1 51 60 60 64
1 53 60 60 64
1 51 60 60 64
1 50 120 120 64
1 48 120 120 64
1 46 120 120 64
1 50 120 120 64
1 53 120 120 64
1 56 180 180 64
1 53 60 60 64
1 55 60 60 64
1 56 60 60 64
1 58 120 120 64
1 56 120 120 64
1 55 60 60 64
1 56 60 60 64
1 55 60 60 64
1 53 60 60 64
1 55 60 60 64
1 56 60 60 64
1 53 60 60 64
1 55 60 60 64
1 51 60 60 64
1 63 60 60 64
1 61 60 60 64
1 63 60 60 64
1 60 60 60 64
1 61 60 60 64
1 58 60 60 64
1 60 60 60 64
1 56 60 60 64
1 58 60 60 64
1 56 60 60 64
1 55 60 60 64
1 56 60 60 64
1 58 60 60 64
1 55 60 60 64
1 56 60 60 64
1 53 60 60 64
1 65 60 60 64
1 63 60 60 64
1 65 60 60 64
1 62 60 60 64
1 63 60 60 64
1 60 60 60 64
1 62 60 60 64
1 58 60 60 64
1 60 60 60 64
1 58 60 60 64
1 57 60 60 64
1 58 60 60 64
1 60 60 60 64
1 56 60 60 64
1 58 60 60 64
1 55 60 60 64
1 56 60 60 64
1 53 60 60 64
1 55 60 60 64
1 51 60 60 64
1 53 60 60 64
1 50 60 60 64
1 51 60 60 64
1 48 120 120 64
1 48 60 60 64
1 47 60 60 64
1 48 120 120 64
1 50 120 120 64
1 51 30 30 64
1 50 30 30 56
1 51 180 180 64
1 53 360 240 64
1 50 60 60 64
1 48 60 60 64
1 50 120 120 64
1 51 120 120 64
1 53 30 30 64
1 51 30 30 56
1 53 180 180 64
1 55 240 240 64
1 51 120 120 64
1 56 120 120 64
1 55 30 30 64
1 56 30 30 56
1 55 60 60 64
1 53 120 120 64
1 52 60 60 64
1 53 60 60 64
1 55 60 60 64
1 53 60 60 64
1 52 120 120 64
1 50 120 120 64
1 48 120 120 64
1 52 120 120 64
1 55 120 120 64
1 58 180 180 64
1 55 60 60 64
1 56 60 60 64
1 58 60 60 64
1 60 120 120 64
1 58 120 120 64
1 56 60 60 64
1 58 60 60 64
1 56 60 60 64
1 55 60 60 64
1 56 60 60 64
1 58 60 60 64
1 55 60 60 64
1 56 60 60 64
1 53 60 60 64
1 65 60 60 64
1 63 60 60 64
1 65 60 60 64
1 61 60 60 64
1 63 60 60 64
1 60 60 60 64
1 61 60 60 64
1 58 60 60 64
1 61 60 60 64
1 60 60 60 64
1 61 60 60 64
1 58 60 60 64
1 60 60 60 64
1 56 60 60 64
1 58 60 60 64
1 55 60 60 64
1 65 60 60 64
1 64 60 60 64
1 62 60 60 64
1 64 60 60 64
1 65 60 60 64
1 62 60 60 64
1 64 60 60 64
1 53 60 60 64
1 65 60 60 64
1 63 60 60 64
1 61 60 60 64
1 63 60 60 64
1 65 60 60 64
1 61 60 60 64
1 63 60 60 64
1 60 60 60 64
1 65 60 60 64
1 63 60 60 64
1 61 60 60 64
1 60 60 60 64
1 61 60 60 64
1 58 60 60 64
1 60 60 60 64
1 57 60 60 64
1 61 60 60 64
1 60 60 60 64
1 58 60 60 64
1 57 60 60 64
1 58 60 60 64
1 55 60 60 64
1 57 60 60 64
1 48 60 60 64
1 58 60 60 64
1 57 60 60 64
1 55 60 60 64
1 57 60 60 64
1 58 60 60 64
1 55 60 60 64
1 57 60 60 64
1 58 120 120 64
1 46 60 60 64
1 45 60 60 64
1 46 120 120 64
1 48 120 120 64
1 49 30 30 64
1 48 30 30 56
1 49 180 180 64
1 51 360 240 64
1 44 60 60 64
1 43 60 60 64
1 44 120 120 64
1 46 120 120 64
1 48 30 30 64
1 46 30 30 56
1 48 180 180 64
1 49 360 240 64
1 43 60 60 64
1 41 60 60 64
1 43 120 120 64
1 44 120 120 64
1 46 30 30 64
1 44 30 30 56
1 46 180 180 64
1 48 240 240 64
1 41 60 60 64
1 60 60 60 64
1 58 60 60 64
1 60 60 60 64
1 56 60 60 64
1 58 60 60 64
1 55 60 60 64
1 56 60 60 64
1 53 60 60 64
1 56 60 60 64
1 55 60 60 64
1 56 60 60 64
1 53 60 60 64
1 55 60 60 64
1 51 60 60 64
1 53 60 60 64
1 49 60 60 64
1 53 60 60 64
1 51 60 60 64
1 53 60 60 64
1 49 60 60 64
1 51 60 60 64
1 48 60 60 64
1 49 60 60 64
1 46 60 60 64
1 56 60 60 64
1 55 60 60 64
1 53 60 60 64
1 55 60 60 64
1 56 60 60 64
1 53 60 60 64
1 55 60 60 64
1 56 120 120 64
1 51 60 60 64
1 50 60 60 64
1 51 120 120 64
1 53 120 120 64
1 55 30 30 64
1 53 30 30 56
1 55 180 180 64
1 56 360 240 64
1 53 60 60 64
1 51 60 60 64
1 53 120 120 64
1 55 120 120 64
1 56 30 30 64
1 55 30 30 56
1 56 180 180 64
1 58 240 240 64
1 55 60 60 64
1 56 60 60 64
1 55 60 60 64
1 53 60 60 64
1 55 60 60 64
1 56 60 60 64
1 53 60 60 64
1 55 60 60 64
1 51 60 60 64
1 63 60 60 64
1 62 60 60 64
1 63 60 60 64
1 60 60 60 64
1 62 60 60 64
1 58 60 60 64
1 60 60 60 64
1 56 60 60 64
1 60 60 60 64
1 58 60 60 64
1 60 60 60 64
1 56 60 60 64
1 58 60 60 64
1 55 60 60 64
1 56 60 60 64
1 53 60 60 64
1 63 60 60 64
1 62 60 60 64
1 60 60 60 64
1 62 60 60 64
1 63 60 60 64
1 60 60 60 64
1 62 60 60 64
1 51 60 60 64
1 63 60 60 64
1 62 60 60 64
1 60 60 60 64
1 62 60 60 64
1 63 60 60 64
1 60 60 60 64
1 62 60 60 64
1 58 60 60 64
1 63 60 60 64
1 62 60 60 64
1 60 60 60 64
1 58 60 60 64
1 60 60 60 64
1 56 60 60 64
1 58 60 60 64
1 55 60 60 64
1 60 60 60 64
1 58 60 60 64
1 56 60 60 64
1 55 60 60 64
1 56 60 60 64
1 53 60 60 64
1 55 60 60 64
1 51 60 60 64
1 56 60 60 64
1 55 60 60 64
1 53 60 60 64
1 51 60 60 64
1 53 60 60 64
1 49 60 60 64
1 51 60 60 64
1 48 60 60 64
1 53 60 60 64
1 51 60 60 64
1 49 60 60 64
1 48 60 60 64
1 49 60 60 64
1 46 60 60 64
1 48 60 60 64
1 41 60 60 64
1 51 60 60 64
1 50 60 60 64
1 48 60 60 64
1 50 60 60 64
1 51 60 60 64
1 48 60 60 64
1 50 60 60 64
1 51 120 120 64
1 43 120 120 64
1 44 120 120 64
1 46 120 120 64
