0 62 60 60 64
0 64 60 60 64
0 65 60 60 64
0 67 60 60 64
0 69 60 60 64
0 70 60 60 64
0 61 60 60 64
0 70 60 60 64
0 69 60 60 64
0 67 60 60 64
0 65 60 60 64
0 64 60 60 64
0 65 120 120 64
0 69 120 120 64
0 74 120 120 64
0 67 120 120 64
0 70 120 120 64
0 76 120 120 64
0 74 60 60 64
0 76 60 60 64
0 77 60 60 64
0 79 60 60 64
0 81 60 60 64
0 82 60 60 64
0 73 60 60 64
0 82 60 60 64
0 81 60 60 64
0 79 60 60 64
0 77 60 60 64
0 76 60 60 64
0 77 60 60 64
0 74 60 60 64
0 76 60 60 64
0 77 60 60 64
0 79 60 60 64
0 81 60 60 64
0 70 60 60 64
0 81 60 60 64
0 79 60 60 64
0 77 60 60 64
0 76 60 60 64
0 74 60 60 64
0 76 60 60 64
0 72 60 60 64
0 74 60 60 64
0 76 60 60 64
0 77 60 60 64
0 79 60 60 64
0 69 60 60 64
0 79 60 60 64
0 77 60 60 64
0 76 60 60 64
0 74 60 60 64
0 72 60 60 64
0 74 60 60 64
0 76 60 60 64
0 77 60 60 64
0 74 60 60 64
0 76 60 60 64
0 77 60 60 64
0 67 360 120 64
0 72 60 60 64
0 74 60 60 64
0 76 60 60 64
0 72 60 60 64
0 74 60 60 64
0 76 60 60 64
0 65 240 120 64
0 70 240 240 64
0 69 120 120 64
0 67 120 120 64
0 72 60 60 64
0 70 60 60 64
0 69 60 60 64
0 67 60 60 64
0 65 60 60 64
0 64 60 60 64
0 65 60 60 64
0 67 60 60 64
0 67 30 30 64
0 69 30 30 64
0 67 120 120 64
0 65 60 60 64
0 65 120 120 64
0 72 120 120 64
0 72 120 120 64
0 72 30 30 64
0 74 30 33 64
0 72 30 33 48
0 74 30 33 48
0 72 30 33 48
0 74 30 33 49
0 72 30 33 49
0 74 30 33 49
0 72 30 33 50
0 74 30 33 50
0 72 30 33 51
0 74 30 33 51
0 72 30 33 51
0 74 30 33 52
0 72 30 33 52
0 74 30 33 52
0 72 30 33 53
0 74 30 33 53
0 72 30 33 53
0 74 30 33 54
0 72 30 33 54
0 74 30 33 54
0 72 30 33 55
0 74 30 33 55
0 72 30 33 55
0 74 30 33 56
0 72 30 33 56
0 74 30 33 57
0 72 30 33 57
0 74 30 33 57
0 72 30 33 58
0 74 30 33 58
0 72 30 33 58
0 74 30 33 59
0 72 30 33 59
0 74 30 33 59
0 72 60 60 64
0 70 60 60 64
0 69 60 60 64
0 67 60 60 64
0 65 60 60 64
0 64 60 60 64
0 72 60 60 64
0 62 60 60 64
0 64 60 60 64
0 66 60 60 64
0 67 60 60 64
0 69 60 60 64
0 70 60 60 64
0 69 60 60 64
0 67 60 60 64
0 65 60 60 64
0 64 60 60 64
0 62 60 60 64
0 70 60 60 64
0 60 60 60 64
0 62 60 60 64
0 64 60 60 64
0 65 60 60 64
0 67 60 60 64
0 69 60 60 64
0 71 60 60 64
0 72 60 60 64
0 74 60 60 64
0 76 60 60 64
0 77 60 60 64
0 68 60 60 64
0 77 60 60 64
0 76 60 60 64
0 74 60 60 64
0 72 60 60 64
0 71 60 60 64
0 72 60 60 64
0 71 60 60 64
0 74 60 60 64
0 72 60 60 64
0 71 60 60 64
0 69 60 60 64
0 68 60 60 64
0 69 60 60 64
0 68 60 60 64
0 66 60 60 64
0 64 60 60 64
0 62 60 60 64
0 60 60 60 64
0 62 60 60 64
0 64 60 60 64
0 66 60 60 64
0 68 60 60 64
0 69 60 60 64
0 62 60 60 64
0 72 60 60 64
0 71 60 60 64
0 69 60 60 64
0 68 60 60 64
0 66 60 60 64
0 64 60 60 64
0 66 60 60 64
0 68 60 60 64
0 69 60 60 64
0 71 60 60 64
0 72 60 60 64
0 66 60 60 64
0 76 60 60 64
0 74 60 60 64
0 72 60 60 64
0 71 60 60 64
0 69 60 60 64
0 68 60 60 64
0 69 60 60 64
0 71 60 60 64
0 72 60 60 64
0 74 60 60 64
0 76 60 60 64
0 69 60 60 64
0 77 60 60 64
0 76 60 60 64
0 74 60 60 64
0 72 60 60 64
0 71 60 60 64
0 81 60 60 64
0 80 60 60 64
0 78 60 60 64
0 76 60 60 64
0 81 180 180 64
0 74 60 60 64
0 71 30 30 64
0 72 30 30 64
0 71 120 120 64
0 69 60 60 64
0 69 180 180 64
0 69 60 60 64
0 70 60 60 64
0 72 60 60 64
0 62 120 120 64
0 66 120 120 64
0 69 120 120 64
0 70 60 60 64
0 67 60 60 64
0 69 60 60 64
0 70 60 60 64
0 72 60 60 64
0 74 60 60 64
0 64 60 60 64
0 74 60 60 64
0 72 60 60 64
0 70 60 60 64
0 69 60 60 64
0 67 60 60 64
0 69 120 120 64
0 77 60 60 64
0 76 60 60 64
0 77 120 120 64
0 67 120 120 64
0 76 240 120 64
0 74 60 60 64
0 76 60 60 64
0 77 60 60 64
0 79 60 60 64
0 81 60 60 64
0 82 60 60 64
0 73 60 60 64
0 82 60 60 64
0 81 60 60 64
0 79 60 60 64
0 77 60 60 64
0 76 60 60 64
0 77 120 120 64
0 74 120 120 64
0 67 180 180 64
0 74 60 60 64
0 73 60 60 64
0 76 60 60 64
0 69 60 60 64
0 73 60 60 64
0 74 60 60 64
0 71 60 60 64
0 73 180 180 64
0 74 60 60 64
0 74 60 60 64
0 72 60 60 64
0 70 60 60 64
0 69 60 60 64
0 67 60 60 64
0 65 60 60 64
0 70 60 60 64
0 61 60 60 64
0 62 60 60 64
0 64 60 60 64
0 65 60 60 64
0 67 60 60 64
0 69 60 60 64
0 74 60 60 64
0 65 120 120 64
0 64 60 60 64
0 62 60 60 64
0 0 720 0 0
1 50 60 60 64
1 52 60 60 64
1 53 60 60 64
1 55 60 60 64
1 57 60 60 64
1 58 60 60 64
1 49 60 60 64
1 58 60 60 64
1 57 60 60 64
1 55 60 60 64
1 53 60 60 64
1 52 60 60 64
1 53 120 120 64
1 57 120 120 64
1 62 120 120 64
1 52 120 120 64
1 55 120 120 64
1 61 120 120 64
1 50 120 120 64
1 62 120 120 64
1 53 120 120 64
1 55 120 120 64
1 57 120 120 64
1 58 120 120 64
1 48 120 120 64
1 60 120 120 64
1 52 120 120 64
1 53 120 120 64
1 55 120 120 64
1 57 120 120 64
1 58 60 60 64
1 55 60 60 64
1 57 60 60 64
1 58 60 60 64
1 60 60 60 64
1 62 60 60 64
1 52 60 60 64
1 62 60 60 64
1 60 60 60 64
1 58 60 60 64
1 57 60 60 64
1 55 60 60 64
1 57 60 60 64
1 53 60 60 64
1 55 60 60 64
1 57 60 60 64
1 58 60 60 64
1 60 60 60 64
1 50 60 60 64
1 60 60 60 64
1 58 60 60 64
1 57 60 60 64
1 55 60 60 64
1 53 60 60 64
1 52 60 60 64
1 48 60 60 64
1 50 60 60 64
1 52 60 60 64
1 53 60 60 64
1 55 60 60 64
1 45 60 60 64
1 55 60 60 64
1 53 60 60 64
1 52 60 60 64
1 50 60 60 64
1 48 60 60 64
1 50 60 60 64
1 46 60 60 64
1 48 120 120 64
1 36 120 120 64
1 41 60 60 64
1 43 60 60 64
1 45 60 60 64
1 46 60 60 64
1 48 60 60 64
1 50 60 60 64
1 40 60 60 64
1 50 60 60 64
1 48 60 60 64
1 46 60 60 64
1 45 60 60 64
1 43 60 60 64
1 45 60 60 64
1 46 60 60 64
1 48 60 60 64
1 50 60 60 64
1 52 60 60 64
1 53 60 60 64
1 43 60 60 64
1 53 60 60 64
1 52 60 60 64
1 50 60 60 64
1 48 60 60 64
1 46 60 60 64
1 45 60 60 64
1 46 60 60 64
1 48 60 60 64
1 45 60 60 64
1 46 60 60 64
1 48 60 60 64
1 42 360 120 64
1 43 60 60 64
1 45 60 60 64
1 46 60 60 64
1 43 60 60 64
1 45 60 60 64
1 46 60 60 64
1 40 360 120 64
1 41 120 120 64
1 53 120 120 64
1 50 120 120 64
1 47 120 120 64
1 44 120 120 64
1 40 120 120 64
1 45 60 60 64
1 44 60 60 64
1 45 60 60 64
1 47 60 60 64
1 48 60 60 64
1 50 60 60 64
1 52 30 30 64
1 53 30 33 48
1 52 30 33 48
1 53 30 33 48
1 52 30 33 48
1 53 30 33 48
1 52 30 33 49
1 53 30 33 49
1 52 30 33 49
1 53 30 33 49
1 52 30 33 49
1 53 30 33 50
1 52 30 33 50
1 53 30 33 50
1 52 30 33 50
1 53 30 33 50
1 52 30 33 51
1 53 30 33 51
1 52 30 33 51
1 53 30 33 51
1 52 30 33 51
1 53 30 33 52
1 52 30 33 52
1 53 30 33 52
1 52 30 33 52
1 53 30 33 53
1 52 30 33 53
1 53 30 33 53
1 52 30 33 53
1 53 30 33 53
1 52 30 33 54
1 53 30 33 54
1 52 30 33 54
1 53 30 33 54
1 52 30 33 54
1 53 30 33 55
1 52 30 33 55
1 53 30 33 55
1 52 30 33 55
1 53 30 33 55
1 52 30 33 56
1 53 30 33 56
1 52 30 33 56
1 53 30 33 56
1 52 30 33 56
1 53 30 33 57
1 52 30 33 57
1 53 30 33 57
1 52 30 33 57
1 53 30 33 57
1 52 30 33 58
1 53 30 33 58
1 52 30 33 58
1 53 30 33 58
1 52 30 33 58
1 53 30 33 59
1 52 30 33 59
1 53 30 33 59
1 52 30 33 59
1 53 30 33 59
1 52 120 120 64
1 64 120 120 64
1 62 120 120 64
1 60 120 120 64
1 59 120 120 64
1 57 120 120 64
1 62 120 120 64
1 64 120 120 64
1 65 120 120 64
1 62 120 120 64
1 64 120 120 64
1 52 120 120 64
1 57 60 60 64
1 45 60 60 64
1 46 60 60 64
1 48 60 60 64
1 50 60 60 64
1 51 60 60 64
1 42 60 60 64
1 51 60 60 64
1 50 60 60 64
1 48 60 60 64
1 46 60 60 64
1 45 60 60 64
1 43 180 180 64
1 43 60 60 64
1 45 60 60 64
1 46 60 60 64
1 36 120 120 64
1 43 120 120 64
1 48 120 120 64
1 53 60 60 64
1 55 60 60 64
1 57 60 60 64
1 59 60 60 64
1 61 60 60 64
1 62 60 60 64
1 52 60 60 64
1 62 60 60 64
1 61 60 60 64
1 59 60 60 64
1 57 60 60 64
1 55 60 60 64
1 53 120 120 64
1 57 120 120 64
1 62 120 120 64
1 52 120 120 64
1 55 120 120 64
1 61 120 120 64
1 50 60 60 64
1 52 60 60 64
1 53 60 60 64
1 55 60 60 64
1 57 60 60 64
1 58 60 60 64
1 49 60 60 64
1 58 60 60 64
1 57 60 60 64
1 55 60 60 64
1 53 60 60 64
1 52 60 60 64
1 53 60 60 64
1 55 60 60 64
1 57 120 120 64
1 45 120 120 64
1 46 180 180 64
1 48 60 60 64
1 46 60 60 64
1 45 60 60 64
1 43 60 60 64
1 58 60 60 64
1 57 60 60 64
1 55 60 60 64
1 53 60 60 64
1 52 60 60 64
1 53 60 60 64
1 55 60 60 64
1 57 120 120 64
1 45 120 120 64
