0 67 120 120 64
0 71 120 120 64
0 74 120 120 64
0 71 120 120 64
0 67 120 120 64
0 74 120 120 64
0 71 120 120 64
0 67 120 120 64
0 79 120 120 64
0 78 60 60 64
0 79 60 60 56
0 78 120 120 64
0 74 120 120 64
0 81 120 120 64
0 78 120 120 64
0 74 120 120 64
0 81 120 120 64
0 78 120 120 64
0 74 120 120 64
0 79 120 120 64
0 74 120 120 64
0 71 120 120 64
0 77 120 120 64
0 74 120 120 64
0 71 120 120 64
0 77 120 120 64
0 74 120 120 64
0 71 120 120 64
0 76 120 120 64
0 72 120 120 64
0 69 120 120 64
0 66 120 120 64
0 69 120 120 64
0 72 120 120 64
0 76 120 120 64
0 74 120 120 64
0 72 120 120 64
0 74 120 120 64
0 71 120 120 64
0 67 120 120 64
0 64 120 120 64
0 67 120 120 64
0 71 120 120 64
0 74 120 120 64
0 72 120 120 64
0 71 120 120 64
0 72 120 120 64
0 69 120 120 64
0 66 120 120 64
0 62 120 120 64
0 66 120 120 64
0 69 120 120 64
0 72 120 120 64
0 71 120 120 64
0 69 120 120 64
0 71 120 120 64
0 72 120 120 64
0 74 120 120 64
0 76 120 120 64
0 71 120 120 64
0 79 120 120 64
0 76 120 120 64
0 71 120 120 64
0 79 120 120 64
0 69 120 120 64
0 71 120 120 64
0 73 120 120 64
0 74 120 120 64
0 69 120 120 64
0 78 120 120 64
0 74 120 120 64
0 69 120 120 64
0 78 120 120 64
0 67 60 60 64
0 66 60 60 56
0 67 360 360 64
0 69 120 120 64
0 67 120 120 64
0 66 120 120 64
0 67 120 120 64
0 64 120 120 64
0 66 120 120 64
0 67 120 120 64
0 66 120 120 64
0 64 120 120 64
0 66 120 120 64
0 62 120 120 64
0 69 120 120 64
0 71 120 120 64
0 72 120 120 64
0 71 120 120 64
0 72 120 120 64
0 71 120 120 64
0 69 120 120 64
0 71 120 120 64
0 67 120 120 64
0 76 120 120 64
0 78 120 120 64
0 79 120 120 64
0 73 120 120 64
0 74 120 120 64
0 73 120 120 64
0 71 120 120 64
0 73 120 120 64
0 69 120 120 64
0 79 120 120 64
0 81 120 120 64
0 83 120 120 64
0 81 120 120 64
0 79 120 120 64
0 78 120 120 64
0 76 120 120 64
0 78 120 120 64
0 74 120 120 64
0 69 120 120 64
0 74 120 120 64
0 73 120 120 64
0 74 60 60 64
0 73 60 60 56
0 74 960 240 64
0 69 120 120 64
0 73 120 120 64
0 76 120 120 64
0 73 120 120 64
0 69 120 120 64
0 76 120 120 64
0 73 120 120 64
0 69 120 120 64
0 79 120 120 64
0 78 60 60 64
0 79 60 60 56
0 78 240 240 64
0 74 720 360 64
0 67 120 120 64
0 71 120 120 64
0 74 120 120 64
0 71 120 120 64
0 67 120 120 64
0 74 120 120 64
0 71 120 120 64
0 67 120 120 64
0 77 120 120 64
0 76 120 120 64
0 72 120 120 64
0 69 120 120 64
0 81 120 120 64
0 76 120 120 64
0 72 120 120 64
0 69 120 120 64
0 71 120 120 64
0 72 120 120 64
0 74 120 120 64
0 71 120 120 64
0 67 120 120 64
0 79 120 120 64
0 74 120 120 64
0 71 120 120 64
0 67 120 120 64
0 69 120 120 64
0 71 120 120 64
0 72 60 60 64
0 74 60 66 48
0 72 60 66 48
0 74 60 66 48
0 72 60 66 49
0 74 60 66 49
0 72 60 66 49
0 74 60 66 50
0 72 60 66 50
0 74 60 66 50
0 72 60 66 51
0 74 60 66 51
0 72 60 66 51
0 74 60 66 52
0 72 60 66 52
0 74 60 66 52
0 72 60 66 53
0 74 60 66 53
0 72 60 66 54
0 74 60 66 54
0 72 60 66 54
0 74 60 66 55
0 72 60 66 55
0 74 60 66 55
0 72 60 66 56
0 74 60 66 56
0 72 60 66 56
0 74 60 66 57
0 72 60 66 57
0 74 60 66 57
0 72 60 66 58
0 74 60 66 58
0 72 60 66 58
0 74 60 66 59
0 72 60 66 59
0 74 60 66 59
0 71 60 66 64
0 72 60 66 48
0 71 60 66 48
0 72 60 66 48
0 71 60 66 49
0 72 60 66 49
0 71 60 66 49
0 72 60 66 50
0 71 60 66 50
0 72 60 66 50
0 71 60 66 51
0 72 60 66 51
0 71 60 66 51
0 72 60 66 52
0 71 60 66 52
0 72 60 66 52
0 71 60 66 53
0 72 60 66 53
0 71 60 66 54
0 72 60 66 54
0 71 60 66 54
0 72 60 66 55
0 71 60 66 55
0 72 60 66 55
0 71 60 66 56
0 72 60 66 56
0 71 60 66 56
0 72 60 66 57
0 71 60 66 57
0 72 60 66 57
0 71 60 66 58
0 72 60 66 58
0 71 60 66 58
0 72 60 66 59
0 71 60 66 59
0 72 60 66 59
0 71 120 120 64
0 76 120 120 64
0 74 120 120 64
0 72 120 120 64
0 74 120 120 64
0 71 120 120 64
0 69 120 120 64
0 71 120 120 64
0 67 120 120 64
0 69 120 120 64
0 72 120 120 64
0 71 120 120 64
0 69 120 120 64
0 71 120 120 64
0 67 120 120 64
0 66 120 120 64
0 67 120 120 64
0 64 120 120 64
0 66 60 60 64
0 67 60 60 56
0 66 120 120 64
0 62 120 120 64
0 69 60 60 64
0 71 60 60 56
0 69 120 120 64
0 66 120 120 64
0 74 60 60 64
0 76 60 60 56
0 74 120 120 64
0 66 120 120 64
0 67 120 120 86
0 71 120 120 81
0 74 120 120 76
0 71 120 120 86
0 67 120 120 80
0 74 120 120 84
0 71 120 120 84
0 67 120 120 80
0 79 120 120 80
0 74 120 120 81
0 78 120 120 85
0 81 120 120 80
0 78 120 120 69
0 74 120 120 80
0 81 120 120 86
0 78 120 120 72
0 74 120 120 82
0 84 120 120 82
0 83 120 120 64
0 81 120 120 64
0 79 120 120 64
0 78 120 120 64
0 79 120 120 64
0 81 120 120 64
0 74 120 120 64
0 79 120 120 64
0 78 120 120 64
0 79 120 120 64
0 78 120 120 64
0 76 120 120 64
0 74 120 120 64
0 72 120 120 64
0 71 120 120 64
0 69 120 120 64
0 71 120 120 64
0 72 120 120 64
0 71 120 120 64
0 69 120 120 64
0 67 120 120 64
0 66 120 120 64
0 67 120 120 64
0 69 120 120 64
0 62 120 120 64
0 67 120 120 64
0 66 120 120 64
0 67 120 120 64
0 62 120 120 64
0 59 120 120 64
0 0 1080 0 0
1 50 120 120 64
1 54 120 120 64
1 57 120 120 64
1 54 120 120 64
1 50 120 120 64
1 57 120 120 64
1 54 120 120 64
1 50 120 120 64
1 60 120 120 64
1 59 60 60 64
1 60 60 60 56
1 59 120 120 64
1 55 120 120 64
1 62 120 120 64
1 59 120 120 64
1 55 120 120 64
1 62 120 120 64
1 59 120 120 64
1 55 120 120 64
1 60 120 120 64
1 64 120 120 64
1 60 120 120 64
1 57 120 120 64
1 60 120 120 64
1 57 120 120 64
1 54 120 120 64
1 55 120 120 64
1 57 120 120 64
1 59 120 120 64
1 62 120 120 64
1 59 120 120 64
1 55 120 120 64
1 59 120 120 64
1 55 120 120 64
1 52 120 120 64
1 54 120 120 64
1 55 120 120 64
1 57 120 120 64
1 60 120 120 64
1 57 120 120 64
1 54 120 120 64
1 57 120 120 64
1 54 120 120 64
1 50 120 120 64
1 52 120 120 64
1 54 120 120 64
1 55 60 60 64
1 54 60 60 56
1 55 360 360 64
1 54 120 120 64
1 52 120 120 64
1 50 120 120 64
1 52 120 120 64
1 49 120 120 64
1 54 60 60 64
1 52 60 60 56
1 54 360 360 64
1 52 120 120 64
1 50 120 120 64
1 49 120 120 64
1 50 120 120 64
1 47 120 120 64
1 52 120 120 64
1 54 120 120 64
1 55 120 120 64
1 57 120 120 64
1 52 120 120 64
1 61 120 120 64
1 57 120 120 64
1 52 120 120 64
1 61 120 120 64
1 62 60 60 64
1 61 60 60 56
1 62 360 360 64
1 50 120 120 64
1 52 120 120 64
1 54 120 120 64
1 52 120 120 64
1 50 120 120 64
1 55 60 60 64
1 54 60 60 56
1 55 360 360 64
1 52 120 120 64
1 54 120 120 64
1 55 120 120 64
1 54 120 120 64
1 52 120 120 64
1 57 60 60 64
1 55 60 60 56
1 57 360 360 64
1 55 120 120 64
1 54 120 120 64
1 52 120 120 64
1 50 120 120 64
1 49 120 120 64
1 50 120 120 64
1 52 120 120 64
1 54 120 120 64
1 55 120 120 64
1 57 120 120 64
1 59 120 120 64
1 57 240 240 64
1 45 120 120 64
1 50 120 120 64
1 54 120 120 64
1 57 120 120 64
1 54 120 120 64
1 50 120 120 64
1 57 120 120 64
1 54 120 120 64
1 50 120 120 64
1 62 120 120 64
1 61 60 60 64
1 62 60 60 56
1 61 240 240 64
1 57 720 360 64
1 50 120 120 64
1 54 120 120 64
1 57 120 120 64
1 54 120 120 64
1 50 120 120 64
1 57 120 120 64
1 54 120 120 64
1 50 120 120 64
1 60 120 120 64
1 59 60 60 64
1 60 60 60 56
1 59 240 240 64
1 55 720 360 64
1 48 60 60 64
1 47 60 60 56
1 48 360 360 64
1 50 120 120 64
1 52 120 120 64
1 42 120 120 64
1 43 120 120 64
1 45 120 120 64
1 47 60 60 64
1 45 60 60 56
1 47 360 360 64
1 48 120 120 64
1 50 120 120 64
1 40 120 120 64
1 42 120 120 64
1 43 120 120 64
1 45 120 120 64
1 48 120 120 64
1 52 120 120 64
1 57 120 120 64
1 52 120 120 64
1 48 120 120 64
1 45 120 120 64
1 47 120 120 64
1 48 120 120 64
1 50 120 120 64
1 54 120 120 64
1 57 120 120 64
1 62 120 120 64
1 57 120 120 64
1 54 120 120 64
1 50 120 120 64
1 52 120 120 64
1 54 120 120 64
1 55 120 120 64
1 59 120 120 64
1 62 120 120 64
1 67 120 120 64
1 62 120 120 64
1 59 120 120 64
1 55 120 120 64
1 57 120 120 64
1 59 120 120 64
1 52 120 120 64
1 55 120 120 64
1 59 120 120 64
1 64 120 120 64
1 59 120 120 64
1 55 120 120 64
1 52 120 120 64
1 54 120 120 64
1 55 120 120 64
1 48 60 66 64
1 50 60 66 64
1 48 60 66 48
1 50 60 66 48
1 48 60 66 48
1 50 60 66 49
1 48 60 66 49
1 50 60 66 49
1 48 60 66 50
1 50 60 66 50
1 48 60 66 51
1 50 60 66 51
1 48 60 66 51
1 50 60 66 52
1 48 60 66 52
1 50 60 66 52
1 48 60 66 53
1 50 60 66 53
1 48 60 66 53
1 50 60 66 54
1 48 60 66 54
1 50 60 66 54
1 48 60 66 55
1 50 60 66 55
1 48 60 66 56
1 50 60 66 56
1 48 60 66 56
1 50 60 66 57
1 48 60 66 57
1 50 60 66 57
1 48 60 66 58
1 50 60 66 58
1 48 60 66 58
1 50 60 66 59
1 48 60 66 59
1 50 60 66 59
1 48 120 120 64
1 50 120 120 64
1 54 120 120 64
1 57 120 120 64
1 54 120 120 64
1 50 120 120 64
1 48 120 120 64
1 47 120 120 64
1 57 120 120 64
1 47 120 120 64
1 43 120 120 64
1 47 120 120 64
1 50 120 120 64
1 47 120 120 64
1 43 120 120 64
1 50 120 120 64
1 47 120 120 64
1 43 120 120 64
1 42 120 120 64
1 38 120 120 64
1 42 120 120 64
1 45 120 120 64
1 42 120 120 64
1 38 120 120 64
1 45 120 120 64
1 42 120 120 64
1 38 120 120 64
1 43 120 120 64
1 45 120 120 64
1 47 120 120 64
1 45 120 120 64
1 47 120 120 64
1 48 120 120 64
1 47 120 120 64
1 48 120 120 64
1 50 120 120 64
1 40 600 480 64
1 52 120 120 64
1 54 120 120 64
1 52 120 120 64
1 50 120 120 64
1 55 60 60 64
1 54 60 60 64
1 55 120 120 64
1 47 120 120 64
1 52 120 120 64
1 50 120 120 64
1 48 120 120 64
1 50 60 60 64
1 48 60 60 64
1 50 120 120 64
1 38 120 120 64
1 43 480 480 64
1 47 120 120 64
1 50 120 120 64
