0 0 7200 0 0
0 0 7200 0 0
0 0 15120 0 0
0 0 14400 0 0
0 0 360 0 0
0 0 60 0 0
0 76 120 120 64
0 75 120 120 64
0 74 120 120 64
0 73 120 120 64
0 71 120 120 64
0 69 120 120 64
0 68 120 120 64
0 66 120 120 64
0 68 30 30 64
0 69 30 30 64
0 68 60 60 64
0 71 30 30 64
0 69 30 30 64
0 71 60 60 64
0 68 30 30 64
0 66 30 30 64
0 68 60 60 64
0 64 30 30 64
0 63 30 30 64
0 64 120 120 64
0 66 120 120 64
0 68 120 120 64
0 69 120 120 64
0 71 120 120 64
0 73 120 120 64
0 75 120 120 64
0 76 60 60 64
0 75 60 60 64
0 73 60 60 64
0 71 60 60 64
0 76 120 120 64
0 64 300 120 64
0 80 120 120 64
0 76 120 120 64
0 73 120 120 64
0 76 30 30 64
0 75 30 30 64
0 76 60 60 64
0 73 60 60 64
0 70 60 60 64
0 66 120 120 64
0 78 120 120 64
0 75 120 120 64
0 71 120 120 64
0 75 30 30 64
0 73 30 30 64
0 75 60 60 64
0 71 60 60 64
0 68 60 60 64
0 64 120 120 64
0 76 120 120 64
0 73 120 120 64
0 70 120 120 64
0 80 120 120 64
0 78 120 120 64
0 76 120 120 64
0 75 120 120 64
0 73 120 120 64
0 71 60 60 64
0 70 60 60 64
0 64 30 30 64
0 63 30 30 64
0 64 60 60 64
0 70 30 30 64
0 68 30 30 64
0 70 60 60 64
0 71 30 30 64
0 70 30 30 64
0 71 60 60 64
0 63 60 60 64
0 61 60 60 64
0 71 60 60 64
0 61 60 60 64
0 70 60 60 64
0 71 180 120 64
0 71 60 60 64
0 75 60 60 64
0 78 60 60 64
0 83 180 120 64
0 83 60 60 64
0 78 60 60 64
0 75 60 60 64
0 71 60 60 64
0 66 60 60 64
0 63 60 60 64
0 59 240 60 64
0 76 120 120 64
0 75 120 120 64
0 74 120 120 64
0 73 120 120 64
0 71 120 120 64
0 69 120 120 64
0 68 120 120 64
0 66 120 120 64
0 68 30 30 64
0 69 30 30 64
0 68 60 60 64
0 71 30 30 64
0 69 30 30 64
0 71 60 60 64
0 68 30 30 64
0 66 30 30 64
0 68 60 60 64
0 64 30 30 64
0 63 30 30 64
0 64 120 120 64
0 66 120 120 64
0 68 120 120 64
0 69 120 120 64
0 71 120 120 64
0 73 120 120 64
0 75 120 120 64
0 76 60 60 64
0 75 60 60 64
0 73 60 60 64
0 71 60 60 64
0 76 120 120 64
0 64 300 120 64
0 80 120 120 64
0 76 120 120 64
0 73 120 120 64
0 76 30 30 64
0 75 30 30 64
0 76 60 60 64
0 73 60 60 64
0 70 60 60 64
0 66 120 120 64
0 78 120 120 64
0 75 120 120 64
0 71 120 120 64
0 75 30 30 64
0 73 30 30 64
0 75 60 60 64
0 71 60 60 64
0 68 60 60 64
0 64 120 120 64
0 76 120 120 64
0 73 120 120 64
0 70 120 120 64
0 80 120 120 64
0 78 120 120 64
0 76 120 120 64
0 75 120 120 64
0 73 120 120 64
0 71 60 60 64
0 70 60 60 64
0 64 30 30 64
0 63 30 30 64
0 64 60 60 64
0 70 30 30 64
0 68 30 30 64
0 70 60 60 64
0 71 30 30 64
0 70 30 30 64
0 71 60 60 64
0 63 60 60 64
0 61 60 60 64
0 71 60 60 64
0 61 60 60 64
0 70 60 60 64
0 71 180 120 64
0 71 60 60 64
0 75 60 60 64
0 78 60 60 64
0 83 180 120 64
0 83 60 60 64
0 78 60 60 64
0 75 60 60 64
0 71 60 60 64
0 66 60 60 64
0 63 60 60 64
0 59 180 60 64
0 59 120 60 64
0 61 120 120 64
0 63 120 120 64
0 64 120 120 64
0 66 120 120 64
0 68 120 120 64
0 70 120 120 64
0 71 60 60 64
0 70 60 60 64
0 68 60 60 64
0 66 60 60 64
0 71 120 120 64
0 59 300 120 64
0 83 120 120 64
0 82 120 120 64
0 81 120 120 64
0 80 120 120 64
0 78 120 120 64
0 76 120 120 64
0 75 120 120 64
0 73 120 120 64
0 75 30 30 64
0 76 30 30 64
0 75 60 60 64
0 78 30 30 64
0 76 30 30 64
0 78 60 60 64
0 75 30 30 64
0 73 30 30 64
0 75 60 60 64
0 71 30 30 64
0 70 30 30 64
0 71 60 60 64
0 75 30 30 64
0 73 30 30 64
0 75 60 60 64
0 80 30 30 64
0 79 30 30 64
0 80 60 60 64
0 73 30 30 64
0 71 30 30 64
0 73 60 60 64
0 76 30 30 64
0 75 30 30 64
0 76 60 60 64
0 82 30 30 64
0 80 30 30 64
0 82 60 60 64
0 75 30 30 64
0 73 30 30 64
0 75 60 60 64
0 80 30 30 64
0 79 30 30 64
0 80 60 60 64
0 83 30 30 64
0 82 30 30 64
0 83 60 60 64
0 75 30 30 64
0 74 30 30 64
0 75 60 60 64
0 82 30 30 64
0 80 30 30 64
0 82 60 60 64
0 79 30 30 64
0 77 30 30 64
0 79 60 60 64
0 75 30 30 64
0 74 30 30 64
0 74 60 60 64
0 81 120 120 64
0 80 120 120 64
0 78 120 120 64
0 76 30 30 64
0 75 30 30 64
0 76 60 60 64
0 73 30 30 64
0 72 30 30 64
0 73 60 60 64
0 76 30 30 64
0 75 30 30 64
0 76 60 60 64
0 80 120 120 64
0 78 120 120 64
0 76 120 120 64
0 75 30 30 64
0 73 30 30 64
0 75 60 60 64
0 71 30 30 64
0 70 30 30 64
0 71 60 60 64
0 73 30 30 64
0 71 30 30 64
0 73 60 60 64
0 76 120 120 64
0 75 120 120 64
0 73 120 120 64
0 71 30 30 64
0 70 30 30 64
0 71 60 60 64
0 68 30 30 64
0 67 30 30 64
0 68 60 60 64
0 69 30 30 64
0 68 30 30 64
0 69 60 60 64
0 73 30 30 64
0 71 30 30 64
0 73 60 60 64
0 69 30 30 64
0 68 30 30 64
0 69 60 60 64
0 76 30 30 64
0 75 30 30 64
0 76 60 60 64
0 67 30 30 64
0 65 30 30 64
0 67 60 60 64
0 70 30 30 64
0 68 30 30 64
0 70 60 60 64
0 59 30 30 64
0 58 30 30 64
0 59 60 60 64
0 68 60 60 64
0 64 60 60 64
0 61 60 60 64
0 58 60 60 64
0 67 60 60 64
0 68 60 60 64
0 63 60 60 64
0 59 60 60 64
0 56 180 60 64
0 64 120 120 64
0 66 120 120 64
0 68 120 120 64
0 69 120 120 64
0 71 120 120 64
0 73 120 120 64
0 75 120 120 64
0 76 60 60 64
0 75 60 60 64
0 73 60 60 64
0 71 60 60 64
0 76 180 180 64
0 71 30 30 64
0 69 30 30 64
0 71 60 60 64
0 68 30 30 64
0 66 30 30 64
0 68 60 60 64
0 76 120 120 64
0 75 120 120 64
0 74 120 120 64
0 73 120 120 64
0 71 120 120 64
0 69 120 120 64
0 68 120 120 64
0 66 120 120 64
0 68 30 30 64
0 69 30 30 64
0 68 60 60 64
0 71 30 30 64
0 69 30 30 64
0 71 60 60 64
0 68 30 30 64
0 66 30 30 64
0 68 60 60 64
0 64 30 30 64
0 63 30 30 64
0 64 120 120 64
0 66 120 120 64
0 69 120 120 64
0 71 120 120 64
0 75 120 120 64
0 78 120 120 64
0 63 120 120 64
0 64 120 120 64
0 68 120 120 64
0 69 120 120 64
0 73 120 120 64
0 76 120 120 64
0 61 120 120 64
0 66 120 120 64
0 69 120 120 64
0 71 120 120 64
0 73 120 120 64
0 75 120 120 64
0 76 120 120 64
0 73 120 120 64
0 69 120 120 64
0 78 420 410 64
0 76 60 60 64
0 75 60 60 64
0 73 60 60 64
0 71 60 60 64
0 69 60 60 64
0 68 60 60 64
0 64 30 30 64
0 63 30 30 64
0 64 60 60 64
0 68 30 30 64
0 66 30 30 64
0 68 60 60 64
0 71 30 30 64
0 69 30 30 64
0 71 60 60 64
0 68 30 30 64
0 66 30 30 64
0 68 60 60 64
0 71 30 30 64
0 69 30 30 64
0 71 60 60 64
0 76 30 30 64
0 75 30 30 64
0 76 60 60 64
0 71 60 60 64
0 68 60 60 64
0 64 180 60 64
0 59 120 60 64
0 61 120 120 64
0 63 120 120 64
0 64 120 120 64
0 66 120 120 64
0 68 120 120 64
0 70 120 120 64
0 71 60 60 64
0 70 60 60 64
0 68 60 60 64
0 66 60 60 64
0 71 120 120 64
0 59 300 120 64
0 83 120 120 64
0 82 120 120 64
0 81 120 120 64
0 80 120 120 64
0 78 120 120 64
0 76 120 120 64
0 75 120 120 64
0 73 120 120 64
0 75 30 30 64
0 76 30 30 64
0 75 60 60 64
0 78 30 30 64
0 76 30 30 64
0 78 60 60 64
0 75 30 30 64
0 73 30 30 64
0 75 60 60 64
0 71 30 30 64
0 70 30 30 64
0 71 60 60 64
0 75 30 30 64
0 73 30 30 64
0 75 60 60 64
0 80 30 30 64
0 79 30 30 64
0 80 60 60 64
0 73 30 30 64
0 71 30 30 64
0 73 60 60 64
0 76 30 30 64
0 75 30 30 64
0 76 60 60 64
0 82 30 30 64
0 80 30 30 64
0 82 60 60 64
0 75 30 30 64
0 73 30 30 64
0 75 60 60 64
0 80 30 30 64
0 79 30 30 64
0 80 60 60 64
0 83 30 30 64
0 82 30 30 64
0 83 60 60 64
0 75 30 30 64
0 74 30 30 64
0 75 60 60 64
0 82 30 30 64
0 80 30 30 64
0 82 60 60 64
0 79 30 30 64
0 77 30 30 64
0 79 60 60 64
0 75 30 30 64
0 74 30 30 64
0 74 60 60 64
0 81 120 120 64
0 80 120 120 64
0 78 120 120 64
0 76 30 30 64
0 75 30 30 64
0 76 60 60 64
0 73 30 30 64
0 72 30 30 64
0 73 60 60 64
0 76 30 30 64
0 75 30 30 64
0 76 60 60 64
0 80 120 120 64
0 78 120 120 64
0 76 120 120 64
0 75 30 30 64
0 73 30 30 64
0 75 60 60 64
0 71 30 30 64
0 70 30 30 64
0 71 60 60 64
0 73 30 30 64
0 71 30 30 64
0 73 60 60 64
0 76 120 120 64
0 75 120 120 64
0 73 120 120 64
0 71 30 30 64
0 70 30 30 64
0 71 60 60 64
0 68 30 30 64
0 67 30 30 64
0 68 60 60 64
0 69 30 30 64
0 68 30 30 64
0 69 60 60 64
0 73 30 30 64
0 71 30 30 64
0 73 60 60 64
0 69 30 30 64
0 68 30 30 64
0 69 60 60 64
0 76 30 30 64
0 75 30 30 64
0 76 60 60 64
0 67 30 30 64
0 65 30 30 64
0 67 60 60 64
0 70 30 30 64
0 68 30 30 64
0 70 60 60 64
0 59 30 30 64
0 58 30 30 64
0 59 60 60 64
0 68 60 60 64
0 64 60 60 64
0 61 60 60 64
0 58 60 60 64
0 67 60 60 64
0 68 60 60 64
0 63 60 60 64
0 59 60 60 64
0 56 180 60 64
0 64 120 120 64
0 66 120 120 64
0 68 120 120 64
0 69 120 120 64
0 71 120 120 64
0 73 120 120 64
0 75 120 120 64
0 76 60 60 64
0 75 60 60 64
0 73 60 60 64
0 71 60 60 64
0 76 180 180 64
0 71 30 30 64
0 69 30 30 64
0 71 60 60 64
0 68 30 30 64
0 66 30 30 64
0 68 60 60 64
0 76 120 120 64
0 75 120 120 64
0 74 120 120 64
0 73 120 120 64
0 71 120 120 64
0 69 120 120 64
0 68 120 120 64
0 66 120 120 64
0 68 30 30 64
0 69 30 30 64
0 68 60 60 64
0 71 30 30 64
0 69 30 30 64
0 71 60 60 64
0 68 30 30 64
0 66 30 30 64
0 68 60 60 64
0 64 30 30 64
0 63 30 30 64
0 64 120 120 64
0 66 120 120 64
0 69 120 120 64
0 71 120 120 64
0 75 120 120 64
0 78 120 120 64
0 63 120 120 64
0 64 120 120 64
0 68 120 120 64
0 69 120 120 64
0 73 120 120 64
0 76 120 120 64
0 61 120 120 64
0 66 120 120 64
0 69 120 120 64
0 71 120 120 64
0 73 120 120 64
0 75 120 120 64
0 76 120 120 64
0 73 120 120 64
0 69 120 120 64
0 78 420 360 64
0 76 60 60 64
0 75 60 60 64
0 73 60 60 64
0 71 60 60 64
0 69 60 60 64
0 68 60 60 64
0 64 30 30 64
0 63 30 30 64
0 64 60 60 64
0 68 30 30 64
0 66 30 30 64
0 68 60 60 64
0 71 30 30 64
0 69 30 30 64
0 71 60 60 64
0 68 30 30 64
0 66 30 30 64
0 68 60 60 64
0 71 30 30 64
0 69 30 30 64
0 71 60 60 64
0 76 30 30 64
0 75 30 30 64
0 76 60 60 64
0 71 60 60 64
0 68 60 60 64
1 52 120 120 64
1 54 120 120 64
1 56 120 120 64
1 57 120 120 64
1 59 120 120 64
1 61 120 120 64
1 63 120 120 64
1 64 60 60 64
1 63 60 60 64
1 61 60 60 64
1 59 60 60 64
1 64 120 120 64
1 52 300 120 64
1 52 120 120 64
1 51 120 120 64
1 50 120 120 64
1 49 120 120 64
1 47 120 120 64
1 45 120 120 64
1 44 120 120 64
1 42 120 120 64
1 44 30 30 64
1 45 30 30 64
1 44 60 60 64
1 47 30 30 64
1 45 30 30 64
1 47 60 60 64
1 44 30 30 64
1 42 30 30 64
1 44 60 60 64
1 40 30 30 64
1 39 30 30 64
1 40 120 120 64
1 49 120 120 64
1 52 120 120 64
1 54 120 120 64
1 58 120 120 64
1 61 120 120 64
1 39 120 120 64
1 47 120 120 64
1 51 120 120 64
1 52 120 120 64
1 56 120 120 64
1 59 120 120 64
1 37 120 120 64
1 49 120 120 64
1 52 120 120 64
1 54 120 120 64
1 56 120 120 64
1 58 120 120 64
1 59 120 120 64
1 52 120 120 64
1 56 120 120 64
1 54 60 60 64
1 61 60 60 64
1 58 60 60 64
1 61 60 60 64
1 52 60 60 64
1 61 60 60 64
1 51 120 120 64
1 52 120 120 64
1 54 120 120 64
1 47 60 60 64
1 59 30 30 64
1 58 30 30 64
1 59 60 60 64
1 54 30 30 64
1 52 30 30 64
1 54 60 60 64
1 51 30 30 64
1 49 30 30 64
1 51 60 60 64
1 54 30 30 64
1 52 30 30 64
1 54 60 60 64
1 51 30 30 64
1 49 30 30 64
1 51 60 60 64
1 47 30 30 64
1 46 30 30 64
1 47 240 240 64
1 35 120 120 64
1 52 120 120 64
1 54 120 120 64
1 56 120 120 64
1 57 120 120 64
1 59 120 120 64
1 61 120 120 64
1 63 120 120 64
1 64 60 60 64
1 63 60 60 64
1 61 60 60 64
1 59 60 60 64
1 64 120 120 64
1 52 300 120 64
1 52 120 120 64
1 51 120 120 64
1 50 120 120 64
1 49 120 120 64
1 47 120 120 64
1 45 120 120 64
1 44 120 120 64
1 42 120 120 64
1 44 30 30 64
1 45 30 30 64
1 44 60 60 64
1 47 30 30 64
1 45 30 30 64
1 47 60 60 64
1 44 30 30 64
1 42 30 30 64
1 44 60 60 64
1 40 30 30 64
1 39 30 30 64
1 40 120 120 64
1 49 120 120 64
1 52 120 120 64
1 54 120 120 64
1 58 120 120 64
1 61 120 120 64
1 39 120 120 64
1 47 120 120 64
1 51 120 120 64
1 52 120 120 64
1 56 120 120 64
1 59 120 120 64
1 37 120 120 64
1 49 120 120 64
1 52 120 120 64
1 54 120 120 64
1 56 120 120 64
1 58 120 120 64
1 59 120 120 64
1 52 120 120 64
1 56 120 120 64
1 54 60 60 64
1 61 60 60 64
1 58 60 60 64
1 61 60 60 64
1 52 60 60 64
1 61 60 60 64
1 51 120 120 64
1 52 120 120 64
1 54 120 120 64
1 47 60 60 64
1 59 30 30 64
1 58 30 30 64
1 59 60 60 64
1 54 30 30 64
1 52 30 30 64
1 54 60 60 64
1 51 30 30 64
1 49 30 30 64
1 51 60 60 64
1 54 30 30 64
1 52 30 30 64
1 54 60 60 64
1 51 30 30 64
1 49 30 30 64
1 51 60 60 64
1 47 30 30 64
1 46 30 30 64
1 47 240 240 64
1 35 180 120 64
1 59 120 120 64
1 58 120 120 64
1 57 120 120 64
1 56 120 120 64
1 54 120 120 64
1 52 120 120 64
1 51 120 120 64
1 49 120 120 64
1 51 30 30 64
1 52 30 30 64
1 51 60 60 64
1 54 30 30 64
1 52 30 30 64
1 54 60 60 64
1 51 30 30 64
1 49 30 30 64
1 51 60 60 64
1 47 30 30 64
1 46 30 30 64
1 47 120 120 64
1 49 120 120 64
1 51 120 120 64
1 52 120 120 64
1 54 120 120 64
1 56 120 120 64
1 58 120 120 64
1 59 60 60 64
1 58 60 60 64
1 56 60 60 64
1 54 60 60 64
1 59 120 120 64
1 47 240 120 64
1 56 120 120 64
1 59 120 120 64
1 63 120 120 64
1 55 120 120 64
1 58 120 120 64
1 63 120 120 64
1 56 120 120 64
1 59 120 120 64
1 63 120 120 64
1 51 120 120 64
1 63 120 120 64
1 61 120 120 64
1 60 120 120 64
1 61 120 120 64
1 63 120 120 64
1 56 120 120 64
1 61 120 120 64
1 59 120 120 64
1 58 120 120 64
1 59 120 120 64
1 61 120 120 64
1 54 120 120 64
1 59 120 120 64
1 63 120 120 64
1 55 120 120 64
1 56 120 120 64
1 58 120 120 64
1 51 120 120 64
1 56 120 120 64
1 59 120 120 64
1 49 240 120 64
1 61 240 240 64
1 58 120 120 64
1 55 120 120 64
1 56 120 120 64
1 49 120 120 64
1 51 120 120 64
1 44 180 120 64
1 44 60 60 64
1 56 60 60 64
1 54 120 120 64
1 52 120 120 64
1 51 120 120 64
1 50 120 120 64
1 49 120 120 64
1 47 120 120 64
1 45 120 120 64
1 44 120 120 64
1 42 120 120 64
1 44 30 30 64
1 45 30 30 64
1 44 60 60 64
1 47 30 30 64
1 45 30 30 64
1 47 60 60 64
1 44 30 30 64
1 42 30 30 64
1 44 60 60 64
1 40 30 30 64
1 39 30 30 64
1 40 120 120 64
1 42 120 120 64
1 44 120 120 64
1 45 120 120 64
1 47 120 120 64
1 49 120 120 64
1 51 120 120 64
1 52 60 60 64
1 51 60 60 64
1 49 60 60 64
1 47 60 60 64
1 52 180 180 64
1 59 30 30 64
1 57 30 30 64
1 59 60 60 64
1 56 30 30 64
1 54 30 30 64
1 56 60 60 64
1 61 120 120 64
1 57 120 120 64
1 54 120 120 64
1 57 30 30 64
1 56 30 30 64
1 57 60 60 64
1 54 60 60 64
1 51 60 60 64
1 47 120 120 64
1 59 120 120 64
1 56 120 120 64
1 52 120 120 64
1 56 30 30 64
1 54 30 30 64
1 56 60 60 64
1 52 60 60 64
1 49 60 60 64
1 45 120 120 64
1 57 120 120 64
1 54 120 120 64
1 51 120 120 64
1 61 120 120 64
1 59 120 120 64
1 57 120 120 64
1 56 120 120 64
1 54 120 120 64
1 52 60 60 64
1 51 60 60 64
1 57 30 30 64
1 56 30 30 64
1 57 60 60 64
1 51 30 30 64
1 50 30 30 64
1 51 60 60 64
1 56 30 30 64
1 54 30 30 64
1 56 120 120 64
1 57 120 120 64
1 59 120 120 64
1 52 180 120 64
1 64 60 60 64
1 59 60 60 64
1 56 60 60 64
1 52 60 60 64
1 59 60 60 64
1 56 60 60 64
1 52 60 60 64
1 47 60 60 64
1 44 60 60 64
1 40 240 240 64
1 52 180 120 64
1 59 120 120 64
1 58 120 120 64
1 57 120 120 64
1 56 120 120 64
1 54 120 120 64
1 52 120 120 64
1 51 120 120 64
1 49 120 120 64
1 51 30 30 64
1 52 30 30 64
1 51 60 60 64
1 54 30 30 64
1 52 30 30 64
1 54 60 60 64
1 51 30 30 64
1 49 30 30 64
1 51 60 60 64
1 47 30 30 64
1 46 30 30 64
1 47 120 120 64
1 49 120 120 64
1 51 120 120 64
1 52 120 120 64
1 54 120 120 64
1 56 120 120 64
1 58 120 120 64
1 59 60 60 64
1 58 60 60 64
1 56 60 60 64
1 54 60 60 64
1 59 120 120 64
1 47 240 120 64
1 56 120 120 64
1 59 120 120 64
1 63 120 120 64
1 55 120 120 64
1 58 120 120 64
1 63 120 120 64
1 56 120 120 64
1 59 120 120 64
1 63 120 120 64
1 51 120 120 64
1 63 120 120 64
1 61 120 120 64
1 60 120 120 64
1 61 120 120 64
1 63 120 120 64
1 56 120 120 64
1 61 120 120 64
1 59 120 120 64
1 58 120 120 64
1 59 120 120 64
1 61 120 120 64
1 54 120 120 64
1 59 120 120 64
1 63 120 120 64
1 55 120 120 64
1 56 120 120 64
1 58 120 120 64
1 51 120 120 64
1 56 120 120 64
1 59 120 120 64
1 49 240 120 64
1 61 240 240 64
1 58 120 120 64
1 55 120 120 64
1 56 120 120 64
1 49 120 120 64
1 51 120 120 64
1 44 180 120 64
1 44 60 60 64
1 56 60 60 64
1 54 184 120 64
1 64 2405 179 120
1 64 2403 178 120
1 64 2400 177 120
1 64 2396 175 120
1 64 2393 173 120
1 64 2390 172 120
1 64 2390 170 120
1 64 2393 172 30
1 64 2393 173 30
1 64 2395 172 60
1 64 2396 175 30
1 64 2396 173 30
1 64 2395 175 60
1 64 2390 172 30
1 64 2390 170 30
1 64 2388 172 60
1 64 2383 168 30
1 64 2383 167 30
1 64 2386 168 120
1 64 2390 170 120
1 64 2393 172 120
1 64 2396 173 120
1 64 2400 175 120
1 64 2404 177 120
1 64 2407 179 120
1 64 2407 180 60
1 64 2404 179 60
1 64 2400 177 60
1 64 2403 175 60
1 59 30 30 64
1 57 30 30 64
1 59 60 60 64
1 56 30 30 64
1 54 30 30 64
1 56 60 60 64
1 61 120 120 64
1 57 120 120 64
1 54 120 120 64
1 57 30 30 64
1 56 30 30 64
1 57 60 60 64
1 54 60 60 64
1 51 60 60 64
1 47 120 120 64
1 59 120 120 64
1 56 120 120 64
1 52 120 120 64
1 56 30 30 64
1 54 30 30 64
1 56 60 60 64
1 52 60 60 64
1 49 60 60 64
1 45 120 120 64
1 57 120 120 64
1 54 120 120 64
1 51 120 120 64
1 61 120 120 64
1 59 120 120 64
1 57 120 120 64
1 56 120 120 64
1 54 120 120 64
1 52 60 60 64
1 51 60 60 64
1 57 30 30 64
1 56 30 30 64
1 57 60 60 64
1 51 30 30 64
1 50 30 30 64
1 51 60 60 64
1 56 30 30 64
1 54 30 30 64
1 56 120 120 64
1 57 120 120 64
1 59 120 120 64
1 52 180 120 64
1 64 52 3712 129
1 64 60 60 64
1 59 60 60 64
1 56 60 60 64
1 52 60 60 64
1 59 60 60 64
1 56 60 60 64
1 52 60 60 64
1 47 60 60 64
1 44 60 60 64
1 40 240 240 64
