0 0 60 0 0
0 60 60 60 64
0 62 60 60 64
0 64 60 60 64
0 65 60 60 64
0 62 60 60 64
0 64 60 60 64
0 60 60 60 64
0 67 120 120 64
0 72 120 120 64
0 71 30 30 64
0 69 30 30 56
0 71 60 60 64
0 72 120 120 64
0 74 60 60 64
0 67 60 60 64
0 69 60 60 64
0 71 60 60 64
0 72 60 60 64
0 69 60 60 64
0 71 60 60 64
0 67 60 60 64
0 74 120 120 64
0 79 120 120 64
0 77 30 30 64
0 76 30 30 56
0 77 60 60 64
0 79 120 120 64
0 76 60 60 64
0 81 60 60 64
0 79 60 60 64
0 77 60 60 64
0 76 60 60 64
0 79 60 60 64
0 77 60 60 64
0 81 60 60 64
0 79 60 60 64
0 77 60 60 64
0 76 60 60 64
0 74 60 60 64
0 72 60 60 64
0 76 60 60 64
0 74 60 60 64
0 77 60 60 64
0 76 60 60 64
0 74 60 60 64
0 72 60 60 64
0 71 60 60 64
0 69 60 60 64
0 72 60 60 64
0 71 60 60 64
0 74 60 60 64
0 72 60 60 64
0 71 60 60 64
0 69 60 60 64
0 67 60 60 64
0 66 60 60 64
0 69 60 60 64
0 67 60 60 64
0 71 60 60 64
0 69 120 120 64
0 62 120 120 64
0 72 30 30 64
0 71 30 30 56
0 72 120 120 64
0 74 60 60 64
0 71 60 60 64
0 69 60 60 64
0 67 60 60 64
0 66 60 60 64
0 64 60 60 64
0 67 60 60 64
0 66 60 60 64
0 69 60 60 64
0 67 60 60 64
0 71 60 60 64
0 69 60 60 64
0 72 60 60 64
0 71 60 60 64
0 74 60 60 64
0 72 60 60 64
0 76 60 60 64
0 74 60 60 64
0 71 30 30 64
0 72 30 30 56
0 74 60 60 64
0 79 60 60 64
0 71 30 30 64
0 72 30 30 56
0 71 60 60 64
0 69 60 60 64
0 67 60 60 64
0 67 540 120 64
0 67 60 60 64
0 69 60 60 64
0 71 60 60 64
0 72 60 60 64
0 69 60 60 64
0 71 60 60 64
0 67 60 60 64
0 66 540 120 64
0 69 60 60 64
0 71 60 60 64
0 72 60 60 64
0 74 60 60 64
0 71 60 60 64
0 72 60 60 64
0 69 60 60 64
0 71 540 120 64
0 74 60 60 64
0 72 60 60 64
0 71 60 60 64
0 69 60 60 64
0 72 60 60 64
0 71 60 60 64
0 74 60 60 64
0 72 540 120 64
0 76 60 60 64
0 74 60 60 64
0 72 60 60 64
0 71 60 60 64
0 74 60 60 64
0 73 60 60 64
0 76 60 60 64
0 74 120 120 64
0 73 120 120 64
0 74 120 120 64
0 76 120 120 64
0 77 120 120 64
0 69 120 120 64
0 71 120 120 64
0 73 120 120 64
0 74 120 120 64
0 66 120 120 64
0 68 120 120 64
0 69 120 120 64
0 71 120 120 64
0 72 120 120 64
0 74 300 240 64
0 64 60 60 64
0 66 60 60 64
0 68 60 60 64
0 69 60 60 64
0 66 60 60 64
0 68 60 60 64
0 64 60 60 64
0 76 60 60 64
0 74 60 60 64
0 72 60 60 64
0 76 60 60 64
0 74 60 60 64
0 72 60 60 64
0 71 60 60 64
0 74 60 60 64
0 72 60 60 64
0 81 60 60 64
0 80 60 60 64
0 83 60 60 64
0 81 60 60 64
0 76 60 60 64
0 77 60 60 64
0 74 60 60 64
0 68 60 60 64
0 77 60 60 64
0 76 60 60 64
0 74 60 60 64
0 72 30 30 64
0 74 30 30 64
0 72 60 60 64
0 71 60 60 64
0 69 60 60 64
0 69 60 60 64
0 81 60 60 64
0 79 60 60 64
0 77 60 60 64
0 76 60 60 64
0 79 60 60 64
0 77 60 60 64
0 81 60 60 64
0 79 540 530 64
0 76 60 60 64
0 77 60 60 64
0 79 60 60 64
0 81 60 60 64
0 77 60 60 64
0 79 60 60 64
0 76 60 60 64
0 77 540 480 64
0 79 60 60 64
0 77 60 60 64
0 76 60 60 64
0 74 60 60 64
0 77 60 60 64
0 76 60 60 64
0 79 60 60 64
0 77 540 530 64
0 74 60 60 64
0 76 60 60 64
0 77 60 60 64
0 79 60 60 64
0 76 60 60 64
0 77 60 60 64
0 74 60 60 64
0 76 540 530 64
0 72 60 60 64
0 74 60 60 64
0 76 60 60 64
0 77 60 60 64
0 74 60 60 64
0 76 60 60 64
0 72 60 60 64
0 74 60 60 64
0 76 60 60 64
0 77 60 60 64
0 79 60 60 64
0 81 60 60 64
0 77 60 60 64
0 79 60 60 64
0 76 60 60 64
0 77 60 60 64
0 79 60 60 64
0 81 60 60 64
0 83 60 60 64
0 84 60 60 64
0 81 60 60 64
0 83 60 60 64
0 79 60 60 64
0 84 120 120 64
0 79 120 120 64
0 76 30 30 64
0 77 30 30 56
0 76 60 60 64
0 74 60 60 64
0 72 60 60 64
0 72 60 60 64
0 70 60 60 64
0 69 60 60 64
0 67 60 60 64
0 65 60 60 64
0 69 60 60 64
0 67 60 60 64
0 70 60 60 64
0 69 60 60 64
0 71 60 60 64
0 72 60 60 64
0 64 60 60 64
0 62 60 60 64
0 72 60 60 64
0 65 60 60 64
0 71 60 60 64
0 72 0 960 64
0 67 0 960 64
1 0 540 0 0
1 48 60 60 64
1 50 60 60 64
1 52 60 60 64
1 53 60 60 64
1 50 60 60 64
1 52 60 60 64
1 48 60 60 64
1 55 120 120 64
1 43 420 120 64
1 55 60 60 64
1 57 60 60 64
1 59 60 60 64
1 60 60 60 64
1 57 60 60 64
1 59 60 60 64
1 55 60 60 64
1 60 120 120 64
1 59 120 120 64
1 60 120 120 64
1 62 120 120 64
1 64 120 120 64
1 55 120 120 64
1 57 120 120 64
1 59 120 120 64
1 60 120 120 64
1 52 120 120 64
1 54 120 120 64
1 55 120 120 64
1 57 120 120 64
1 59 120 120 64
1 60 300 290 64
1 50 60 60 64
1 52 60 60 64
1 54 60 60 64
1 55 60 60 64
1 52 60 60 64
1 54 60 60 64
1 50 60 60 64
1 55 120 120 64
1 47 120 120 64
1 48 120 120 64
1 50 120 120 64
1 52 120 120 64
1 54 120 120 64
1 55 120 120 64
1 52 120 120 64
1 47 180 180 64
1 48 60 60 64
1 50 120 120 64
1 38 180 120 64
1 43 60 60 64
1 45 60 60 64
1 47 60 60 64
1 48 60 60 64
1 45 60 60 64
1 47 60 60 64
1 43 60 60 64
1 50 120 120 64
1 55 120 120 64
1 54 120 120 64
1 55 120 120 64
1 57 60 60 64
1 50 60 60 64
1 52 60 60 64
1 54 60 60 64
1 55 60 60 64
1 52 60 60 64
1 54 60 60 64
1 50 60 60 64
1 57 120 120 64
1 62 120 120 64
1 60 120 120 64
1 62 120 120 64
1 55 60 60 64
1 67 60 60 64
1 65 60 60 64
1 64 60 60 64
1 62 60 60 64
1 65 60 60 64
1 64 60 60 64
1 67 60 60 64
1 65 120 120 64
1 64 120 120 64
1 65 120 120 64
1 62 120 120 64
1 64 60 60 64
1 69 60 60 64
1 67 60 60 64
1 65 60 60 64
1 64 60 60 64
1 67 60 60 64
1 65 60 60 64
1 69 60 60 64
1 67 120 120 64
1 65 120 120 64
1 67 120 120 64
1 64 120 120 64
1 65 60 60 64
1 70 60 60 64
1 69 60 60 64
1 67 60 60 64
1 65 60 60 64
1 69 60 60 64
1 67 60 60 64
1 70 60 60 64
1 69 60 60 64
1 67 60 60 64
1 65 60 60 64
1 64 60 60 64
1 62 60 60 64
1 65 60 60 64
1 64 60 60 64
1 67 60 60 64
1 65 60 60 64
1 64 60 60 64
1 62 60 60 64
1 60 60 60 64
1 59 60 60 64
1 62 60 60 64
1 60 60 60 64
1 64 60 60 64
1 62 60 60 64
1 60 60 60 64
1 59 60 60 64
1 57 60 60 64
1 56 60 60 64
1 59 60 60 64
1 57 60 60 64
1 60 60 60 64
1 59 120 120 64
1 52 120 120 64
1 62 30 30 64
1 60 30 30 64
1 62 180 120 64
1 60 60 60 64
1 59 60 60 64
1 57 60 60 64
1 55 60 60 64
1 54 60 60 64
1 57 60 60 64
1 56 60 60 64
1 59 60 60 64
1 57 60 60 64
1 60 60 60 64
1 59 60 60 64
1 62 60 60 64
1 60 60 60 64
1 64 60 60 64
1 62 60 60 64
1 65 60 60 64
1 64 120 120 64
1 57 120 120 64
1 64 120 120 64
1 52 120 120 64
1 57 120 120 64
1 45 420 120 64
1 64 60 60 64
1 62 60 60 64
1 60 60 60 64
1 59 60 60 64
1 62 60 60 64
1 61 60 60 64
1 64 60 60 64
1 62 540 530 64
1 57 60 60 64
1 59 60 60 64
1 60 60 60 64
1 62 60 60 64
1 59 60 60 64
1 60 60 60 64
1 57 60 60 64
1 59 540 530 64
1 62 60 60 64
1 60 60 60 64
1 59 60 60 64
1 57 60 60 64
1 60 60 60 64
1 59 60 60 64
1 62 60 60 64
1 60 540 530 64
1 55 60 60 64
1 57 60 60 64
1 58 60 60 64
1 60 60 60 64
1 57 60 60 64
1 58 60 60 64
1 55 60 60 64
1 57 120 120 64
1 58 120 120 64
1 57 120 120 64
1 55 120 120 64
1 53 120 120 64
1 62 120 120 64
1 60 120 120 64
1 58 120 120 64
1 57 120 120 64
1 65 120 120 64
1 64 120 120 64
1 62 120 120 64
1 64 60 60 64
1 50 60 60 64
1 52 60 60 64
1 53 60 60 64
1 55 60 60 64
1 52 60 60 64
1 53 60 60 64
1 50 60 60 64
1 52 120 120 64
1 48 120 120 64
1 50 120 120 64
1 52 120 120 64
1 53 60 60 64
1 50 60 60 64
1 52 60 60 64
1 53 60 60 64
1 55 120 120 64
1 43 120 120 64
1 36 0 960 64
