0 0 120 0 0
0 71 60 60 64
0 69 60 60 64
0 67 60 60 64
0 66 60 60 64
0 67 60 60 64
0 64 60 60 64
0 71 30 30 64
0 69 30 30 56
0 71 60 60 64
0 71 120 120 64
0 76 30 30 64
0 75 30 30 56
0 76 120 120 64
0 78 60 60 64
0 75 30 30 64
0 76 30 30 56
0 75 60 60 64
0 78 60 60 64
0 76 60 60 64
0 75 60 60 64
0 73 60 60 64
0 75 60 60 64
0 71 60 60 64
0 83 120 120 64
0 81 60 60 64
0 79 60 60 64
0 78 30 30 49
0 79 30 30 52
0 78 30 30 56
0 79 30 30 59
0 78 60 60 64
0 76 30 30 56
0 78 30 30 64
0 79 120 120 64
0 83 60 60 64
0 81 60 60 64
0 79 60 60 64
0 78 60 60 64
0 79 60 60 64
0 76 60 60 64
0 84 180 180 64
0 83 60 60 64
0 81 60 60 64
0 79 60 60 64
0 78 60 60 64
0 76 60 60 64
0 78 120 120 64
0 81 60 60 64
0 79 60 60 64
0 78 60 60 64
0 76 60 60 64
0 78 60 60 64
0 74 60 60 64
0 83 180 180 64
0 81 60 60 64
0 79 60 60 64
0 78 60 60 64
0 76 60 60 64
0 74 60 60 64
0 76 60 60 64
0 78 60 60 64
0 76 60 60 64
0 74 60 60 64
0 72 60 60 64
0 71 60 60 64
0 69 60 60 64
0 67 60 60 64
0 72 60 60 64
0 71 60 60 64
0 69 60 60 64
0 71 60 60 64
0 72 60 60 64
0 74 60 60 64
0 76 60 60 64
0 78 60 60 64
0 79 60 60 64
0 78 60 60 64
0 76 60 60 64
0 74 60 60 64
0 79 30 30 64
0 78 30 30 56
0 79 120 120 64
0 79 60 60 64
0 79 60 60 64
0 78 60 60 64
0 76 60 60 64
0 78 60 60 64
0 78 30 30 64
0 79 30 30 56
0 78 120 120 64
0 79 60 60 64
0 79 120 120 64
0 74 60 60 64
0 72 60 60 64
0 71 60 60 64
0 69 60 60 64
0 71 60 60 64
0 67 60 60 64
0 74 30 30 64
0 76 30 33 64
0 74 30 33 48
0 76 30 33 48
0 74 30 33 48
0 76 30 33 48
0 74 30 33 49
0 76 30 33 49
0 74 30 33 49
0 76 30 33 49
0 74 30 33 50
0 76 30 33 50
0 74 30 33 50
0 76 30 33 51
0 74 30 33 51
0 76 30 33 51
0 74 30 33 51
0 76 30 33 52
0 74 30 33 52
0 76 30 33 52
0 74 30 33 52
0 76 30 33 53
0 74 30 33 53
0 76 30 33 53
0 74 30 33 53
0 76 30 33 54
0 74 30 33 54
0 76 30 33 54
0 74 30 33 54
0 76 30 33 55
0 74 30 33 55
0 76 30 33 55
0 74 30 33 56
0 76 30 33 56
0 74 30 33 56
0 76 30 33 56
0 74 30 33 57
0 76 30 33 57
0 74 30 33 57
0 76 30 33 57
0 74 30 33 58
0 76 30 33 58
0 74 30 33 58
0 76 30 33 58
0 74 30 33 59
0 76 30 33 59
0 74 30 33 59
0 76 30 30 64
0 74 180 180 64
0 76 60 60 64
0 73 30 30 64
0 74 30 30 56
0 73 120 120 64
0 74 60 40 64
0 74 120 120 64
0 69 60 60 64
0 67 60 60 64
0 66 60 60 64
0 64 60 60 64
0 66 60 60 64
0 62 60 60 64
0 72 30 30 64
0 71 30 30 56
0 72 120 120 64
0 71 60 60 64
0 72 180 180 64
0 74 60 60 64
0 71 30 30 64
0 72 30 30 56
0 71 60 40 60
0 71 120 120 64
0 76 30 30 64
0 74 30 30 56
0 76 120 100 64
0 76 60 50 64
0 76 60 60 64
0 79 60 60 64
0 78 60 60 64
0 76 60 60 64
0 74 60 60 64
0 73 60 60 64
0 74 60 60 64
0 71 60 60 64
0 70 120 120 64
0 78 60 60 64
0 76 60 60 64
0 74 60 60 64
0 73 60 60 64
0 74 60 60 64
0 71 60 60 64
0 76 120 120 64
0 83 60 60 64
0 81 60 60 64
0 79 60 60 64
0 78 60 60 64
0 79 60 60 64
0 76 60 60 64
0 82 120 120 64
0 73 120 120 64
0 78 120 120 64
0 70 120 120 64
0 71 180 180 64
0 73 60 60 64
0 73 30 30 64
0 74 30 30 56
0 73 120 120 64
0 71 60 60 64
0 71 120 120 64
0 74 120 120 64
0 64 120 120 64
0 74 120 120 64
0 72 120 120 64
0 69 120 120 64
0 62 120 120 64
0 72 120 120 64
0 71 120 120 64
0 74 120 120 64
0 79 120 120 64
0 71 120 120 64
0 69 120 120 64
0 78 120 120 64
0 67 120 120 64
0 76 120 120 64
0 75 30 30 64
0 76 30 30 56
0 75 60 60 64
0 78 60 60 64
0 76 60 60 64
0 74 60 60 64
0 73 60 60 64
0 71 60 60 64
0 69 60 60 64
0 67 60 60 64
0 66 60 60 64
0 67 60 60 64
0 71 60 60 64
0 76 60 60 64
0 71 60 60 64
0 69 60 60 64
0 67 60 60 64
0 66 60 60 64
0 64 60 60 64
0 66 60 60 64
0 69 60 60 64
0 74 60 60 64
0 69 60 60 64
0 67 60 60 64
0 66 60 60 64
0 64 60 60 64
0 63 60 60 64
0 64 60 60 64
0 67 60 60 64
0 72 60 60 64
0 67 60 60 64
0 66 60 60 64
0 64 60 60 64
0 62 60 60 64
0 61 60 60 64
0 62 60 60 64
0 66 60 60 64
0 71 120 100 64
0 71 120 100 64
0 71 300 290 64
0 75 60 60 64
0 76 60 60 64
0 79 60 60 64
0 69 300 290 64
0 73 60 60 64
0 74 60 60 64
0 78 60 60 64
0 67 300 290 64
0 71 60 60 64
0 75 60 60 64
0 76 60 60 64
0 66 60 60 64
0 69 60 60 64
0 71 60 60 64
0 72 60 60 64
0 63 60 60 64
0 66 60 60 64
0 67 60 60 64
0 69 60 60 64
0 59 120 120 64
0 69 180 180 64
0 66 60 60 64
0 71 60 60 64
0 66 60 60 64
0 67 120 120 64
0 64 120 120 64
0 72 30 30 64
0 71 30 30 56
0 72 120 100 64
0 72 60 50 64
0 72 30 30 64
0 74 30 30 56
0 72 60 60 64
0 71 120 120 64
0 79 180 180 64
0 79 60 60 64
0 79 60 60 64
0 81 60 60 64
0 79 60 60 64
0 78 60 60 64
0 78 30 30 64
0 79 30 30 56
0 78 120 120 64
0 76 60 60 64
0 76 60 60 64
0 74 60 60 64
0 72 60 60 64
0 71 60 60 64
0 69 60 60 64
0 67 60 60 64
0 69 60 60 64
0 66 60 60 64
0 75 120 120 64
0 66 120 120 64
0 71 180 180 64
0 72 60 60 64
0 69 30 30 64
0 71 30 30 56
0 69 120 120 64
0 67 60 60 64
0 66 30 30 64
0 67 30 30 56
0 66 120 120 64
0 64 60 60 64
1 52 30 30 64
1 51 30 30 56
1 52 60 60 64
1 40 480 120 64
1 59 60 60 64
1 57 60 60 64
1 55 60 60 64
1 54 60 60 64
1 55 60 60 64
1 52 60 60 64
1 59 120 120 64
1 47 480 120 64
1 66 60 60 64
1 64 60 60 64
1 63 60 60 64
1 61 60 60 64
1 63 60 60 64
1 59 60 60 64
1 64 120 120 64
1 52 480 120 64
1 64 60 60 64
1 62 60 60 64
1 60 60 60 64
1 59 60 60 64
1 60 60 60 64
1 57 60 60 64
1 62 120 120 64
1 50 480 120 64
1 62 60 60 64
1 60 60 60 64
1 59 60 60 64
1 57 60 60 64
1 59 60 60 64
1 55 60 60 64
1 60 180 180 64
1 59 60 60 64
1 57 60 60 64
1 55 60 60 64
1 54 60 60 64
1 52 60 60 64
1 57 180 180 64
1 55 60 60 64
1 54 60 60 64
1 52 60 60 64
1 50 60 60 64
1 48 60 60 64
1 47 180 180 64
1 48 60 60 64
1 47 60 60 64
1 45 60 60 64
1 43 60 60 64
1 42 60 60 64
1 40 120 120 64
1 48 120 120 64
1 50 120 120 64
1 38 120 120 64
1 43 600 240 64
1 43 60 60 64
1 45 60 60 64
1 47 60 60 64
1 45 60 60 64
1 47 60 60 64
1 43 60 60 64
1 50 60 60 64
1 49 60 60 64
1 50 60 60 64
1 52 60 60 64
1 54 60 60 64
1 52 60 60 64
1 54 60 60 64
1 50 60 60 64
1 55 60 60 64
1 54 60 60 64
1 55 60 60 64
1 57 60 60 64
1 59 60 60 64
1 57 60 60 64
1 59 60 60 64
1 54 60 60 64
1 55 60 60 64
1 54 60 60 64
1 55 60 60 64
1 52 60 60 64
1 57 120 120 64
1 45 120 120 64
1 50 120 120 64
1 38 480 120 64
1 57 60 60 64
1 55 60 60 64
1 54 60 60 64
1 52 60 60 64
1 54 60 60 64
1 50 60 60 64
1 55 60 60 64
1 57 60 60 64
1 55 60 60 64
1 54 60 60 64
1 52 60 60 64
1 50 60 60 64
1 52 60 60 64
1 49 60 60 64
1 54 120 120 64
1 46 120 120 64
1 47 120 120 64
1 43 120 120 64
1 42 360 240 64
1 59 60 60 64
1 57 60 60 64
1 55 60 60 64
1 54 60 60 64
1 55 60 60 64
1 52 60 60 64
1 62 180 180 64
1 64 60 60 64
1 61 120 120 64
1 67 60 60 64
1 66 60 60 64
1 64 60 60 64
1 62 60 60 64
1 64 60 60 64
1 61 60 60 64
1 62 60 60 64
1 61 60 60 64
1 62 60 60 64
1 59 60 60 64
1 66 120 120 64
1 54 120 120 64
1 59 60 60 64
1 60 60 60 64
1 59 60 60 64
1 57 60 60 64
1 56 60 60 64
1 54 60 60 64
1 56 60 60 64
1 52 60 60 64
1 57 60 60 64
1 59 60 60 64
1 57 60 60 64
1 55 60 60 64
1 54 60 60 64
1 52 60 60 64
1 54 60 60 64
1 50 60 60 64
1 55 60 60 64
1 57 60 60 64
1 55 60 60 64
1 54 60 60 64
1 52 60 60 64
1 50 60 60 64
1 52 60 60 64
1 49 60 60 64
1 51 60 60 64
1 49 60 60 64
1 51 60 60 64
1 47 60 60 64
1 52 60 60 64
1 51 60 60 64
1 52 60 60 64
1 40 60 60 64
1 47 30 30 64
1 48 30 33 64
1 47 30 33 48
1 48 30 33 48
1 47 30 33 48
1 48 30 33 48
1 47 30 33 48
1 48 30 33 48
1 47 30 33 49
1 48 30 33 49
1 47 30 33 49
1 48 30 33 49
1 47 30 33 49
1 48 30 33 49
1 47 30 33 50
1 48 30 33 50
1 47 30 33 50
1 48 30 33 50
1 47 30 33 50
1 48 30 33 51
1 47 30 33 51
1 48 30 33 51
1 47 30 33 51
1 48 30 33 51
1 47 30 33 51
1 48 30 33 52
1 47 30 33 52
1 48 30 33 52
1 47 30 33 52
1 48 30 33 52
1 47 30 33 52
1 48 30 33 53
1 47 30 33 53
1 48 30 33 53
1 47 30 33 53
1 48 30 33 53
1 47 30 33 53
1 48 30 33 54
1 47 30 33 54
1 48 30 33 54
1 47 30 33 54
1 48 30 33 54
1 47 30 33 54
1 48 30 33 55
1 47 30 33 55
1 48 30 33 55
1 47 30 33 55
1 48 30 30 55
1 47 30 33 56
1 48 30 33 56
1 47 30 33 56
1 48 30 33 56
1 47 30 33 56
1 48 30 33 56
1 47 30 33 57
1 48 30 33 57
1 47 30 33 57
1 48 30 33 57
1 47 30 33 57
1 48 30 33 57
1 47 30 33 58
1 48 30 33 58
1 47 30 33 58
1 48 30 33 58
1 47 30 33 58
1 48 30 33 58
1 47 30 33 59
1 48 30 33 59
1 47 30 33 59
1 48 30 33 59
1 47 30 33 59
1 48 30 33 59
1 47 60 66 64
1 60 60 60 64
1 59 60 60 64
1 57 60 60 64
1 55 60 60 64
1 54 60 60 64
1 55 60 60 64
1 59 60 60 64
1 64 60 60 64
1 59 60 60 64
1 57 60 60 64
1 55 60 60 64
1 54 60 60 64
1 52 60 60 64
1 54 60 60 64
1 57 60 60 64
1 63 60 60 64
1 57 60 60 64
1 55 60 60 64
1 54 60 60 64
1 52 60 60 64
1 51 60 60 64
1 52 60 60 64
1 55 60 60 64
1 60 60 60 64
1 55 60 60 64
1 54 60 60 64
1 52 60 60 64
1 51 120 120 64
1 47 420 120 64
1 55 60 60 64
1 54 60 60 64
1 52 60 60 64
1 51 60 60 64
1 49 60 60 64
1 51 60 60 64
1 47 60 60 64
1 52 60 60 64
1 50 60 60 64
1 48 60 60 64
1 47 60 60 64
1 45 60 60 64
1 43 60 60 64
1 45 60 60 64
1 42 60 60 64
1 43 60 60 64
1 45 60 60 64
1 43 60 60 64
1 42 60 60 64
1 40 60 60 64
1 38 60 60 64
1 40 60 60 64
1 36 60 60 64
1 45 60 60 64
1 43 60 60 64
1 45 60 60 64
1 42 60 60 64
1 47 60 60 64
1 45 60 60 64
1 47 60 60 64
1 43 60 60 64
1 48 540 530 64
1 60 60 60 64
1 59 60 60 64
1 57 60 60 64
1 55 60 60 64
1 54 60 60 64
1 55 60 60 64
1 52 60 60 64
1 51 120 120 64
1 52 120 120 64
1 59 120 120 64
1 47 120 120 64
