0 0 120 0 0
0 70 60 60 64
0 72 60 60 64
0 74 60 60 64
0 72 60 60 64
0 70 120 120 64
0 77 120 120 64
0 74 120 120 64
0 82 120 120 64
0 77 120 120 64
0 74 120 120 64
0 77 60 60 64
0 75 60 60 64
0 74 60 60 64
0 75 60 60 64
0 77 120 120 64
0 70 120 120 64
0 74 120 120 64
0 65 120 120 64
0 68 120 120 64
0 67 120 120 64
0 63 60 60 64
0 65 60 60 64
0 67 60 60 64
0 65 60 60 64
0 63 120 120 64
0 70 120 120 64
0 67 120 120 64
0 75 120 120 64
0 70 120 120 64
0 67 120 120 64
0 70 60 60 64
0 68 60 60 64
0 67 60 60 64
0 68 60 60 64
0 70 120 120 64
0 63 120 120 64
0 67 120 120 64
0 60 120 120 64
0 63 120 120 64
0 57 120 120 64
0 60 60 60 64
0 62 60 60 64
0 63 60 60 64
0 62 60 60 64
0 60 120 120 64
0 69 120 120 64
0 65 120 120 64
0 72 120 120 64
0 69 120 120 64
0 75 120 120 64
0 65 60 60 64
0 67 60 60 64
0 69 60 60 64
0 67 60 60 64
0 65 120 120 64
0 72 120 120 64
0 69 120 120 64
0 77 120 120 64
0 72 120 120 64
0 74 600 240 64
0 79 60 60 64
0 77 60 60 64
0 75 60 60 64
0 77 60 60 64
0 79 120 120 64
0 72 600 240 64
0 77 60 60 64
0 75 60 60 64
0 74 60 60 64
0 75 60 60 64
0 77 120 120 64
0 70 600 240 64
0 75 60 60 64
0 74 60 60 64
0 72 60 60 64
0 74 60 60 64
0 75 120 120 64
0 69 120 120 64
0 72 60 60 64
0 70 60 60 64
0 69 60 60 64
0 70 60 60 64
0 72 120 120 64
0 65 480 240 64
0 77 240 240 64
0 65 240 240 64
0 69 240 240 64
0 72 240 240 64
0 77 1200 480 64
0 65 240 240 64
0 70 240 240 64
0 74 240 240 64
0 77 1200 480 64
0 67 240 240 64
0 70 240 240 64
0 72 240 240 64
0 76 1080 480 64
0 65 60 60 64
0 67 60 60 64
0 69 60 60 64
0 67 60 60 64
0 65 120 120 64
0 72 120 120 64
0 69 120 120 64
0 77 120 120 64
0 72 120 120 64
0 81 120 120 64
0 75 60 60 64
0 74 60 60 64
0 72 60 60 64
0 74 60 60 64
0 75 120 120 64
0 69 120 120 64
0 72 120 120 64
0 66 120 120 64
0 74 120 120 64
0 70 240 240 64
0 74 240 240 64
0 70 240 240 64
0 67 240 240 64
0 68 240 240 64
0 77 240 240 64
0 68 240 240 64
0 65 240 240 64
0 67 120 120 64
0 60 60 60 64
0 62 60 60 64
0 63 60 60 64
0 62 60 60 64
0 60 120 120 64
0 67 120 120 64
0 63 120 120 64
0 72 120 120 64
0 67 120 120 64
0 74 120 120 64
0 68 60 60 64
0 67 60 60 64
0 65 60 60 64
0 67 60 60 64
0 68 120 120 64
0 62 120 120 64
0 65 120 120 64
0 59 120 120 64
0 67 120 120 64
0 63 600 240 64
0 60 60 60 64
0 62 60 60 64
0 63 60 60 64
0 62 60 60 64
0 60 120 120 64
0 72 360 360 64
0 70 120 120 64
0 69 120 120 64
0 65 60 60 64
0 67 60 60 64
0 69 60 60 64
0 67 60 60 64
0 65 120 120 64
0 77 360 360 64
0 75 120 120 64
0 74 120 120 64
0 70 60 60 64
0 72 60 60 64
0 74 60 60 64
0 72 60 60 64
0 70 120 120 64
0 82 360 360 64
0 80 120 120 64
0 79 120 120 64
0 82 60 60 64
0 80 60 60 64
0 79 60 60 64
0 80 60 60 64
0 82 120 120 64
0 75 120 120 64
0 79 60 60 64
0 77 60 60 64
0 75 60 60 64
0 77 60 60 64
0 79 120 120 64
0 72 120 120 64
0 75 60 60 64
0 74 60 60 64
0 72 60 60 64
0 74 60 60 64
0 75 120 120 64
0 69 120 120 64
0 72 60 60 64
0 74 60 60 64
0 75 60 60 64
0 74 60 60 64
0 72 120 120 64
0 77 120 120 64
0 68 60 60 64
0 67 60 60 64
0 65 60 60 64
0 67 60 60 64
0 68 120 120 64
0 67 120 120 64
0 70 60 60 64
0 72 60 60 64
0 74 60 60 64
0 72 60 60 64
0 70 120 120 64
0 75 120 120 64
0 67 60 60 64
0 65 60 60 64
0 63 60 60 64
0 65 60 60 64
0 67 120 120 64
0 63 120 120 64
0 69 60 60 64
0 70 60 60 64
0 72 60 60 64
0 70 60 60 64
0 69 120 120 64
0 74 120 120 64
0 65 60 60 64
0 63 60 60 64
0 62 60 60 64
0 63 60 60 64
0 65 120 120 64
0 63 120 120 64
0 67 60 60 64
0 69 60 60 64
0 70 60 60 64
0 69 60 60 64
0 67 120 120 64
0 72 120 120 64
0 63 60 60 64
0 62 60 60 64
0 60 60 60 64
0 62 60 60 64
0 63 120 120 64
0 62 600 240 64
0 70 60 60 64
0 72 60 60 64
0 74 60 60 64
0 72 60 60 64
0 70 120 120 64
0 77 120 120 64
0 74 120 120 64
0 82 120 120 64
0 77 120 120 64
0 74 120 120 64
0 77 60 60 64
0 75 60 60 64
0 74 60 60 64
0 75 60 60 64
0 77 120 120 64
0 70 120 120 64
0 75 120 120 64
0 70 120 120 64
0 75 120 120 64
0 67 120 120 64
0 63 60 60 64
0 65 60 60 64
0 67 60 60 64
0 65 60 60 64
0 63 120 120 64
0 70 120 120 64
0 67 120 120 64
0 75 120 120 64
0 70 120 120 64
0 67 120 120 64
0 70 60 60 64
0 68 60 60 64
0 67 60 60 64
0 68 60 60 64
0 70 120 120 64
0 63 240 240 64
0 75 360 360 64
0 75 60 60 64
0 74 60 60 64
0 72 60 60 64
0 74 60 60 64
0 75 120 120 64
0 65 240 240 64
0 75 360 360 64
0 72 60 60 64
0 74 60 60 64
0 75 60 60 64
0 74 60 60 64
0 72 120 120 64
0 77 120 120 64
0 74 60 60 64
0 72 60 60 64
0 70 60 60 64
0 72 60 60 64
0 74 120 120 64
0 65 120 120 64
0 70 120 120 64
0 72 120 120 64
0 69 120 120 64
1 58 240 240 64
1 46 240 240 64
1 50 240 240 64
1 53 240 240 64
1 58 1200 480 64
1 46 240 240 64
1 51 240 240 64
1 55 240 240 64
1 58 1200 480 64
1 46 240 240 64
1 48 240 240 64
1 51 240 240 64
1 57 1080 480 64
1 58 60 60 64
1 60 60 60 64
1 62 60 60 64
1 60 60 60 64
1 58 120 120 64
1 63 600 240 64
1 57 60 60 64
1 58 60 60 64
1 60 60 60 64
1 58 60 60 64
1 57 120 120 64
1 62 600 240 64
1 55 60 60 64
1 57 60 60 64
1 58 60 60 64
1 57 60 60 64
1 55 120 120 64
1 60 120 120 64
1 48 60 60 64
1 50 60 60 64
1 51 60 60 64
1 50 60 60 64
1 48 120 120 64
1 53 240 240 64
1 41 360 240 64
1 60 120 120 64
1 57 120 120 64
1 53 240 120 64
1 53 60 60 64
1 55 60 60 64
1 57 60 60 64
1 55 60 60 64
1 53 120 120 64
1 60 120 120 64
1 57 120 120 64
1 65 120 120 64
1 60 120 120 64
1 57 120 120 64
1 60 60 60 64
1 58 60 60 64
1 57 60 60 64
1 58 60 60 64
1 60 120 120 64
1 53 120 120 64
1 57 120 120 64
1 48 120 120 64
1 51 120 120 64
1 50 120 120 64
1 46 60 60 64
1 48 60 60 64
1 50 60 60 64
1 48 60 60 64
1 46 120 120 64
1 53 120 120 64
1 50 120 120 64
1 58 120 120 64
1 53 120 120 64
1 50 120 120 64
1 53 60 60 64
1 51 60 60 64
1 50 60 60 64
1 51 60 60 64
1 53 120 120 64
1 46 120 120 64
1 50 120 120 64
1 43 120 120 64
1 46 120 120 64
1 40 120 120 64
1 43 60 60 64
1 45 60 60 64
1 46 60 60 64
1 45 60 60 64
1 43 120 120 64
1 52 120 120 64
1 48 120 120 64
1 55 120 120 64
1 52 120 120 64
1 58 120 120 64
1 48 60 60 64
1 50 60 60 64
1 52 60 60 64
1 50 60 60 64
1 48 120 120 64
1 55 120 120 64
1 52 120 120 64
1 60 120 120 64
1 55 120 120 64
1 57 240 240 64
1 60 240 240 64
1 57 240 240 64
1 53 240 240 64
1 54 240 240 64
1 57 240 240 64
1 54 240 240 64
1 50 240 240 64
1 55 120 120 64
1 43 60 60 64
1 45 60 60 64
1 46 60 60 64
1 45 60 60 64
1 43 120 120 64
1 50 120 120 64
1 46 120 120 64
1 55 120 120 64
1 50 120 120 64
1 58 120 120 64
1 56 60 60 64
1 55 60 60 64
1 53 60 60 64
1 55 60 60 64
1 56 120 120 64
1 50 120 120 64
1 53 120 120 64
1 46 120 120 64
1 50 120 120 64
1 51 240 240 64
1 55 240 240 64
1 51 240 240 64
1 48 240 240 64
1 47 240 240 64
1 50 240 240 64
1 47 240 240 64
1 43 240 240 64
1 48 120 120 64
1 36 60 60 64
1 38 60 60 64
1 39 60 60 64
1 38 60 60 64
1 36 120 120 64
1 48 360 360 64
1 46 120 120 64
1 45 120 120 64
1 41 60 60 64
1 43 60 60 64
1 45 60 60 64
1 43 60 60 64
1 41 120 120 64
1 53 360 360 64
1 51 120 120 64
1 50 120 120 64
1 46 60 60 64
1 48 60 60 64
1 50 60 60 64
1 48 60 60 64
1 46 120 120 64
1 58 360 360 64
1 56 120 120 64
1 55 120 120 64
1 51 60 60 64
1 53 60 60 64
1 55 60 60 64
1 53 60 60 64
1 51 120 120 64
1 63 360 360 64
1 62 120 120 64
1 60 120 120 64
1 63 60 60 64
1 62 60 60 64
1 60 60 60 64
1 62 60 60 64
1 63 120 120 64
1 57 120 120 64
1 60 60 60 64
1 58 60 60 64
1 57 60 60 64
1 58 60 60 64
1 60 120 120 64
1 53 120 120 64
1 57 60 60 64
1 58 60 60 64
1 60 60 60 64
1 58 60 60 64
1 57 120 120 64
1 62 120 120 64
1 53 60 60 64
1 51 60 60 64
1 50 60 60 64
1 51 60 60 64
1 53 120 120 64
1 51 120 120 64
1 55 60 60 64
1 57 60 60 64
1 58 60 60 64
1 57 60 60 64
1 55 120 120 64
1 60 120 120 64
1 51 60 60 64
1 50 60 60 64
1 48 60 60 64
1 50 60 60 64
1 51 120 120 64
1 50 120 120 64
1 53 60 60 64
1 55 60 60 64
1 57 60 60 64
1 55 60 60 64
1 53 120 120 64
1 58 120 120 64
1 50 60 60 64
1 48 60 60 64
1 46 60 60 64
1 48 60 60 64
1 50 120 120 64
1 48 120 120 64
1 51 60 60 64
1 53 60 60 64
1 55 60 60 64
1 53 60 60 64
1 51 120 120 64
1 57 120 120 64
1 48 60 60 64
1 46 60 60 64
1 45 60 60 64
1 46 60 60 64
1 48 120 120 64
1 46 120 120 64
1 58 60 60 64
1 60 60 60 64
1 62 60 60 64
1 60 60 60 64
1 58 120 120 64
1 65 120 120 64
1 62 120 120 64
1 70 120 120 64
1 65 120 120 64
1 62 120 120 64
1 65 60 60 64
1 63 60 60 64
1 62 60 60 64
1 63 60 60 64
1 65 120 120 64
1 58 120 120 64
1 62 120 120 64
1 53 120 120 64
1 56 120 120 64
1 55 120 120 64
1 51 60 60 64
1 53 60 60 64
1 55 60 60 64
1 53 60 60 64
1 51 120 120 64
1 58 120 120 64
1 55 120 120 64
1 63 120 120 64
1 58 120 120 64
1 55 120 120 64
1 58 60 60 64
1 56 60 60 64
1 55 60 60 64
1 56 60 60 64
1 58 120 120 64
1 51 120 120 64
1 55 120 120 64
1 46 120 120 64
1 50 120 120 64
1 48 120 120 64
1 41 60 60 64
1 43 60 60 64
1 45 60 60 64
1 43 60 60 64
1 41 120 120 64
1 48 120 120 64
1 45 120 120 64
1 51 120 120 64
1 48 120 120 64
1 45 120 120 64
1 48 60 60 64
1 46 60 60 64
1 45 60 60 64
1 46 60 60 64
1 48 120 120 64
1 41 120 120 64
1 45 120 120 64
1 36 120 120 64
1 39 120 120 64
1 38 120 120 64
1 46 60 60 64
1 48 60 60 64
1 50 60 60 64
1 48 60 60 64
1 46 120 120 64
1 53 240 240 64
1 41 240 240 64
