0 0 60 0 0
0 64 60 60 64
0 69 60 60 64
0 72 60 60 64
0 71 60 60 64
0 64 60 60 64
0 71 60 60 64
0 74 60 60 64
0 72 120 120 64
0 76 120 120 64
0 68 120 120 64
0 76 120 120 64
0 69 60 60 64
0 64 60 60 64
0 69 60 60 64
0 72 60 60 64
0 71 60 60 64
0 64 60 60 64
0 71 60 60 64
0 74 60 60 64
0 72 120 120 64
0 69 420 120 64
0 76 60 60 64
0 72 60 60 64
0 76 60 60 64
0 69 60 60 64
0 72 60 60 64
0 64 60 60 64
0 67 60 60 64
0 65 120 120 64
0 69 120 120 64
0 74 120 120 64
0 77 180 180 64
0 74 60 60 64
0 71 60 60 64
0 74 60 60 64
0 67 60 60 64
0 71 60 60 64
0 62 60 60 64
0 65 60 60 64
0 64 120 120 64
0 67 120 120 64
0 72 120 120 64
0 76 180 180 64
0 72 60 60 64
0 69 60 60 64
0 72 60 60 64
0 65 120 120 64
0 74 180 180 64
0 71 60 60 64
0 67 60 60 64
0 71 60 60 64
0 64 120 120 64
0 72 180 180 64
0 69 60 60 64
0 65 60 60 64
0 69 60 60 64
0 62 120 120 64
0 71 120 120 64
0 72 540 120 64
0 67 60 60 64
0 72 60 60 64
0 76 60 60 64
0 74 60 60 64
0 67 60 60 64
0 74 60 60 64
0 77 60 60 64
0 76 120 120 64
0 79 120 120 64
0 71 120 120 64
0 79 120 120 64
0 72 60 60 64
0 67 60 60 64
0 72 60 60 64
0 76 60 60 64
0 74 60 60 64
0 67 60 60 64
0 74 60 60 64
0 77 60 60 64
0 76 120 120 64
0 72 120 120 64
0 79 120 120 64
0 76 120 120 64
0 84 60 60 64
0 81 60 60 64
0 76 60 60 64
0 81 60 60 64
0 72 60 60 64
0 76 60 60 64
0 69 60 60 64
0 72 60 60 64
0 74 120 120 64
0 78 120 120 64
0 81 120 120 64
0 84 120 120 64
0 83 60 60 64
0 79 60 60 64
0 74 60 60 64
0 79 60 60 64
0 71 60 60 64
0 74 60 60 64
0 67 60 60 64
0 71 60 60 64
0 72 120 120 64
0 76 120 120 64
0 79 120 120 64
0 83 120 120 64
0 81 60 60 64
0 78 60 60 64
0 75 60 60 64
0 78 60 60 64
0 71 60 60 64
0 75 60 60 64
0 66 60 60 64
0 69 60 60 64
0 67 120 120 64
0 79 180 180 64
0 76 60 60 64
0 72 60 60 64
0 76 60 60 64
0 69 120 120 64
0 78 180 180 64
0 74 60 60 64
0 71 60 60 64
0 74 60 60 64
0 67 120 120 64
0 76 180 180 64
0 72 60 60 64
0 69 60 60 64
0 72 60 60 64
0 66 60 60 64
0 79 60 60 64
0 78 60 60 64
0 76 60 60 64
0 75 60 60 64
0 78 60 60 64
0 71 60 60 64
0 75 60 60 64
0 76 540 120 64
0 79 60 60 64
0 82 60 60 64
0 79 60 60 64
0 76 60 60 64
0 79 60 60 64
0 73 60 60 64
0 76 60 60 64
0 79 60 60 64
0 76 60 60 64
0 73 60 60 64
0 76 60 60 64
0 69 300 60 64
0 77 60 60 64
0 81 60 60 64
0 77 60 60 64
0 74 60 60 64
0 77 60 60 64
0 71 60 60 64
0 74 60 60 64
0 77 60 60 64
0 74 60 60 64
0 71 60 60 64
0 74 60 60 64
0 67 300 60 64
0 76 60 60 64
0 79 60 60 64
0 76 60 60 64
0 72 60 60 64
0 76 60 60 64
0 69 60 60 64
0 72 60 60 64
0 75 60 60 64
0 72 60 60 64
0 69 60 60 64
0 72 60 60 64
0 66 300 60 64
0 74 60 60 64
0 77 60 60 64
0 74 60 60 64
0 71 60 60 64
0 74 60 60 64
0 68 60 60 64
0 71 60 60 64
0 74 60 60 64
0 71 60 60 64
0 68 60 60 64
0 71 60 60 64
0 64 300 60 64
0 64 60 60 64
0 69 60 60 64
0 72 60 60 64
0 71 60 60 64
0 64 60 60 64
0 71 60 60 64
0 74 60 60 64
0 72 120 120 64
0 69 120 120 64
0 68 120 120 64
0 64 120 120 64
0 69 60 60 64
0 72 60 60 64
0 76 60 60 64
0 72 60 60 64
0 69 60 60 64
0 72 60 60 64
0 66 60 60 64
0 69 60 60 64
0 72 60 60 64
0 69 60 60 64
0 66 60 60 64
0 69 60 60 64
0 63 60 60 64
0 72 60 60 64
0 71 60 60 64
0 69 60 60 64
0 68 60 60 64
0 71 60 60 64
0 74 60 60 64
0 71 60 60 64
0 68 60 60 64
0 71 60 60 64
0 62 60 60 64
0 65 60 60 64
0 68 60 60 64
0 65 60 60 64
0 62 60 60 64
0 65 60 60 64
0 59 60 60 64
0 65 60 60 64
0 64 60 60 64
0 62 60 60 64
0 60 60 60 64
0 64 60 60 64
0 69 60 60 64
0 64 60 60 64
0 60 60 60 64
0 64 60 60 64
0 57 60 60 64
0 60 60 60 64
0 63 60 60 64
0 60 60 60 64
0 57 60 60 64
0 60 60 60 64
0 54 60 60 64
0 60 60 60 64
0 59 60 60 64
0 57 60 60 64
0 56 120 120 64
0 71 120 120 64
0 68 120 120 64
0 64 180 120 64
0 64 60 60 64
0 69 60 60 64
0 72 60 60 64
0 71 60 60 64
0 64 60 60 64
0 71 60 60 64
0 74 60 60 64
0 72 60 60 64
0 69 60 60 64
0 72 60 60 64
0 76 60 60 64
0 74 60 60 64
0 71 60 60 64
0 74 60 60 64
0 77 60 60 64
0 76 60 60 64
0 72 60 60 64
0 76 60 60 64
0 79 60 60 64
0 77 60 60 64
0 76 60 60 64
0 74 60 60 64
0 72 60 60 64
0 71 60 60 64
0 72 60 60 64
0 74 60 60 64
0 76 60 60 64
0 77 60 60 64
0 74 60 60 64
0 80 60 60 64
0 74 60 60 64
0 83 60 60 64
0 74 60 60 64
0 72 60 60 64
0 81 60 60 64
0 77 60 60 64
0 74 60 60 64
0 71 60 60 64
0 74 60 60 64
0 68 60 60 64
0 71 60 60 64
0 72 60 60 64
0 69 60 60 64
0 64 60 60 64
0 69 60 60 64
0 71 60 60 64
0 68 60 60 64
0 69 60 60 64
0 64 60 60 64
0 60 60 60 64
0 64 60 60 64
1 45 120 120 64
1 57 240 240 64
1 56 120 120 64
1 57 60 60 64
1 52 60 60 64
1 57 60 60 64
1 60 60 60 64
1 59 60 60 64
1 52 60 60 64
1 59 60 60 64
1 62 60 60 64
1 60 120 120 64
1 57 120 120 64
1 56 120 120 64
1 52 120 120 64
1 57 60 60 64
1 52 60 60 64
1 57 60 60 64
1 60 60 60 64
1 59 60 60 64
1 52 60 60 64
1 59 60 60 64
1 62 60 60 64
1 60 120 120 64
1 57 120 120 64
1 60 120 120 64
1 57 120 120 64
1 62 60 60 64
1 57 60 60 64
1 53 60 60 64
1 57 60 60 64
1 50 60 60 64
1 53 60 60 64
1 45 60 60 64
1 48 60 60 64
1 47 120 120 64
1 50 120 120 64
1 55 120 120 64
1 59 180 180 64
1 55 60 60 64
1 52 60 60 64
1 55 60 60 64
1 48 60 60 64
1 52 60 60 64
1 43 60 60 64
1 47 60 60 64
1 45 120 120 64
1 48 120 120 64
1 50 60 60 64
1 53 60 60 64
1 47 60 60 64
1 50 60 60 64
1 43 120 120 64
1 47 120 120 64
1 48 60 60 64
1 52 60 60 64
1 45 60 60 64
1 48 60 60 64
1 41 120 120 64
1 38 120 120 64
1 43 60 50 64
1 55 60 60 64
1 53 60 60 64
1 55 60 60 64
1 48 60 50 64
1 55 60 60 64
1 60 60 60 64
1 64 60 60 64
1 62 60 60 64
1 55 60 60 64
1 62 60 60 64
1 65 60 60 64
1 64 120 120 64
1 60 120 120 64
1 59 120 120 64
1 55 120 120 64
1 60 60 60 64
1 55 60 60 64
1 60 60 60 64
1 64 60 60 64
1 62 60 60 64
1 55 60 60 64
1 62 60 60 64
1 65 60 60 64
1 64 120 120 64
1 60 420 120 64
1 67 60 60 64
1 64 60 60 64
1 67 60 60 64
1 60 60 60 64
1 64 60 60 64
1 55 60 60 64
1 59 60 60 64
1 57 120 120 64
1 60 120 120 64
1 64 120 120 64
1 67 120 120 64
1 66 60 60 64
1 69 60 60 64
1 62 60 60 64
1 66 60 60 64
1 57 60 60 64
1 62 60 60 64
1 54 60 60 64
1 57 60 60 64
1 55 120 120 64
1 59 120 120 64
1 62 120 120 64
1 66 120 120 64
1 64 60 60 64
1 67 60 60 64
1 60 60 60 64
1 64 60 60 64
1 55 60 60 64
1 60 60 60 64
1 52 60 60 64
1 55 60 60 64
1 54 120 120 64
1 57 120 120 64
1 59 120 120 64
1 63 180 120 64
1 64 60 60 64
1 60 60 60 64
1 64 60 60 64
1 57 60 60 64
1 60 60 60 64
1 64 60 60 64
1 67 60 60 64
1 66 60 60 64
1 62 60 60 64
1 59 60 60 64
1 62 60 60 64
1 55 60 60 64
1 59 60 60 64
1 62 60 60 64
1 66 60 60 64
1 64 60 60 64
1 60 60 60 64
1 57 60 60 64
1 60 60 60 64
1 54 60 60 64
1 57 60 60 64
1 60 180 180 64
1 59 60 60 64
1 60 60 60 64
1 57 60 60 64
1 59 120 120 64
1 47 120 120 64
1 52 60 60 64
1 64 60 60 64
1 59 60 60 64
1 55 60 60 64
1 52 60 60 64
1 47 60 60 64
1 43 60 60 64
1 47 60 60 64
1 40 120 120 64
1 52 120 120 64
1 55 120 120 64
1 58 120 120 64
1 49 300 120 64
1 67 60 60 64
1 66 60 60 64
1 64 60 60 64
1 62 120 120 64
1 50 120 120 64
1 53 120 120 64
1 56 120 120 64
1 47 300 120 64
1 65 60 60 64
1 64 60 60 64
1 62 60 60 64
1 60 120 120 64
1 48 120 120 64
1 52 120 120 64
1 54 120 120 64
1 45 300 120 64
1 64 60 60 64
1 63 60 60 64
1 61 60 60 64
1 59 120 120 64
1 47 120 120 64
1 50 120 120 64
1 53 120 120 64
1 44 300 120 64
1 62 60 60 64
1 60 60 60 64
1 59 60 60 64
1 60 120 120 64
1 57 120 120 64
1 56 120 120 64
1 52 120 120 64
1 57 60 60 64
1 52 60 60 64
1 57 60 60 64
1 60 60 60 64
1 59 60 60 64
1 52 60 60 64
1 59 60 60 64
1 62 60 60 64
1 60 60 60 64
1 64 60 60 64
1 69 60 60 64
1 64 60 60 64
1 60 60 60 64
1 64 60 60 64
1 57 60 60 64
1 60 60 60 64
1 54 60 60 64
1 57 60 60 64
1 60 60 60 64
1 57 60 60 64
1 54 60 60 64
1 57 60 60 64
1 51 60 60 64
1 54 60 60 64
1 52 120 120 64
1 56 120 120 64
1 59 120 120 64
1 56 120 120 64
1 52 120 120 64
1 47 120 120 64
1 44 120 120 64
1 40 120 120 64
1 45 120 120 64
1 48 120 120 64
1 52 120 120 64
1 48 120 120 64
1 45 120 120 64
1 48 120 120 64
1 39 300 120 64
1 59 60 60 64
1 56 60 60 64
1 52 60 60 64
1 50 60 60 64
1 59 60 60 64
1 56 60 60 64
1 50 60 60 64
1 48 120 120 64
1 52 120 120 64
1 44 120 120 64
1 52 120 120 64
1 45 120 120 64
1 54 120 120 64
1 47 120 120 64
1 56 120 120 64
1 48 120 120 64
1 57 120 120 64
1 50 120 120 64
1 58 120 120 64
1 56 120 120 64
1 53 120 120 64
1 50 120 120 64
1 47 120 120 64
1 44 120 120 64
1 45 120 120 64
1 38 120 120 64
1 40 120 120 64
1 41 120 120 64
1 39 120 120 64
1 40 120 120 64
1 52 120 120 64
