0 69 30 30 64
0 68 30 30 56
0 69 180 170 64
0 69 120 120 64
0 69 30 30 64
0 68 30 30 56
0 69 180 170 64
0 69 120 120 64
0 71 40 40 64
0 69 40 48 48
0 71 40 48 49
0 73 40 48 50
0 71 40 48 51
0 73 40 48 52
0 71 40 48 53
0 73 40 48 53
0 71 40 48 54
0 73 40 48 55
0 71 40 48 56
0 73 40 48 57
0 71 40 48 58
0 73 40 48 59
0 71 40 48 60
0 73 40 48 61
0 71 40 48 62
0 73 40 48 63
0 71 60 60 64
0 69 60 60 64
0 68 60 60 64
0 69 60 60 64
0 71 60 60 64
0 73 60 60 64
0 74 60 60 64
0 73 60 60 64
0 74 60 60 64
0 78 60 60 64
0 76 60 60 64
0 74 60 60 64
0 73 60 60 64
0 69 60 60 64
0 73 60 60 64
0 76 60 60 64
0 81 60 60 64
0 78 60 60 64
0 75 60 60 64
0 71 60 60 64
0 75 60 60 64
0 78 60 60 64
0 81 60 60 64
0 78 60 60 64
0 80 60 60 64
0 81 60 60 64
0 80 60 60 64
0 78 60 60 64
0 76 60 60 64
0 75 60 60 64
0 73 60 60 64
0 75 60 60 64
0 76 60 60 64
0 75 60 60 64
0 73 60 60 64
0 71 60 60 64
0 69 60 60 64
0 73 60 60 64
0 76 60 60 64
0 73 60 60 64
0 69 60 60 64
0 73 60 60 64
0 66 60 60 64
0 69 60 60 64
0 73 60 60 64
0 69 60 60 64
0 66 60 60 64
0 69 60 60 64
0 63 120 120 64
0 66 120 120 64
0 63 120 120 64
0 59 60 60 64
0 63 60 60 64
0 66 60 60 64
0 69 60 60 64
0 68 60 60 64
0 66 60 60 64
0 64 60 60 64
0 68 60 60 64
0 71 60 60 64
0 76 60 60 64
0 71 60 60 64
0 68 60 60 64
0 64 360 240 64
0 76 30 30 64
0 75 30 30 56
0 76 180 170 64
0 76 120 120 64
0 76 30 30 64
0 75 30 30 56
0 76 180 170 64
0 76 120 120 64
0 76 60 60 64
0 81 60 60 64
0 76 60 60 64
0 73 60 60 64
0 69 60 60 64
0 73 60 60 64
0 76 60 60 64
0 81 60 60 64
0 76 60 60 64
0 73 60 60 64
0 69 60 60 64
0 73 60 60 64
0 74 30 30 64
0 73 30 30 56
0 74 180 170 64
0 74 120 120 64
0 74 30 30 64
0 73 30 30 56
0 74 180 170 64
0 74 120 120 64
0 74 60 60 64
0 83 60 60 64
0 80 60 60 64
0 74 60 60 64
0 71 60 60 64
0 74 60 60 64
0 80 60 60 64
0 83 60 60 64
0 80 60 60 64
0 74 60 60 64
0 71 60 60 64
0 74 60 60 64
0 73 420 120 64
0 62 60 60 64
0 66 60 60 64
0 69 60 60 64
0 74 60 60 64
0 73 60 60 64
0 71 420 120 64
0 61 60 60 64
0 65 60 60 64
0 68 60 60 64
0 73 60 60 64
0 71 60 60 64
0 69 420 120 64
0 59 60 60 64
0 62 60 60 64
0 66 60 60 64
0 71 60 60 64
0 69 60 60 64
0 68 60 60 64
0 66 60 60 64
0 71 60 60 64
0 69 60 60 64
0 68 60 60 64
0 66 60 60 64
0 65 60 60 64
0 68 60 60 64
0 73 60 60 64
0 71 60 60 64
0 69 60 60 64
0 68 60 60 64
0 66 120 120 64
0 78 120 120 64
0 66 120 120 64
0 66 120 120 64
0 61 120 120 64
0 66 120 120 64
0 68 40 40 64
0 66 40 40 64
0 68 40 44 56
0 69 40 44 56
0 68 40 44 57
0 69 40 44 57
0 68 40 44 58
0 69 40 44 58
0 68 40 44 59
0 69 40 44 59
0 68 40 44 60
0 69 40 44 60
0 68 40 44 61
0 69 40 44 61
0 68 40 44 62
0 69 40 44 62
0 68 40 44 63
0 69 40 44 63
0 68 60 60 64
0 66 60 60 64
0 65 60 60 64
0 66 60 60 64
0 68 60 60 64
0 69 60 60 64
0 71 60 60 64
0 69 60 60 64
0 71 60 60 64
0 74 60 60 64
0 73 60 60 64
0 71 60 60 64
0 69 60 60 64
0 66 60 60 64
0 69 60 60 64
0 73 60 60 64
0 78 60 60 64
0 75 60 60 64
0 72 60 60 64
0 68 60 60 64
0 72 60 60 64
0 75 60 60 64
0 78 60 60 64
0 75 60 60 64
0 76 60 60 64
0 78 60 60 64
0 76 60 60 64
0 75 60 60 64
0 73 60 60 64
0 71 60 60 64
0 69 60 60 64
0 71 60 60 64
0 73 60 60 64
0 71 60 60 64
0 69 60 60 64
0 68 60 60 64
0 66 60 60 64
0 69 60 60 64
0 73 60 60 64
0 69 60 60 64
0 66 60 60 64
0 69 60 60 64
0 63 60 60 64
0 66 60 60 64
0 69 60 60 64
0 66 60 60 64
0 63 60 60 64
0 66 60 60 64
0 60 120 120 64
0 63 120 120 64
0 66 120 120 64
0 69 120 120 64
0 68 120 120 64
0 72 120 120 64
0 73 60 60 64
0 76 60 60 64
0 80 60 60 64
0 76 60 60 64
0 73 60 60 64
0 76 60 60 64
0 80 60 60 64
0 76 60 60 64
0 73 60 60 64
0 76 60 60 64
0 80 60 60 64
0 76 60 60 64
0 73 60 60 64
0 76 60 60 64
0 78 60 60 64
0 76 60 60 64
0 73 60 60 64
0 76 60 60 64
0 78 60 60 64
0 76 60 60 64
0 73 60 60 64
0 76 60 60 64
0 78 60 60 64
0 70 60 60 64
0 71 60 60 64
0 74 60 60 64
0 78 60 60 64
0 74 60 60 64
0 71 60 60 64
0 74 60 60 64
0 78 60 60 64
0 74 60 60 64
0 71 60 60 64
0 74 60 60 64
0 78 60 60 64
0 74 60 60 64
0 71 60 60 64
0 74 60 60 64
0 76 60 60 64
0 74 60 60 64
0 71 60 60 64
0 74 60 60 64
0 76 60 60 64
0 74 60 60 64
0 71 60 60 64
0 74 60 60 64
0 76 60 60 64
0 68 60 60 64
0 69 30 30 64
0 68 30 30 56
0 69 180 170 64
0 69 120 120 64
0 69 30 30 64
0 68 30 30 56
0 69 180 170 64
0 69 120 120 64
0 69 60 60 64
0 75 60 60 64
0 71 60 60 64
0 69 60 60 64
0 66 60 60 64
0 69 60 60 64
0 71 60 60 64
0 75 60 60 64
0 71 60 60 64
0 69 60 60 64
0 66 60 60 64
0 69 60 60 64
0 67 30 30 64
0 66 30 30 56
0 67 180 170 64
0 67 120 120 64
0 67 30 30 64
0 66 30 30 56
0 67 180 170 64
0 67 120 120 64
0 67 60 60 64
0 76 60 60 64
0 73 60 60 64
0 67 60 60 64
0 64 60 60 64
0 67 60 60 64
0 73 60 60 64
0 76 60 60 64
0 73 60 60 64
0 67 60 60 64
0 64 60 60 64
0 67 60 60 64
0 66 420 120 64
0 56 60 60 64
0 59 60 60 64
0 62 60 60 64
0 68 60 60 64
0 66 60 60 64
0 64 420 120 64
0 54 60 60 64
0 57 60 60 64
0 61 60 60 64
0 66 60 60 64
0 64 60 60 64
0 62 420 120 64
0 52 60 60 64
0 56 60 60 64
0 59 60 60 64
0 64 60 60 64
0 62 60 60 64
0 61 60 60 64
0 57 60 60 64
0 61 60 60 64
0 64 60 60 64
0 69 60 60 64
0 64 60 60 64
0 73 60 60 64
0 69 60 60 64
0 73 60 60 64
0 76 60 60 64
0 81 60 60 64
0 73 60 60 64
0 74 60 60 64
0 78 60 60 64
0 81 60 60 64
0 78 60 60 64
0 74 60 60 64
0 78 60 60 64
0 71 60 60 64
0 74 60 60 64
0 78 60 60 64
0 74 60 60 64
0 71 60 60 64
0 74 60 60 64
0 68 120 120 64
0 71 120 120 64
0 74 120 120 64
0 78 120 120 64
0 76 120 120 64
0 71 120 120 64
0 78 120 120 64
0 76 120 120 64
0 69 120 120 64
0 76 120 120 64
0 74 120 120 64
0 68 120 120 64
0 74 120 120 64
0 73 120 120 64
0 64 120 120 64
0 66 60 60 64
0 68 60 60 64
0 69 60 60 64
0 71 60 60 64
0 73 60 60 64
0 74 60 60 64
0 68 60 60 64
0 64 60 60 64
0 68 60 60 64
0 71 60 60 64
0 76 60 60 64
0 71 60 60 64
0 80 60 60 64
0 76 60 60 64
0 83 60 60 64
0 80 60 60 64
0 76 60 60 64
0 80 60 60 64
0 81 120 120 64
0 76 120 120 64
0 73 120 120 64
0 69 60 60 64
0 74 60 60 64
0 73 60 60 64
0 71 60 60 64
0 76 180 180 64
0 78 60 60 64
0 73 120 120 64
0 71 60 60 64
0 69 60 60 64
1 57 60 60 64
1 59 60 60 64
1 61 60 60 64
1 59 60 60 64
1 57 60 60 64
1 56 60 60 64
1 54 60 60 64
1 56 60 60 64
1 57 60 60 64
1 56 60 60 64
1 54 60 60 64
1 52 60 60 64
1 50 60 60 64
1 54 60 60 64
1 57 60 60 64
1 54 60 60 64
1 50 60 60 64
1 54 60 60 64
1 47 60 60 64
1 50 60 60 64
1 54 60 60 64
1 50 60 60 64
1 47 60 60 64
1 50 60 60 64
1 44 120 120 64
1 47 120 120 64
1 44 120 120 64
1 40 120 120 64
1 42 120 120 64
1 44 120 120 64
1 45 720 240 64
1 52 30 30 64
1 51 30 30 56
1 52 180 170 64
1 52 120 120 64
1 52 30 30 64
1 51 30 30 56
1 52 180 170 64
1 52 120 120 64
1 54 40 40 64
1 52 40 48 48
1 54 40 48 49
1 56 40 48 50
1 54 40 48 51
1 56 40 48 52
1 54 40 48 52
1 56 40 48 53
1 54 40 48 54
1 56 40 48 55
1 54 40 48 56
1 56 40 48 57
1 54 40 48 58
1 56 40 48 59
1 54 40 48 60
1 56 40 48 61
1 54 40 48 62
1 56 40 48 63
1 54 60 60 64
1 52 60 60 64
1 51 60 60 64
1 52 60 60 64
1 54 60 60 64
1 56 60 60 64
1 57 60 60 64
1 56 60 60 64
1 57 60 60 64
1 61 60 60 64
1 59 60 60 64
1 57 60 60 64
1 56 60 60 64
1 52 60 60 64
1 56 60 60 64
1 59 60 60 64
1 64 60 60 64
1 59 60 60 64
1 56 60 60 64
1 52 60 60 64
1 56 60 60 64
1 59 60 60 64
1 62 60 60 64
1 59 60 60 64
1 61 60 60 64
1 62 60 60 64
1 64 60 60 64
1 62 60 60 64
1 61 60 60 64
1 59 60 60 64
1 57 60 60 64
1 59 60 60 64
1 61 60 60 64
1 59 60 60 64
1 57 60 60 64
1 56 60 60 64
1 54 120 120 64
1 66 120 120 64
1 61 120 120 64
1 57 120 120 64
1 54 120 120 64
1 57 120 120 64
1 59 60 60 64
1 61 60 60 64
1 62 60 60 64
1 61 60 60 64
1 59 60 60 64
1 57 60 60 64
1 56 60 60 64
1 57 60 60 64
1 59 60 60 64
1 57 60 60 64
1 56 60 60 64
1 54 60 60 64
1 52 120 120 64
1 47 120 120 64
1 44 120 120 64
1 40 420 240 64
1 57 60 60 64
1 61 60 60 64
1 64 60 60 64
1 69 60 60 64
1 68 60 60 64
1 66 420 120 64
1 56 60 60 64
1 59 60 60 64
1 63 60 60 64
1 68 60 60 64
1 66 60 60 64
1 65 420 120 64
1 54 60 60 64
1 57 60 60 64
1 61 60 60 64
1 66 60 60 64
1 64 60 60 64
1 62 420 120 64
1 47 60 60 64
1 50 60 60 64
1 54 60 60 64
1 59 60 60 64
1 57 60 60 64
1 56 60 60 64
1 49 60 60 64
1 53 60 60 64
1 56 60 60 64
1 61 60 60 64
1 59 60 60 64
1 57 60 60 64
1 59 60 60 64
1 57 60 60 64
1 56 60 60 64
1 54 60 60 64
1 52 60 60 64
1 50 60 60 64
1 52 60 60 64
1 54 60 60 64
1 52 60 60 64
1 50 60 60 64
1 49 60 60 64
1 47 60 60 64
1 50 60 60 64
1 54 60 60 64
1 50 60 60 64
1 47 60 60 64
1 50 60 60 64
1 44 60 60 64
1 47 60 60 64
1 50 60 60 64
1 47 60 60 64
1 44 60 60 64
1 47 60 60 64
1 41 120 120 64
1 44 120 120 64
1 41 120 120 64
1 37 120 120 64
1 39 120 120 64
1 41 120 120 64
1 42 120 120 64
1 54 120 120 64
1 51 120 120 64
1 56 120 120 64
1 54 120 120 64
1 56 120 120 64
1 49 30 30 64
1 48 30 30 56
1 49 180 170 64
1 49 120 120 64
1 49 30 30 64
1 48 30 30 56
1 49 180 170 64
1 49 120 120 64
1 51 40 40 64
1 49 40 40 56
1 51 40 44 56
1 52 40 44 57
1 51 40 44 57
1 52 40 44 58
1 51 40 44 58
1 52 40 44 58
1 51 40 44 59
1 52 40 44 59
1 51 40 44 60
1 52 40 44 60
1 51 40 44 61
1 52 40 44 61
1 51 40 44 62
1 52 40 44 62
1 51 40 44 63
1 52 40 44 63
1 51 60 60 64
1 49 60 60 64
1 48 60 60 64
1 49 60 60 64
1 51 60 60 64
1 52 60 60 64
1 54 60 60 64
1 52 60 60 64
1 54 60 60 64
1 57 60 60 64
1 56 60 60 64
1 54 60 60 64
1 52 60 60 64
1 49 60 60 64
1 52 60 60 64
1 56 60 60 64
1 61 60 60 64
1 56 60 60 64
1 52 60 60 64
1 49 60 60 64
1 52 60 60 64
1 56 60 60 64
1 61 60 60 64
1 59 60 60 64
1 58 60 60 64
1 54 60 60 64
1 58 60 60 64
1 61 60 60 64
1 66 60 60 64
1 61 60 60 64
1 58 60 60 64
1 54 60 60 64
1 58 60 60 64
1 61 60 60 64
1 66 60 60 64
1 64 60 60 64
1 63 60 60 64
1 47 60 60 64
1 50 60 60 64
1 54 60 60 64
1 59 60 60 64
1 54 60 60 64
1 50 60 60 64
1 47 60 60 64
1 50 60 60 64
1 54 60 60 64
1 59 60 60 64
1 57 60 60 64
1 56 60 60 64
1 52 60 60 64
1 56 60 60 64
1 59 60 60 64
1 64 60 60 64
1 59 60 60 64
1 56 60 60 64
1 52 60 60 64
1 56 60 60 64
1 59 60 60 64
1 64 60 60 64
1 62 60 60 64
1 61 60 60 64
1 62 60 60 64
1 64 60 60 64
1 62 60 60 64
1 61 60 60 64
1 59 60 60 64
1 57 60 60 64
1 59 60 60 64
1 61 60 60 64
1 59 60 60 64
1 57 60 60 64
1 56 60 60 64
1 54 120 120 64
1 57 120 120 64
1 63 240 240 64
1 61 120 120 64
1 59 120 120 64
1 64 60 60 64
1 66 60 60 64
1 67 60 60 64
1 66 60 60 64
1 64 60 60 64
1 62 60 60 64
1 61 60 60 64
1 62 60 60 64
1 64 60 60 64
1 62 60 60 64
1 61 60 60 64
1 59 60 60 64
1 57 120 120 64
1 52 120 120 64
1 49 120 120 64
1 45 420 240 64
1 50 60 60 64
1 54 60 60 64
1 57 60 60 64
1 62 60 60 64
1 61 60 60 64
1 59 420 120 64
1 49 60 60 64
1 52 60 60 64
1 56 60 60 64
1 61 60 60 64
1 59 60 60 64
1 57 420 120 64
1 47 60 60 64
1 50 60 60 64
1 54 60 60 64
1 59 60 60 64
1 57 60 60 64
1 56 360 120 64
1 45 30 30 64
1 44 30 30 56
1 45 180 170 64
1 45 120 120 64
1 45 30 30 64
1 44 30 30 56
1 45 180 170 64
1 45 120 120 64
1 47 40 40 64
1 45 40 40 56
1 47 40 40 56
1 49 40 40 57
1 47 40 40 57
1 49 40 40 58
1 47 40 40 58
1 49 40 40 59
1 47 40 40 59
1 49 40 40 60
1 47 40 40 60
1 49 40 40 60
1 47 40 40 61
1 49 40 40 61
1 47 40 40 62
1 49 40 40 62
1 47 40 40 63
1 49 40 40 63
1 47 60 60 64
1 45 60 60 64
1 44 60 60 64
1 45 60 60 64
1 47 60 60 64
1 49 60 60 64
1 50 60 60 64
1 49 60 60 64
1 50 60 60 64
1 54 60 60 64
1 52 60 60 64
1 50 60 60 64
1 49 60 60 64
1 47 60 60 64
1 49 60 60 64
1 52 60 60 64
1 50 60 60 64
1 49 60 60 64
1 47 60 60 64
1 45 60 60 64
1 47 60 60 64
1 50 60 60 64
1 49 60 60 64
1 47 60 60 64
1 45 60 60 64
1 44 60 60 64
1 45 60 60 64
1 47 60 60 64
1 49 60 60 64
1 45 60 60 64
1 50 30 30 64
1 49 30 30 56
1 50 180 170 64
1 50 120 120 64
1 49 40 40 56
1 50 40 40 64
1 52 40 40 64
1 50 40 40 56
1 52 40 40 56
1 50 40 40 57
1 52 40 40 57
1 50 40 40 58
1 52 40 40 58
1 50 40 40 59
1 52 40 40 60
1 50 40 40 60
1 52 40 40 61
1 50 40 40 61
1 52 40 40 62
1 50 40 40 62
1 52 40 40 63
1 50 40 40 63
1 49 60 60 64
1 50 60 60 64
1 49 60 60 64
1 47 60 60 64
1 45 60 60 64
1 44 60 60 64
1 42 60 60 64
1 54 60 60 64
1 52 60 60 64
1 50 60 60 64
1 49 60 60 64
1 47 60 60 64
1 49 60 60 64
1 50 60 60 64
1 52 120 120 64
1 40 120 120 64
