0 0 48 0 0
0 70 24 24 66
0 72 24 24 67
0 74 24 24 68
0 72 24 24 69
0 70 48 48 71
0 77 48 48 75
0 74 48 48 79
0 82 48 48 83
0 77 48 48 87
0 74 48 46 91
0 77 24 24 91
0 75 24 24 91
0 74 24 24 91
0 75 24 24 91
0 77 48 48 91
0 70 48 48 91
0 74 48 48 84
0 65 48 48 77
0 68 48 48 70
0 67 48 46 63
0 63 24 24 66
0 65 24 24 67
0 67 24 24 68
0 65 24 24 69
0 63 48 48 71
0 70 48 48 75
0 67 48 48 79
0 75 48 48 83
0 70 48 48 87
0 67 48 46 91
0 70 24 24 91
0 68 24 24 91
0 67 24 24 91
0 68 24 24 91
0 70 48 48 91
0 63 48 48 91
0 67 48 48 84
0 60 48 48 77
0 63 48 48 70
0 57 48 46 63
0 60 24 24 64
0 62 24 24 64
0 63 24 24 64
0 62 24 24 64
0 60 48 48 65
0 69 48 48 67
0 65 48 48 69
0 72 48 48 71
0 69 48 48 73
0 75 48 46 75
0 65 24 22 77
0 67 24 22 78
0 69 24 22 79
0 67 24 22 80
0 65 48 46 81
0 72 48 48 83
0 69 48 48 85
0 77 48 48 87
0 72 48 48 89
0 74 240 94 91
0 79 24 24 75
0 77 24 24 77
0 75 24 24 79
0 77 24 24 82
0 79 48 48 85
0 72 240 94 91
0 77 24 24 82
0 75 24 24 84
0 74 24 24 86
0 75 24 24 89
0 77 48 48 92
0 70 240 94 98
0 75 24 24 91
0 74 24 24 91
0 72 24 24 91
0 74 24 24 91
0 75 48 48 91
0 69 48 46 91
0 72 24 24 91
0 70 24 24 91
0 69 24 24 91
0 70 24 24 91
0 72 48 48 91
0 65 192 94 91
0 77 96 94 63
0 65 96 96 68
0 69 96 96 73
0 72 96 96 78
0 77 480 160 84
0 65 96 96 75
0 70 96 96 80
0 74 96 96 85
0 77 480 160 91
0 67 96 96 82
0 70 96 96 87
0 72 96 96 92
0 76 432 160 98
0 65 24 24 87
0 67 24 24 88
0 69 24 24 89
0 67 24 24 90
0 65 48 48 92
0 72 48 48 96
0 69 48 48 100
0 77 48 48 104
0 72 48 48 108
0 81 48 46 112
0 75 24 24 112
0 74 24 24 112
0 72 24 24 112
0 74 24 24 112
0 75 48 48 112
0 69 48 48 112
0 72 48 48 105
0 66 48 48 98
0 69 48 48 91
0 70 96 94 84
0 74 96 96 89
0 70 96 96 94
0 67 96 96 99
0 68 96 94 105
0 77 96 96 105
0 68 96 96 105
0 65 96 96 95
0 67 48 46 84
0 60 24 24 87
0 62 24 24 88
0 63 24 24 89
0 62 24 24 90
0 60 48 48 92
0 67 48 48 96
0 63 48 48 100
0 72 48 48 104
0 67 48 48 108
0 74 48 46 112
0 68 24 24 112
0 67 24 24 112
0 65 24 24 112
0 67 24 24 112
0 68 48 48 112
0 62 48 48 112
0 65 48 48 104
0 59 48 48 95
0 67 48 48 86
0 63 240 94 77
0 60 24 24 75
0 62 24 24 75
0 63 24 24 75
0 62 24 24 75
0 60 48 48 75
0 72 144 144 106
0 70 48 48 81
0 69 48 46 82
0 65 24 24 83
0 67 24 24 84
0 69 24 24 85
0 67 24 24 86
0 65 48 48 87
0 77 144 144 124
0 75 48 48 95
0 74 48 46 97
0 70 24 24 99
0 72 24 24 100
0 74 24 24 101
0 72 24 24 102
0 70 48 48 103
0 82 144 144 127
0 80 48 48 105
0 79 48 46 105
0 82 24 24 105
0 80 24 24 105
0 79 24 24 105
0 80 24 24 105
0 82 48 48 105
0 75 48 46 105
0 79 24 24 105
0 77 24 24 105
0 75 24 24 105
0 77 24 24 105
0 79 48 48 105
0 72 48 46 105
0 75 24 24 105
0 74 24 24 105
0 72 24 24 105
0 74 24 24 105
0 75 48 48 105
0 69 48 46 105
0 72 24 24 108
0 74 24 24 109
0 75 24 24 111
0 74 24 24 113
0 72 48 48 115
0 77 48 46 119
0 68 24 24 98
0 67 24 24 98
0 65 24 24 98
0 67 24 24 98
0 68 48 48 98
0 67 48 46 98
0 70 24 24 101
0 72 24 24 102
0 74 24 24 104
0 72 24 24 106
0 70 48 48 108
0 75 48 46 112
0 67 24 24 91
0 65 24 24 91
0 63 24 24 91
0 65 24 24 91
0 67 48 48 91
0 65 48 46 91
0 69 24 24 94
0 70 24 24 95
0 72 24 24 97
0 70 24 24 99
0 69 48 48 101
0 74 48 46 105
0 65 24 24 84
0 63 24 24 84
0 62 24 24 84
0 63 24 24 84
0 65 48 48 84
0 63 48 46 84
0 67 24 24 87
0 69 24 24 88
0 70 24 24 90
0 69 24 24 92
0 67 48 48 94
0 72 48 46 98
0 63 24 24 77
0 62 24 24 77
0 60 24 24 77
0 62 24 24 77
0 63 48 48 77
0 62 240 160 77
0 70 24 24 63
0 72 24 24 65
0 74 24 24 67
0 72 24 24 69
0 70 48 48 71
0 77 48 48 75
0 74 48 48 79
0 82 48 48 83
0 77 48 48 87
0 74 48 46 91
0 77 24 24 91
0 75 24 24 91
0 74 24 24 91
0 75 24 24 91
0 77 48 48 91
0 70 48 48 91
0 75 48 48 84
0 70 48 48 77
0 75 48 48 70
0 67 48 46 63
0 63 24 24 66
0 65 24 24 67
0 67 24 24 68
0 65 24 24 69
0 63 48 48 71
0 70 48 48 75
0 67 48 48 79
0 75 48 48 83
0 70 48 48 87
0 67 48 46 91
0 70 24 24 91
0 68 24 24 87
0 67 24 24 83
0 68 24 24 78
0 70 48 48 73
0 63 96 94 63
0 75 144 142 88
0 75 24 24 63
0 74 24 24 65
0 72 24 24 67
0 74 24 24 69
0 75 48 48 71
0 65 96 94 75
0 75 144 142 117
0 72 24 24 84
0 74 24 24 84
0 75 24 24 84
0 74 24 24 84
0 72 48 48 84
0 77 48 46 84
0 74 24 24 83
0 72 24 24 83
0 70 24 24 82
0 72 24 24 81
0 74 48 48 80
0 65 48 46 78
0 70 48 46 76
0 72 48 46 74
0 69 48 46 72
1 58 96 94 63
1 46 96 96 68
1 50 96 96 73
1 53 96 96 78
1 58 480 160 84
1 46 96 96 68
1 51 96 96 73
1 55 96 96 78
1 58 480 160 84
1 46 96 96 66
1 48 96 96 69
1 51 96 96 72
1 57 432 160 75
1 58 24 24 68
1 60 24 24 70
1 62 24 24 72
1 60 24 24 75
1 58 48 48 78
1 63 240 94 84
1 57 24 24 75
1 58 24 24 77
1 60 24 24 79
1 58 24 24 82
1 57 48 48 85
1 62 240 94 91
1 55 24 24 84
1 57 24 24 84
1 58 24 24 84
1 57 24 24 84
1 55 48 48 84
1 60 48 46 84
1 48 24 24 84
1 50 24 24 84
1 51 24 24 84
1 50 24 24 84
1 48 48 48 84
1 53 96 94 84
1 41 144 94 84
1 60 48 48 79
1 57 48 48 74
1 53 96 46 69
1 53 24 24 66
1 55 24 24 67
1 57 24 24 68
1 55 24 24 69
1 53 48 48 71
1 60 48 48 75
1 57 48 48 79
1 65 48 48 83
1 60 48 48 87
1 57 48 46 91
1 60 24 24 91
1 58 24 24 91
1 57 24 24 91
1 58 24 24 91
1 60 48 48 91
1 53 48 48 91
1 57 48 48 86
1 48 48 48 81
1 51 48 48 76
1 50 48 46 70
1 46 24 24 73
1 48 24 24 74
1 50 24 24 75
1 48 24 24 76
1 46 48 48 78
1 53 48 48 82
1 50 48 48 86
1 58 48 48 90
1 53 48 48 94
1 50 48 46 98
1 53 24 24 98
1 51 24 24 98
1 50 24 24 98
1 51 24 24 98
1 53 48 48 98
1 46 48 48 98
1 50 48 48 93
1 43 48 48 88
1 46 48 48 83
1 40 48 46 77
1 43 24 24 80
1 45 24 24 81
1 46 24 24 82
1 45 24 24 83
1 43 48 48 85
1 52 48 48 89
1 48 48 48 93
1 55 48 48 97
1 52 48 48 101
1 58 48 46 105
1 48 24 24 105
1 50 24 24 105
1 52 24 24 105
1 50 24 24 105
1 48 48 48 105
1 55 48 48 105
1 52 48 48 100
1 60 48 48 95
1 55 48 48 90
1 57 96 94 84
1 60 96 96 89
1 57 96 96 94
1 53 96 96 99
1 54 96 94 105
1 57 96 96 105
1 54 96 96 105
1 50 96 96 95
1 55 48 46 84
1 43 24 24 87
1 45 24 24 88
1 46 24 24 89
1 45 24 24 90
1 43 48 48 92
1 50 48 48 96
1 46 48 48 100
1 55 48 48 104
1 50 48 48 108
1 58 48 46 112
1 56 24 24 112
1 55 24 24 112
1 53 24 24 112
1 55 24 24 112
1 56 48 48 112
1 50 48 48 112
1 53 48 48 105
1 46 48 48 98
1 50 48 48 91
1 51 96 94 84
1 55 96 96 89
1 51 96 96 94
1 48 96 96 99
1 47 96 94 105
1 50 96 96 105
1 47 96 96 105
1 43 96 96 91
1 48 48 46 77
1 36 24 24 70
1 38 24 24 70
1 39 24 24 70
1 38 24 24 70
1 36 48 48 70
1 48 144 144 99
1 46 48 48 76
1 45 48 46 77
1 41 24 24 78
1 43 24 24 78
1 45 24 24 78
1 43 24 24 78
1 41 48 48 79
1 53 144 144 113
1 51 48 48 87
1 50 48 46 89
1 46 24 24 91
1 48 24 24 92
1 50 24 24 93
1 48 24 24 94
1 46 48 48 95
1 58 144 144 127
1 56 48 48 103
1 55 48 46 105
1 51 24 24 105
1 53 24 24 105
1 55 24 24 105
1 53 24 24 105
1 51 48 48 105
1 63 144 144 127
1 62 48 48 105
1 60 48 46 105
1 63 24 24 105
1 62 24 24 105
1 60 24 24 105
1 62 24 24 105
1 63 48 48 105
1 57 48 46 105
1 60 24 24 105
1 58 24 24 105
1 57 24 24 105
1 58 24 24 105
1 60 48 48 105
1 53 48 46 105
1 57 24 24 108
1 58 24 24 109
1 60 24 24 111
1 58 24 24 113
1 57 48 48 115
1 62 48 46 119
1 53 24 24 98
1 51 24 24 98
1 50 24 24 98
1 51 24 24 98
1 53 48 48 98
1 51 48 46 98
1 55 24 24 101
1 57 24 24 102
1 58 24 24 104
1 57 24 24 106
1 55 48 48 108
1 60 48 46 112
1 51 24 24 91
1 50 24 24 91
1 48 24 24 91
1 50 24 24 91
1 51 48 48 91
1 50 48 46 91
1 53 24 24 94
1 55 24 24 95
1 57 24 24 97
1 55 24 24 99
1 53 48 48 101
1 58 48 46 105
1 50 24 24 84
1 48 24 24 84
1 46 24 24 84
1 48 24 24 84
1 50 48 48 84
1 48 48 46 84
1 51 24 24 87
1 53 24 24 88
1 55 24 24 90
1 53 24 24 92
1 51 48 48 94
1 57 48 46 98
1 48 24 24 77
1 46 24 24 77
1 45 24 24 77
1 46 24 24 77
1 48 48 48 77
1 46 48 46 77
1 58 24 24 63
1 60 24 24 65
1 62 24 24 67
1 60 24 24 69
1 58 48 48 71
1 65 48 48 75
1 62 48 48 79
1 70 48 48 83
1 65 48 48 87
1 62 48 46 91
1 65 24 24 91
1 63 24 24 91
1 62 24 24 91
1 63 24 24 91
1 65 48 48 91
1 58 48 48 91
1 62 48 48 84
1 53 48 48 77
1 56 48 48 70
1 55 48 46 63
1 51 24 24 66
1 53 24 24 67
1 55 24 24 68
1 53 24 24 69
1 51 48 48 71
1 58 48 48 75
1 55 48 48 79
1 63 48 48 83
1 58 48 48 87
1 55 48 46 91
1 58 24 24 91
1 56 24 24 91
1 55 24 24 91
1 56 24 24 91
1 58 48 48 91
1 51 48 48 91
1 55 48 48 84
1 46 48 48 77
1 50 48 48 70
1 48 48 46 63
1 41 24 24 63
1 43 24 24 65
1 45 24 24 67
1 43 24 24 69
1 41 48 48 71
1 48 48 48 75
1 45 48 48 79
1 51 48 48 83
1 48 48 48 87
1 45 48 46 91
1 48 24 24 91
1 46 24 24 91
1 45 24 24 91
1 46 24 24 91
1 48 48 48 91
1 41 48 48 91
1 45 48 48 86
1 36 48 48 81
1 39 48 48 76
1 38 48 46 70
1 46 24 24 70
1 48 24 24 70
1 50 24 24 70
1 48 24 24 70
1 46 48 48 70
1 53 96 94 70
1 41 96 94 70
