0 0 120 0 0
0 71 60 60 64
0 70 60 60 64
0 71 120 120 64
0 66 120 120 64
0 67 30 30 64
0 69 30 30 64
0 67 60 60 64
0 66 120 120 64
0 71 120 120 64
0 66 120 120 64
0 66 30 30 64
0 67 30 30 64
0 66 60 60 64
0 64 120 120 64
0 73 120 120 64
0 64 120 120 64
0 64 30 30 64
0 66 30 30 64
0 64 60 60 64
0 62 60 60 64
0 61 60 60 64
0 62 60 60 64
0 64 60 60 64
0 66 60 60 64
0 64 60 60 64
0 66 30 30 64
0 64 30 30 64
0 66 240 120 64
0 69 60 60 64
0 68 60 60 64
0 69 60 60 64
0 71 60 60 64
0 73 60 60 64
0 71 60 60 64
0 68 60 60 64
0 69 60 60 64
0 71 60 60 64
0 69 60 60 64
0 66 60 60 64
0 68 60 60 64
0 69 60 60 64
0 68 60 60 64
0 66 60 60 64
0 65 60 60 64
0 68 60 60 64
0 66 60 60 64
0 65 60 60 64
0 73 120 120 64
0 66 60 60 64
0 65 60 60 64
0 66 60 60 64
0 69 60 60 64
0 68 60 60 64
0 71 60 60 64
0 69 60 60 64
0 71 60 60 64
0 73 60 60 64
0 74 60 60 64
0 68 30 30 64
0 69 30 30 64
0 68 120 120 64
0 66 60 60 64
0 66 120 120 64
0 78 60 60 64
0 77 60 60 64
0 78 120 120 64
0 73 120 120 64
0 74 30 30 64
0 76 30 30 64
0 74 60 60 64
0 73 120 120 64
0 78 120 120 64
0 73 120 120 64
0 73 30 30 64
0 74 30 30 64
0 73 60 60 64
0 71 120 120 64
0 80 120 120 64
0 71 120 120 64
0 71 30 30 64
0 73 30 30 64
0 71 60 60 64
0 69 60 60 64
0 68 60 60 64
0 69 60 60 64
0 71 60 60 64
0 69 60 60 64
0 65 60 60 64
0 66 120 120 64
0 78 60 60 64
0 76 60 60 64
0 78 120 120 64
0 73 120 120 64
0 74 60 60 64
0 76 60 60 64
0 74 60 60 64
0 71 60 60 64
0 76 60 60 64
0 71 60 60 64
0 78 60 60 64
0 71 60 60 64
0 79 60 60 64
0 81 60 60 64
0 79 60 60 64
0 76 60 60 64
0 81 60 60 64
0 76 60 60 64
0 83 60 60 64
0 74 60 60 64
0 73 60 60 64
0 74 60 60 64
0 73 60 60 64
0 69 60 60 64
0 74 60 60 64
0 69 60 60 64
0 76 60 60 64
0 69 60 60 64
0 78 60 60 64
0 79 60 60 64
0 78 60 60 64
0 74 60 60 64
0 79 60 60 64
0 74 60 60 64
0 81 60 60 64
0 74 60 60 64
0 83 60 60 64
0 84 60 60 64
0 83 60 60 64
0 76 60 60 64
0 81 60 60 64
0 83 60 60 64
0 81 60 60 64
0 74 60 60 64
0 79 60 60 64
0 81 60 60 64
0 79 60 60 64
0 73 60 60 64
0 78 60 60 64
0 79 60 60 64
0 78 60 60 64
0 74 60 60 64
0 76 120 120 64
0 67 20 20 64
0 69 20 20 64
0 67 20 20 64
0 66 60 60 64
0 67 120 120 64
0 76 120 120 64
0 66 120 120 64
0 74 120 120 64
0 64 120 120 64
0 73 120 120 64
0 74 300 120 64
0 66 60 60 64
0 64 60 60 64
0 66 60 60 64
0 67 60 60 64
0 69 60 60 64
0 67 60 60 64
0 64 60 60 64
0 66 60 60 64
0 67 60 60 64
0 66 60 60 64
0 62 60 60 64
0 64 60 60 64
0 66 60 60 64
0 64 60 60 64
0 62 60 60 64
0 61 60 60 64
0 64 60 60 64
0 62 60 60 64
0 61 60 60 64
0 62 120 120 64
0 69 120 120 64
0 74 60 60 64
0 73 60 60 64
0 71 60 60 64
0 74 60 60 64
0 73 60 60 64
0 71 60 60 64
0 69 60 60 64
0 68 60 60 64
0 69 120 120 64
0 64 120 120 64
0 66 30 30 64
0 67 30 30 64
0 66 60 60 64
0 64 120 120 64
0 69 120 120 64
0 64 120 120 64
0 64 30 30 64
0 66 30 30 64
0 64 60 60 64
0 62 120 120 64
0 71 120 120 64
0 62 120 120 64
0 62 30 30 64
0 64 30 30 64
0 62 60 60 64
0 61 60 60 64
0 59 60 60 64
0 61 60 60 64
0 63 60 60 64
0 64 60 60 64
0 63 60 60 64
0 69 60 60 64
0 66 60 60 64
0 67 60 60 64
0 69 60 60 64
0 68 60 60 64
0 70 60 60 64
0 71 60 60 64
0 70 60 60 64
0 76 60 60 64
0 73 60 60 64
0 74 60 60 64
0 76 60 60 64
0 75 60 60 64
0 77 60 60 64
0 78 60 60 64
0 77 60 60 64
0 83 60 60 64
0 80 60 60 64
0 81 60 60 64
0 71 60 60 64
0 73 60 60 64
0 75 60 60 64
0 76 60 60 64
0 75 60 60 64
0 81 60 60 64
0 78 60 60 64
0 79 60 60 64
0 69 60 60 64
0 71 60 60 64
0 73 60 60 64
0 74 60 60 64
0 73 60 60 64
0 79 60 60 64
0 76 60 60 64
0 78 60 60 64
0 73 60 60 64
0 74 60 60 64
0 76 60 60 64
0 78 60 60 64
0 74 60 60 64
0 76 60 60 64
0 78 60 60 64
0 76 60 60 64
0 73 60 60 64
0 74 60 60 64
0 76 60 60 64
0 74 60 60 64
0 71 60 60 64
0 73 60 60 64
0 74 60 60 64
0 73 60 60 64
0 71 60 60 64
0 70 60 60 64
0 71 60 60 64
0 73 60 60 64
0 70 60 60 64
0 66 120 120 64
0 71 60 60 64
0 70 60 60 64
0 71 120 120 64
0 66 120 120 64
0 67 30 30 64
0 69 30 30 64
0 67 60 60 64
0 66 120 120 64
0 71 120 120 64
0 66 120 120 64
0 66 30 30 64
0 67 30 30 64
0 66 60 60 64
0 64 120 120 64
0 73 120 120 64
0 64 120 120 64
0 64 30 30 64
0 66 30 30 64
0 64 60 60 64
0 62 60 60 64
0 61 60 60 64
0 62 60 60 64
0 66 60 60 64
0 64 60 60 64
0 67 60 60 64
0 66 180 180 64
0 74 60 60 64
0 70 30 30 64
0 71 30 30 64
0 70 120 120 64
0 71 60 50 64
1 47 240 120 64
1 50 240 120 64
1 52 240 120 64
1 50 240 120 64
1 49 240 120 64
1 46 240 120 64
1 47 240 120 64
1 43 240 120 64
1 42 120 120 64
1 54 60 60 64
1 53 60 60 64
1 54 120 120 64
1 49 120 120 64
1 50 30 30 64
1 52 30 30 64
1 50 60 60 64
1 49 120 120 64
1 54 120 120 64
1 49 120 120 64
1 49 30 30 64
1 50 30 30 64
1 49 60 60 64
1 47 120 120 64
1 56 120 120 64
1 47 120 120 64
1 47 30 30 64
1 49 30 30 64
1 47 60 60 64
1 45 60 60 64
1 44 60 60 64
1 45 120 120 64
1 47 120 120 64
1 49 120 120 64
1 47 120 120 64
1 49 120 120 64
1 37 120 120 64
1 42 180 180 64
1 44 60 60 64
1 45 60 60 64
1 47 60 60 64
1 44 60 60 64
1 45 60 60 64
1 47 60 60 64
1 49 60 60 64
1 47 60 60 64
1 44 60 60 64
1 45 60 60 64
1 47 60 60 64
1 45 60 60 64
1 42 60 60 64
1 44 60 60 64
1 45 60 60 64
1 44 60 60 64
1 42 60 60 64
1 41 60 60 64
1 44 60 60 64
1 42 60 60 64
1 41 60 60 64
1 42 120 120 64
1 54 60 60 64
1 53 60 60 64
1 54 120 120 64
1 49 120 120 64
1 50 120 120 64
1 62 60 60 64
1 61 60 60 64
1 62 60 60 64
1 64 60 60 64
1 62 60 60 64
1 58 60 60 64
1 59 120 120 64
1 57 120 120 64
1 55 120 120 64
1 54 120 120 64
1 52 120 120 64
1 40 120 120 64
1 42 120 120 64
1 43 120 120 64
1 45 120 120 64
1 55 120 120 64
1 54 120 120 64
1 52 120 120 64
1 50 120 120 64
1 38 120 120 64
1 40 120 120 64
1 42 120 120 64
1 43 120 120 64
1 55 120 120 64
1 54 120 120 64
1 59 120 120 64
1 52 120 120 64
1 57 120 120 64
1 50 120 120 64
1 62 180 180 64
1 64 60 60 64
1 62 60 60 64
1 59 60 60 64
1 61 60 60 64
1 62 60 60 64
1 61 60 60 64
1 57 60 60 64
1 62 60 60 64
1 61 60 60 64
1 59 60 60 64
1 57 60 60 64
1 55 60 60 64
1 54 60 60 64
1 55 60 60 64
1 57 60 60 64
1 50 120 120 64
1 62 60 60 64
1 61 60 60 64
1 62 120 120 64
1 57 120 120 64
1 59 30 30 64
1 61 30 30 64
1 59 60 60 64
1 57 120 120 64
1 62 120 120 64
1 57 120 120 64
1 57 30 30 64
1 59 30 30 64
1 57 60 60 64
1 55 120 120 64
1 64 120 120 64
1 55 120 120 64
1 55 30 30 64
1 57 30 30 64
1 55 60 60 64
1 54 60 60 64
1 52 60 60 64
1 54 60 60 64
1 56 60 60 64
1 57 60 60 64
1 56 60 60 64
1 57 120 120 64
1 52 120 120 64
1 50 60 60 64
1 49 60 60 64
1 47 60 60 64
1 45 60 60 64
1 50 60 60 64
1 52 60 60 64
1 50 60 60 64
1 47 60 60 64
1 49 60 60 64
1 50 60 60 64
1 49 60 60 64
1 45 60 60 64
1 47 60 60 64
1 49 60 60 64
1 47 60 60 64
1 45 60 60 64
1 44 60 60 64
1 47 60 60 64
1 45 60 60 64
1 44 60 60 64
1 45 120 120 64
1 57 120 120 64
1 55 120 120 64
1 54 120 120 64
1 52 120 120 64
1 64 120 120 64
1 62 120 120 64
1 61 120 120 64
1 59 120 120 64
1 47 120 120 64
1 45 120 120 64
1 44 120 120 64
1 42 120 120 64
1 54 60 60 64
1 55 60 60 64
1 57 120 120 64
1 59 120 120 64
1 52 120 120 64
1 40 60 60 64
1 42 60 60 64
1 43 120 120 64
1 45 120 120 64
1 38 120 120 64
1 59 60 60 64
1 58 60 60 64
1 59 120 120 64
1 54 120 120 64
1 55 30 30 64
1 57 30 30 64
1 55 60 60 64
1 54 120 120 64
1 59 120 120 64
1 54 120 120 64
1 54 30 30 64
1 55 30 30 64
1 54 60 60 64
1 52 120 120 64
1 61 120 120 64
1 52 120 120 64
1 52 30 30 64
1 54 30 30 64
1 52 60 60 64
1 50 60 60 64
1 49 60 60 64
1 50 60 60 64
1 47 60 60 64
1 49 60 60 64
1 50 60 60 64
1 52 60 60 64
1 54 60 60 64
1 52 60 60 64
1 49 60 60 64
1 50 60 60 64
1 52 60 60 64
1 50 60 60 64
1 47 60 60 64
1 49 60 60 64
1 50 60 60 64
1 49 60 60 64
1 47 60 60 64
1 46 60 60 64
1 49 60 60 64
1 47 60 60 64
1 46 60 60 64
1 47 120 120 64
1 59 60 60 64
1 58 60 60 64
1 59 120 120 64
1 55 120 120 64
1 50 60 60 64
1 54 60 60 64
1 52 60 60 64
1 55 60 60 64
1 54 120 120 64
1 42 120 120 64
