0 0 1080 0 0
0 68 60 58 88
0 67 60 58 88
0 68 60 58 88
0 70 60 58 88
0 68 60 58 88
0 70 60 58 88
0 63 60 58 88
0 65 60 58 88
0 67 60 58 88
0 68 60 58 88
0 70 60 58 88
0 71 60 58 88
0 73 60 58 88
0 71 60 58 88
0 73 60 58 88
0 70 60 58 88
0 75 60 58 88
0 73 60 58 88
0 71 60 58 88
0 70 60 58 88
0 71 60 58 88
0 68 60 58 88
0 73 60 58 88
0 71 60 58 88
0 69 60 58 88
0 68 60 58 88
0 69 60 58 88
0 66 60 58 88
0 71 60 58 88
0 69 60 58 88
0 68 180 175 88
0 66 360 353 88
0 64 180 175 88
0 63 180 175 88
0 75 180 175 88
0 68 180 175 88
0 69 360 355 88
0 68 360 353 88
0 66 240 238 88
0 68 60 58 88
0 69 60 58 88
0 68 60 58 88
0 69 60 58 88
0 66 60 58 88
0 64 360 353 88
0 63 360 175 88
0 68 60 58 88
0 66 60 58 88
0 68 60 58 88
0 64 60 58 88
0 69 60 58 88
0 68 60 58 88
0 66 60 58 88
0 64 60 58 88
0 66 60 58 88
0 63 60 58 88
0 68 60 58 88
0 66 60 58 88
0 65 60 58 88
0 63 60 58 88
0 61 60 58 88
0 66 360 355 88
0 64 360 353 88
0 63 60 58 88
0 61 60 58 88
0 59 60 58 88
0 61 360 353 88
0 59 360 353 88
0 57 60 58 88
0 56 60 58 88
0 57 60 58 88
0 54 60 58 88
0 59 60 58 88
0 57 60 58 88
0 56 60 58 88
0 59 60 58 88
0 64 120 116 88
0 63 60 58 88
0 61 60 58 88
0 59 60 58 88
0 64 60 58 88
0 68 120 116 88
0 66 60 58 88
0 64 60 58 88
0 63 180 175 88
0 65 180 175 88
0 66 360 175 88
0 70 180 175 88
0 72 180 175 88
0 73 60 58 88
0 72 60 58 88
0 73 60 58 88
0 75 60 58 88
0 73 60 58 88
0 75 60 58 88
0 68 60 58 88
0 70 60 58 88
0 72 60 58 88
0 73 60 58 88
0 75 60 58 88
0 76 60 58 88
0 78 60 58 88
0 76 60 58 88
0 78 60 58 88
0 75 60 58 88
0 80 60 58 88
0 78 60 58 88
0 76 60 58 88
0 75 60 58 88
0 76 60 58 88
0 73 60 58 88
0 71 60 58 88
0 73 60 58 88
0 82 180 175 88
0 75 180 175 88
0 77 180 175 88
0 79 180 175 88
0 80 180 175 88
0 76 360 353 88
0 75 180 175 88
0 76 360 353 88
0 75 180 175 88
0 74 180 175 88
0 73 180 175 88
0 75 60 58 88
0 76 60 58 88
0 78 60 58 88
0 71 180 175 88
0 73 60 58 88
0 75 60 58 88
0 76 60 58 88
0 69 180 175 88
0 71 60 58 88
0 73 60 58 88
0 75 60 58 88
0 68 240 234 88
0 71 60 58 88
0 70 60 58 88
0 71 240 234 88
0 75 60 58 88
0 73 60 58 88
0 75 240 234 88
0 78 60 58 88
0 76 60 58 88
0 78 60 58 88
0 80 60 58 88
0 78 60 58 88
0 76 60 58 88
0 78 60 58 88
0 76 60 58 88
0 83 60 58 88
0 82 60 58 88
0 80 60 58 88
0 78 60 58 88
0 76 60 58 88
0 75 60 58 88
0 73 60 58 88
0 75 60 58 88
0 73 60 58 88
0 76 60 58 88
0 71 60 58 88
0 73 60 58 88
0 75 60 58 88
0 76 60 58 88
0 75 60 58 88
0 78 60 58 88
0 73 60 58 88
0 75 60 58 88
0 76 180 175 88
0 77 180 175 88
0 69 300 116 88
0 78 60 58 88
0 77 120 116 88
0 76 60 58 88
0 75 120 116 88
0 74 60 58 88
0 73 120 116 88
0 78 60 58 88
0 77 120 116 88
0 76 60 58 88
0 75 120 116 88
0 77 60 58 88
0 78 360 353 88
0 76 360 355 88
0 75 300 294 88
0 73 60 58 88
0 72 120 116 88
0 71 60 58 88
0 70 120 116 88
0 69 60 58 88
0 78 60 58 88
0 76 60 58 88
0 78 60 58 88
0 72 60 58 88
0 73 60 58 88
0 75 60 58 88
0 68 180 175 88
0 70 180 175 88
0 72 180 175 88
0 73 180 175 88
0 69 360 355 88
0 68 360 353 88
0 66 180 175 88
0 68 60 58 88
0 63 60 58 88
0 68 120 116 88
0 66 60 58 88
0 64 60 58 88
0 63 60 58 88
0 66 60 58 88
0 69 120 116 88
0 68 60 58 88
0 66 60 58 88
0 64 180 175 88
0 66 180 175 88
0 68 360 116 88
0 78 360 353 88
0 77 180 175 88
0 76 180 175 88
0 75 180 175 88
0 80 180 175 88
0 73 180 175 88
0 78 360 355 88
0 76 180 175 88
0 75 180 175 88
0 76 360 355 88
0 75 240 234 88
0 73 60 58 88
0 71 60 58 88
0 73 60 58 88
0 75 60 58 88
0 76 120 118 88
0 75 60 58 88
0 73 60 58 88
0 71 60 58 88
0 73 60 58 88
0 71 60 58 88
0 70 360 175 88
0 75 60 58 88
0 73 60 58 88
0 75 60 58 88
0 71 60 58 88
0 76 60 58 88
0 75 60 58 88
0 73 60 58 88
0 71 60 58 88
0 73 60 58 88
0 70 60 58 88
0 75 60 58 88
0 73 60 58 88
0 72 60 58 88
0 70 60 58 88
0 68 60 58 88
0 73 360 353 88
0 71 360 355 88
0 69 60 58 88
0 68 60 58 88
0 66 60 58 88
0 68 360 353 88
0 66 360 353 88
0 64 60 58 88
0 63 60 58 88
0 64 60 58 88
0 61 60 58 88
0 66 60 58 88
0 64 60 58 88
0 63 60 58 88
0 66 60 58 88
0 71 120 116 88
0 69 60 58 88
0 68 60 58 88
0 66 60 58 88
0 77 60 58 88
0 78 60 58 88
0 80 60 58 88
0 73 60 58 88
0 71 60 58 88
0 69 300 175 88
0 78 60 58 88
0 76 180 175 88
0 75 240 238 88
0 73 60 58 88
0 75 60 58 88
0 76 60 58 88
0 69 60 58 88
0 68 60 58 88
0 66 60 58 88
0 75 60 58 88
0 76 60 58 88
0 78 60 58 88
0 71 60 58 88
0 69 60 58 88
0 68 60 58 88
0 80 60 58 88
0 81 60 58 88
0 83 60 58 88
0 76 60 58 88
0 74 60 58 88
0 73 420 418 88
0 72 60 58 88
0 73 60 58 88
0 75 60 58 88
0 73 60 58 88
0 75 60 58 88
0 68 60 58 88
0 70 60 58 88
0 72 60 58 88
0 73 60 58 88
0 75 60 58 88
0 76 60 58 88
0 78 60 58 88
0 76 60 58 88
0 78 60 58 88
0 75 60 58 88
0 80 60 58 88
0 78 60 58 88
0 76 180 175 88
0 75 180 175 88
0 73 240 225 88
0 73 60 58 88
0 76 60 58 88
0 75 180 175 88
0 73 180 175 88
0 71 240 225 88
0 71 60 58 88
0 74 60 58 88
0 73 60 58 88
0 71 60 58 88
0 73 60 58 88
0 66 60 58 88
0 71 60 58 88
0 69 60 58 88
0 68 60 58 88
0 66 60 58 88
0 68 60 58 88
0 64 60 58 88
0 69 60 58 88
0 68 60 58 88
0 66 60 58 88
0 64 60 58 88
0 66 60 58 88
0 68 60 58 88
0 66 60 58 88
0 68 60 58 88
0 69 540 531 88
0 68 180 175 88
0 69 60 58 88
0 73 60 58 88
0 71 60 58 88
0 73 60 58 88
0 71 60 58 88
0 69 60 58 88
0 71 60 58 88
0 65 60 58 88
0 66 60 58 88
0 65 180 116 88
0 73 360 353 88
0 72 180 175 88
0 71 180 175 88
0 70 180 175 88
0 75 180 175 88
0 68 180 175 88
0 73 360 355 88
0 72 180 175 88
0 73 180 116 88
0 69 60 58 88
0 68 60 58 88
0 69 60 58 88
0 66 60 58 88
0 71 60 58 88
0 69 60 58 88
0 68 60 58 88
0 66 60 58 88
0 68 60 58 88
0 64 60 58 88
0 69 60 58 88
0 68 60 58 88
0 66 240 238 88
0 64 60 58 88
0 63 60 58 88
0 64 60 58 88
0 68 60 58 88
0 73 120 116 88
0 72 60 58 88
0 70 60 58 88
0 72 60 58 88
0 75 60 58 88
0 80 120 118 88
0 78 60 58 88
0 76 60 58 88
0 75 60 58 88
0 76 60 58 88
0 73 60 58 88
0 72 60 58 88
0 73 60 58 88
0 75 60 58 88
0 68 60 58 88
0 80 60 58 88
0 78 60 58 88
0 76 60 58 88
0 75 60 58 88
0 76 60 58 88
0 68 23 22 88
0 67 22 21 88
0 68 23 22 88
0 67 22 21 88
0 68 23 22 88
0 67 22 21 88
0 68 23 22 88
0 67 22 21 88
0 68 540 535 88
0 66 240 234 88
0 64 60 58 88
0 66 60 58 88
0 63 60 58 88
0 68 60 58 88
0 66 60 58 88
0 65 180 175 88
0 64 240 234 88
0 63 60 58 88
0 64 60 58 88
0 61 60 58 88
0 66 60 58 88
0 64 60 58 88
0 63 60 58 88
0 61 60 58 88
0 59 60 58 88
0 64 240 234 88
0 63 60 58 88
0 61 60 58 88
0 63 60 58 88
0 65 60 58 88
0 66 60 58 88
0 68 420 412 88
0 66 60 58 88
0 65 60 58 88
0 66 60 58 88
0 69 60 58 88
0 73 60 58 88
0 78 360 353 88
0 77 180 175 88
0 76 180 175 88
0 75 180 175 88
0 80 180 175 88
0 73 420 418 88
0 72 60 58 88
0 70 60 58 88
0 72 60 58 88
0 70 60 58 88
0 68 60 58 88
0 80 180 175 88
0 79 180 175 88
0 78 180 175 88
0 77 180 175 88
0 76 180 175 88
0 75 120 116 88
0 73 60 58 88
0 72 120 116 88
0 68 60 58 88
0 73 360 353 88
0 72 180 175 88
1 0 2880 0 0
1 61 60 58 88
1 60 60 58 88
1 61 60 58 88
1 63 60 58 88
1 61 60 58 88
1 63 60 58 88
1 56 60 58 88
1 58 60 58 88
1 60 60 58 88
1 61 60 58 88
1 63 60 58 88
1 64 60 58 88
1 66 60 58 88
1 64 60 58 88
1 66 60 58 88
1 63 60 58 88
1 68 60 58 88
1 66 60 58 88
1 64 60 58 88
1 63 60 58 88
1 64 60 58 88
1 61 60 58 88
1 66 60 58 88
1 64 60 58 88
1 63 60 58 88
1 61 60 58 88
1 63 60 58 88
1 59 60 58 88
1 64 60 58 88
1 63 60 58 88
1 61 60 58 88
1 63 60 58 88
1 64 60 58 88
1 63 60 58 88
1 64 60 58 88
1 61 60 58 88
1 60 540 531 88
1 61 360 355 88
1 60 180 175 88
1 61 540 535 88
1 59 360 353 88
1 57 60 58 88
1 56 60 58 88
1 54 60 58 88
1 56 360 353 88
1 54 360 353 88
1 52 60 58 88
1 51 60 58 88
1 52 60 58 88
1 49 60 58 88
1 54 60 58 88
1 52 60 58 88
1 51 60 58 88
1 49 60 58 88
1 47 60 58 88
1 52 360 355 88
1 51 180 175 88
1 52 180 175 88
1 54 180 175 88
1 56 180 175 88
1 58 180 175 88
1 59 420 418 88
1 57 60 58 88
1 59 60 58 88
1 61 60 58 88
1 63 60 58 88
1 64 60 58 88
1 66 60 58 88
1 64 60 58 88
1 66 60 58 88
1 63 60 58 88
1 68 60 58 88
1 66 60 58 88
1 64 1080 175 88
1 68 60 58 88
1 67 60 58 88
1 68 60 58 88
1 70 60 58 88
1 68 60 58 88
1 70 60 58 88
1 63 60 58 88
1 65 60 58 88
1 67 60 58 88
1 68 60 58 88
1 70 60 58 88
1 71 60 58 88
1 73 60 58 88
1 71 60 58 88
1 73 60 58 88
1 70 60 58 88
1 75 60 58 88
1 73 60 58 88
1 71 60 58 88
1 70 60 58 88
1 71 60 58 88
1 68 60 58 88
1 73 60 58 88
1 71 60 58 88
1 69 60 58 88
1 68 60 58 88
1 69 60 58 88
1 66 60 58 88
1 71 60 58 88
1 69 60 58 88
1 68 60 58 88
1 66 60 58 88
1 68 60 58 88
1 70 60 58 88
1 68 60 58 88
1 70 60 58 88
1 71 540 535 88
1 69 360 353 88
1 68 360 355 88
1 66 360 353 88
1 64 180 175 88
1 63 180 175 88
1 68 180 175 88
1 66 180 175 88
1 71 300 296 88
1 69 180 175 88
1 68 60 58 88
1 66 180 175 88
1 71 300 296 88
1 70 60 58 88
1 68 120 116 88
1 67 60 58 88
1 66 120 116 88
1 60 60 58 88
1 61 180 116 88
1 73 60 58 88
1 75 60 58 88
1 73 60 58 88
1 71 60 58 88
1 73 60 58 88
1 71 60 58 88
1 78 60 58 88
1 76 60 58 88
1 74 60 58 88
1 73 60 58 88
1 71 60 58 88
1 69 60 58 88
1 68 60 58 88
1 69 60 58 88
1 68 60 58 88
1 71 60 58 88
1 66 60 58 88
1 68 60 58 88
1 69 60 58 88
1 71 60 58 88
1 69 60 58 88
1 73 60 58 88
1 68 60 58 88
1 70 60 58 88
1 71 300 294 88
1 69 60 58 88
1 68 120 116 88
1 72 60 58 88
1 73 180 175 88
1 66 240 234 88
1 64 60 58 88
1 66 60 58 88
1 68 240 234 88
1 66 60 58 88
1 68 60 58 88
1 61 60 58 88
1 60 60 58 88
1 61 60 58 88
1 63 60 58 88
1 61 60 58 88
1 63 60 58 88
1 56 60 58 88
1 58 60 58 88
1 60 60 58 88
1 61 60 58 88
1 63 60 58 88
1 64 60 58 88
1 66 60 58 88
1 64 60 58 88
1 66 60 58 88
1 63 60 58 88
1 68 60 58 88
1 66 60 58 88
1 64 60 58 88
1 63 60 58 88
1 64 60 58 88
1 61 60 58 88
1 66 60 58 88
1 64 60 58 88
1 63 60 58 88
1 61 60 58 88
1 63 60 58 88
1 59 60 58 88
1 64 60 58 88
1 63 60 58 88
1 61 60 58 88
1 63 60 58 88
1 64 60 58 88
1 63 60 58 88
1 64 60 58 88
1 61 60 58 88
1 60 180 175 88
1 61 180 175 88
1 63 180 175 88
1 60 180 175 88
1 61 60 58 88
1 56 60 58 88
1 61 120 116 88
1 59 60 58 88
1 57 60 58 88
1 56 60 58 88
1 59 60 58 88
1 62 120 116 88
1 61 60 58 88
1 59 60 58 88
1 57 60 58 88
1 59 60 58 88
1 61 120 116 88
1 54 60 58 88
1 59 120 116 88
1 58 60 58 88
1 56 60 58 88
1 58 180 175 88
1 59 180 175 88
1 71 180 175 88
1 70 180 175 88
1 69 180 175 88
1 68 180 175 88
1 73 240 234 88
1 71 60 58 88
1 70 60 58 88
1 71 60 58 88
1 73 60 58 88
1 71 60 58 88
1 70 60 58 88
1 71 60 58 88
1 73 60 58 88
1 71 60 58 88
1 73 60 58 88
1 70 60 58 88
1 68 360 353 88
1 67 180 175 88
1 68 360 353 88
1 67 180 175 88
1 68 540 531 88
1 66 360 355 88
1 64 60 58 88
1 63 60 58 88
1 61 60 58 88
1 63 360 353 88
1 61 360 353 88
1 59 60 58 88
1 58 60 58 88
1 59 60 58 88
1 56 60 58 88
1 61 60 58 88
1 59 60 58 88
1 58 60 58 88
1 56 60 58 88
1 54 60 58 88
1 59 360 353 88
1 58 180 175 88
1 59 180 175 88
1 61 180 175 88
1 63 180 175 88
1 65 180 175 88
1 66 60 58 88
1 61 60 58 88
1 66 120 116 88
1 64 60 58 88
1 62 60 58 88
1 61 60 58 88
1 72 60 58 88
1 73 60 58 88
1 75 60 58 88
1 68 60 58 88
1 66 60 58 88
1 64 120 116 88
1 56 60 58 88
1 61 240 234 88
1 59 60 58 88
1 61 60 58 88
1 63 60 58 88
1 64 60 58 88
1 66 60 58 88
1 64 420 58 88
1 65 60 58 88
1 66 60 58 88
1 68 60 58 88
1 61 60 58 88
1 59 60 58 88
1 57 120 116 88
1 69 60 58 88
1 61 60 58 88
1 60 120 116 88
1 61 540 535 88
1 60 180 175 88
1 61 60 58 88
1 64 60 58 88
1 69 120 116 88
1 67 60 58 88
1 68 120 118 88
1 66 60 58 88
1 65 60 58 88
1 66 240 234 88
1 63 60 58 88
1 68 120 116 88
1 65 60 58 88
1 66 120 118 88
1 64 60 58 88
1 63 60 58 88
1 64 360 353 88
1 63 180 175 88
1 62 180 175 88
1 61 180 175 88
1 60 180 175 88
1 59 180 175 88
1 61 60 58 88
1 62 60 58 88
1 61 60 58 88
1 59 60 58 88
1 61 60 58 88
1 59 60 58 88
1 64 60 58 88
1 62 60 58 88
1 61 60 58 88
1 59 60 58 88
1 57 60 58 88
1 56 60 58 88
1 54 60 58 88
1 57 60 58 88
1 56 60 58 88
1 57 60 58 88
1 52 60 58 88
1 54 60 58 88
1 56 60 58 88
1 57 60 58 88
1 56 60 58 88
1 59 60 58 88
1 54 60 58 88
1 56 60 58 88
1 57 180 175 88
1 69 240 234 88
1 68 60 58 88
1 66 60 58 88
1 65 60 58 88
1 66 60 58 88
1 68 60 58 88
1 61 180 175 88
1 60 180 175 88
1 68 60 58 88
1 66 60 58 88
1 68 60 58 88
1 64 60 58 88
1 69 60 58 88
1 68 60 58 88
1 66 60 58 88
1 64 60 58 88
1 66 60 58 88
1 63 60 58 88
1 68 60 58 88
1 66 60 58 88
1 64 60 58 88
1 63 60 58 88
1 64 60 58 88
1 61 60 58 88
1 66 60 58 88
1 64 60 58 88
1 63 60 58 88
1 61 60 58 88
1 63 60 58 88
1 59 60 58 88
1 64 60 58 88
1 63 60 58 88
1 61 240 234 88
1 60 60 58 88
1 58 60 58 88
1 60 180 175 88
1 61 180 175 88
1 63 180 175 88
1 66 180 175 88
1 64 60 58 88
1 63 60 58 88
1 61 60 58 88
1 67 180 175 88
1 68 360 116 88
1 56 60 58 88
1 55 60 58 88
1 56 60 58 88
1 58 60 58 88
1 56 60 58 88
1 58 60 58 88
1 51 60 58 88
1 53 60 58 88
1 55 60 58 88
1 56 60 58 88
1 58 60 58 88
1 59 60 58 88
1 61 60 58 88
1 59 60 58 88
1 61 60 58 88
1 58 60 58 88
1 63 60 58 88
1 61 60 58 88
1 60 180 175 88
1 59 240 238 88
1 58 60 58 88
1 59 60 58 88
1 56 60 58 88
1 61 60 58 88
1 59 60 58 88
1 58 180 175 88
1 57 360 355 88
1 56 60 58 88
1 54 60 58 88
1 52 60 58 88
1 54 60 58 88
1 56 60 58 88
1 58 60 58 88
1 59 240 238 88
1 61 60 58 88
1 62 60 58 88
1 61 60 58 88
1 62 60 58 88
1 59 60 58 88
1 57 360 116 88
1 61 60 58 88
1 60 60 58 88
1 61 60 58 88
1 63 60 58 88
1 61 60 58 88
1 63 60 58 88
1 56 60 58 88
1 58 60 58 88
1 60 60 58 88
1 61 60 58 88
1 63 60 58 88
1 64 60 58 88
1 66 60 58 88
1 64 60 58 88
1 66 60 58 88
1 63 60 58 88
1 68 60 58 88
1 66 60 58 88
1 64 60 58 88
1 63 60 58 88
1 64 60 58 88
1 61 60 58 88
1 69 60 58 88
1 68 60 58 88
1 66 360 353 88
1 65 180 175 88
1 64 180 175 88
1 63 180 175 88
1 68 180 175 88
1 61 180 175 88
1 66 360 355 88
1 64 120 116 88
1 63 60 58 88
1 64 60 58 88
1 69 60 58 88
1 68 60 58 88
1 66 60 58 88
1 64 60 58 88
1 63 60 58 88
2 49 60 58 88
2 48 60 58 88
2 49 60 58 88
2 51 60 58 88
2 49 60 58 88
2 51 60 58 88
2 44 60 58 88
2 46 60 58 88
2 48 60 58 88
2 49 60 58 88
2 51 60 58 88
2 52 60 58 88
2 54 60 58 88
2 52 60 58 88
2 54 60 58 88
2 51 60 58 88
2 56 60 58 88
2 54 60 58 88
2 52 60 58 88
2 51 60 58 88
2 52 60 58 88
2 49 360 355 88
2 47 180 175 88
2 46 180 175 88
2 55 180 175 88
2 44 180 175 88
2 52 360 353 88
2 51 180 175 88
2 52 180 175 88
2 48 180 175 88
2 49 180 175 88
2 61 360 355 88
2 60 180 175 88
2 61 180 175 88
2 54 180 175 88
2 59 180 175 88
2 52 180 175 88
2 57 360 353 88
2 56 420 412 88
2 54 60 58 88
2 56 60 58 88
2 52 60 58 88
2 57 60 58 88
2 56 60 58 88
2 54 60 58 88
2 52 60 58 88
2 54 60 58 88
2 51 60 58 88
2 56 60 58 88
2 54 60 58 88
2 52 60 58 88
2 51 60 58 88
2 52 60 58 88
2 49 60 58 88
2 54 60 58 88
2 52 60 58 88
2 51 180 175 88
2 56 180 175 88
2 49 420 418 88
2 47 60 58 88
2 49 60 58 88
2 44 60 58 88
2 49 60 58 88
2 47 60 58 88
2 46 60 58 88
2 44 60 58 88
2 42 60 58 88
2 47 360 355 88
2 45 360 353 88
2 44 60 58 88
2 42 60 58 88
2 40 60 58 88
2 42 180 175 88
2 47 180 175 88
2 40 720 175 88
2 47 60 58 88
2 45 60 58 88
2 47 60 58 88
2 49 60 58 88
2 47 60 58 88
2 49 60 58 88
2 42 180 175 88
2 40 180 175 88
2 39 180 175 88
2 44 180 175 88
2 49 60 58 88
2 51 60 58 88
2 52 60 58 88
2 54 240 234 88
2 52 60 58 88
2 51 60 58 88
2 52 60 58 88
2 54 60 58 88
2 56 60 58 88
2 57 60 58 88
2 56 60 58 88
2 54 60 58 88
2 56 60 58 88
2 58 60 58 88
2 60 60 58 88
2 61 540 535 88
2 59 180 175 88
2 58 180 175 88
2 63 180 175 88
2 56 180 175 88
2 61 180 175 88
2 54 180 175 88
2 59 180 175 88
2 52 60 58 88
2 51 60 58 88
2 52 60 58 88
2 54 60 58 88
2 52 60 58 88
2 54 60 58 88
2 47 60 58 88
2 49 60 58 88
2 51 60 58 88
2 52 60 58 88
2 54 60 58 88
2 56 60 58 88
2 57 60 58 88
2 56 60 58 88
2 57 60 58 88
2 54 60 58 88
2 59 60 58 88
2 57 60 58 88
2 56 60 58 88
2 54 60 58 88
2 56 60 58 88
2 52 60 58 88
2 57 60 58 88
2 56 60 58 88
2 54 60 58 88
2 52 60 58 88
2 54 60 58 88
2 51 60 58 88
2 56 60 58 88
2 54 60 58 88
2 52 60 58 88
2 51 60 58 88
2 52 60 58 88
2 49 180 116 88
2 56 60 58 88
2 54 60 58 88
2 56 60 58 88
2 52 180 116 88
2 59 60 58 88
2 58 60 58 88
2 59 60 58 88
2 56 180 116 88
2 63 180 175 88
2 64 360 353 88
2 63 60 58 88
2 61 60 58 88
2 59 60 58 88
2 66 120 116 88
2 54 60 58 88
2 56 120 116 88
2 58 60 58 88
2 59 120 116 88
2 56 60 58 88
2 58 120 116 88
2 60 60 58 88
2 61 60 58 88
2 59 60 58 88
2 57 60 45 88
2 57 23 22 88
2 56 22 21 88
2 57 23 22 88
2 56 22 21 88
2 57 23 22 88
2 56 22 21 88
2 57 23 22 88
2 56 22 21 88
2 54 1080 175 88
2 56 60 58 88
2 57 60 58 88
2 56 60 58 88
2 54 60 58 88
2 56 60 58 88
2 54 60 58 88
2 61 60 58 88
2 59 60 58 88
2 57 60 58 88
2 56 60 58 88
2 54 60 58 88
2 52 60 58 88
2 51 60 58 88
2 52 60 58 88
2 51 60 58 88
2 54 60 58 88
2 49 60 58 88
2 51 60 58 88
2 52 60 58 88
2 54 60 58 88
2 52 60 58 88
2 56 60 58 88
2 51 60 58 88
2 53 60 58 88
2 54 540 531 88
2 52 180 175 88
2 51 180 175 88
2 56 180 175 88
2 49 180 175 88
2 54 180 175 88
2 47 180 175 88
2 52 180 175 88
2 47 30 29 88
2 45 30 29 88
2 47 30 29 88
2 45 30 29 88
2 47 30 29 88
2 45 23 22 88
2 47 22 21 88
2 45 23 22 88
2 47 22 21 88
2 45 23 22 88
2 47 22 21 88
2 45 23 22 88
2 44 22 21 88
2 45 30 29 88
2 44 180 175 88
2 46 180 175 88
2 48 180 175 88
2 44 180 175 88
2 49 180 175 88
2 51 180 175 88
2 52 180 175 88
2 53 180 175 88
2 54 180 175 88
2 50 180 175 88
2 49 180 175 88
2 54 60 58 88
2 52 60 58 88
2 54 60 58 88
2 47 60 58 88
2 56 60 58 88
2 54 60 58 88
2 53 60 58 88
2 51 60 58 88
2 53 60 58 88
2 54 60 58 88
2 56 60 58 88
2 52 60 58 88
2 51 60 58 88
2 52 60 58 88
2 49 60 58 88
2 48 60 58 88
2 49 60 58 88
2 51 60 58 88
2 52 60 58 88
2 51 60 58 88
2 49 60 58 88
2 56 120 116 88
2 51 60 58 88
2 56 180 175 88
2 55 180 175 88
2 54 180 175 88
2 53 180 175 88
2 58 180 175 88
2 51 240 234 88
2 52 60 58 88
2 51 60 58 88
2 49 60 58 88
2 47 60 58 88
2 49 60 58 88
2 46 60 58 88
2 51 60 58 88
2 49 60 58 88
2 47 60 58 88
2 46 60 58 88
2 47 60 58 88
2 44 60 58 88
2 49 60 58 88
2 47 60 58 88
2 46 180 175 88
2 51 180 175 88
2 44 360 175 88
2 56 60 58 88
2 54 60 58 88
2 56 60 58 88
2 51 60 58 88
2 56 60 58 88
2 54 60 58 88
2 53 60 58 88
2 51 60 58 88
2 49 60 58 88
2 54 360 353 88
2 52 360 355 88
2 51 60 58 88
2 49 60 58 88
2 47 60 58 88
2 49 180 175 88
2 54 180 175 88
2 47 300 175 88
2 59 60 58 88
2 57 180 175 88
2 56 180 175 88
2 54 180 175 88
2 56 180 175 88
2 58 180 175 88
2 60 180 175 88
2 61 300 116 88
2 49 60 58 88
2 51 300 116 88
2 63 60 58 88
2 64 60 58 88
2 52 60 58 88
2 54 60 58 88
2 56 60 58 88
2 54 60 58 88
2 56 60 58 88
2 57 60 58 88
2 56 60 58 88
2 54 60 58 88
2 53 60 58 88
2 51 60 58 88
2 53 60 58 88
2 54 360 353 88
2 53 180 175 88
2 52 180 175 88
2 51 180 175 88
2 56 180 175 88
2 49 180 175 88
2 47 180 175 88
2 45 300 175 88
2 46 60 58 88
2 47 180 175 88
2 45 180 175 88
2 44 300 175 88
2 56 60 58 88
2 57 60 58 88
2 56 60 58 88
2 57 60 58 88
2 59 60 58 88
2 57 60 58 88
2 59 60 58 88
2 52 180 175 88
2 57 180 175 88
2 51 180 175 88
2 52 180 175 88
2 45 60 58 88
2 47 60 58 88
2 49 60 58 88
2 50 60 58 88
2 52 60 58 88
2 50 60 58 88
2 49 60 58 88
2 47 60 58 88
2 45 60 58 88
2 52 360 355 88
2 51 180 175 88
2 50 180 175 88
2 49 240 238 88
2 48 60 58 88
2 49 60 58 88
2 51 60 58 88
2 49 60 58 88
2 51 60 58 88
2 44 60 58 88
2 46 60 58 88
2 48 60 58 88
2 49 60 58 88
2 51 60 58 88
2 53 60 58 88
2 54 60 58 88
2 52 60 58 88
2 54 60 58 88
2 51 60 58 88
2 56 60 58 88
2 54 60 58 88
2 52 60 58 88
2 51 60 58 88
2 52 60 58 88
2 49 60 58 88
2 54 60 58 88
2 52 60 58 88
2 51 180 175 88
2 56 180 175 88
2 49 180 175 88
2 54 180 175 88
2 59 180 175 88
2 52 180 175 88
2 57 180 175 88
2 51 180 175 88
2 56 1200 1190 88
2 54 60 58 88
2 52 120 116 88
2 51 60 58 88
2 49 360 353 88
2 48 180 175 88
2 47 180 175 88
2 46 180 175 88
2 51 180 175 88
2 44 180 116 88
2 56 60 58 88
2 54 60 58 88
2 56 60 58 88
2 49 180 116 88
2 49 60 58 88
2 47 60 58 88
2 49 60 58 88
2 42 180 116 88
2 54 60 58 88
2 52 60 58 88
2 54 60 58 88
2 47 600 590 88
2 49 60 58 88
2 50 60 58 88
2 41 180 175 88
2 53 180 175 88
2 54 120 116 88
2 56 60 58 88
2 57 300 296 88
2 56 60 58 88
2 54 180 175 88
2 56 780 772 88
2 54 60 58 88
2 56 60 58 88
2 57 60 58 88
2 56 60 58 88
2 57 60 58 88
2 51 60 58 88
2 52 60 58 88
2 54 60 58 88
2 56 60 58 88
2 58 60 58 88
2 60 60 58 88
2 61 60 58 88
2 60 60 58 88
2 61 60 58 88
2 58 60 58 88
2 63 60 58 88
2 61 60 58 88
2 60 60 58 88
2 58 60 58 88
2 60 60 58 88
2 56 60 58 88
2 61 60 58 88
2 59 60 58 88
2 57 60 58 88
2 56 60 58 88
2 57 60 58 88
2 48 60 58 88
2 49 60 58 88
2 51 60 58 88
2 52 60 58 88
2 51 60 58 88
2 52 60 58 88
2 43 60 58 88
2 44 60 58 88
2 46 60 58 88
2 44 360 353 88
