0 67 120 116 88
0 69 60 58 88
0 67 60 58 88
0 66 60 58 88
0 67 60 58 88
0 69 120 116 88
0 71 60 58 88
0 69 60 58 88
0 67 60 58 88
0 69 60 58 88
0 71 120 116 88
0 69 120 116 88
0 67 120 116 88
0 62 120 116 88
0 72 240 234 88
0 71 120 116 88
0 69 120 116 88
0 67 120 116 88
0 66 120 116 88
0 76 240 234 88
0 74 120 116 88
0 76 60 58 88
0 74 60 58 88
0 72 60 58 88
0 71 60 58 88
0 69 120 116 88
0 72 60 58 88
0 71 60 58 88
0 69 60 58 88
0 67 60 58 88
0 66 120 116 88
0 67 120 116 88
0 69 120 116 88
0 67 120 116 88
0 69 120 116 88
0 71 120 116 88
0 69 120 116 88
0 71 60 58 88
0 73 60 58 88
0 74 60 58 88
0 71 60 58 88
0 73 60 58 88
0 71 60 58 88
0 73 60 58 88
0 74 60 58 88
0 76 60 58 88
0 73 60 58 88
0 74 60 58 88
0 73 60 58 88
0 74 60 58 88
0 76 60 58 88
0 78 60 58 88
0 74 60 58 88
0 76 60 58 88
0 74 60 58 88
0 76 60 58 88
0 78 60 58 88
0 79 60 58 88
0 76 60 58 88
0 78 120 116 88
0 79 60 58 88
0 78 60 58 88
0 76 60 58 88
0 74 60 58 88
0 79 420 418 88
0 78 60 58 88
0 76 60 58 88
0 79 60 58 88
0 74 60 58 88
0 79 60 58 88
0 73 60 58 88
0 79 60 58 88
0 71 60 58 88
0 79 60 58 88
0 69 60 58 88
0 79 60 58 88
0 78 120 116 88
0 74 120 116 88
0 76 120 116 88
0 78 120 116 88
0 79 120 116 88
0 81 240 236 88
0 74 120 116 88
0 79 240 234 88
0 78 120 116 88
0 76 120 116 88
0 74 120 116 88
0 72 120 116 88
0 71 120 116 88
0 69 600 234 88
0 74 240 234 88
0 72 120 116 88
0 81 240 236 88
0 79 360 353 88
0 81 60 58 88
0 79 60 58 88
0 78 60 58 88
0 76 60 58 88
0 74 840 825 88
0 74 120 116 88
0 72 120 116 88
0 71 120 116 88
0 69 120 116 88
0 67 120 116 88
0 72 60 58 88
0 74 60 58 88
0 76 300 294 88
0 74 60 58 88
0 72 60 58 88
0 71 60 58 88
0 69 60 58 88
0 72 60 58 88
0 71 60 58 88
0 72 60 58 88
0 74 300 294 88
0 72 60 58 88
0 71 60 58 88
0 69 60 58 88
0 67 60 58 88
0 71 60 58 88
0 69 60 58 88
0 71 60 58 88
0 72 300 294 88
0 71 60 58 88
0 69 60 58 88
0 67 60 58 88
0 66 60 58 88
0 69 60 58 88
0 67 60 58 88
0 69 60 58 88
0 71 360 353 88
0 64 120 116 88
0 69 180 178 88
0 67 60 58 88
0 69 120 116 88
0 71 120 116 88
0 72 60 58 88
0 74 60 58 88
0 72 60 58 88
0 71 60 58 88
0 69 60 58 88
0 67 60 58 88
0 67 23 22 88
0 66 22 21 88
0 67 23 22 88
0 66 22 21 88
0 67 23 22 88
0 66 22 21 88
0 67 23 22 88
0 66 22 21 88
0 64 30 29 88
0 66 30 29 88
0 67 180 175 88
0 71 60 58 88
0 69 60 58 88
0 67 60 58 88
0 66 60 58 88
0 64 60 58 88
0 62 720 116 88
0 69 120 116 88
0 67 60 58 88
0 69 60 58 88
0 71 60 58 88
0 69 60 58 88
0 67 120 116 88
0 66 60 58 88
0 67 60 58 88
0 69 60 58 88
0 67 60 58 88
0 66 120 116 88
0 67 120 116 88
0 69 120 116 88
0 74 120 116 88
0 66 23 22 88
0 64 26 25 88
0 66 26 25 88
0 64 26 25 88
0 66 27 26 88
0 64 22 21 88
0 66 23 22 88
0 64 22 21 88
0 62 23 22 88
0 64 22 21 88
0 66 120 116 88
0 67 120 116 88
0 69 120 116 88
0 71 120 116 88
0 62 23 22 88
0 61 26 25 88
0 62 26 25 88
0 61 26 25 88
0 62 27 26 88
0 61 22 21 88
0 62 23 22 88
0 61 22 21 88
0 59 23 22 88
0 61 22 21 88
0 62 120 105 88
0 62 60 58 88
0 64 60 58 88
0 66 60 58 88
0 67 60 58 88
0 69 120 116 88
0 66 60 58 88
0 67 60 58 88
0 69 60 58 88
0 71 60 58 88
0 72 240 234 88
0 71 120 116 88
0 69 360 353 88
0 67 60 58 88
0 79 60 58 88
0 78 60 58 88
0 76 60 58 88
0 74 60 58 88
0 78 60 58 88
0 76 60 58 88
0 78 60 58 88
0 76 60 58 88
0 74 60 58 88
0 72 60 58 88
0 76 60 58 88
0 74 60 58 88
0 76 60 58 88
0 74 60 58 88
0 72 60 58 88
0 71 60 58 88
0 74 60 58 88
0 72 60 58 88
0 74 60 58 88
0 72 60 58 88
0 71 60 58 88
0 69 60 58 88
0 72 60 58 88
0 71 60 58 88
0 69 60 58 88
0 67 60 58 88
0 71 60 58 88
0 66 60 58 88
0 71 60 58 88
0 64 60 58 88
0 71 60 58 88
0 62 60 58 88
0 71 60 58 88
0 61 60 58 88
0 71 60 58 88
0 69 60 58 88
0 67 60 58 88
0 66 60 58 88
0 69 60 58 88
0 64 60 58 88
0 69 60 58 88
0 62 60 58 88
0 69 60 58 88
0 61 60 58 88
0 69 60 58 88
0 59 60 58 88
0 69 60 58 88
0 67 60 58 88
0 66 60 58 88
0 64 60 58 88
0 67 60 58 88
0 62 60 58 88
0 67 60 58 88
0 61 60 58 88
0 67 60 58 88
0 59 60 58 88
0 67 60 58 88
0 57 60 58 88
0 67 60 58 88
0 66 60 58 88
0 74 60 58 88
0 72 60 58 88
0 71 60 58 88
0 69 60 58 88
0 67 60 58 88
0 66 60 58 88
0 64 60 58 88
0 62 60 58 88
0 60 60 58 88
0 59 60 58 88
0 57 60 58 88
0 55 60 58 88
0 57 60 58 88
0 59 60 58 88
0 55 60 58 88
0 60 60 58 88
0 55 60 58 88
0 62 60 58 88
0 55 60 58 88
0 64 60 58 88
0 55 60 58 88
0 65 60 58 88
0 55 60 58 88
0 64 60 58 88
0 72 60 58 88
0 71 60 58 88
0 74 60 58 88
0 69 60 58 88
0 74 60 58 88
0 68 60 58 88
0 74 60 58 88
0 66 60 58 88
0 74 60 58 88
0 64 60 58 88
0 74 60 58 88
0 72 60 58 88
0 69 60 58 88
0 71 60 58 88
0 73 60 58 88
0 75 60 58 88
0 76 60 58 88
0 78 60 58 88
0 79 60 58 88
0 81 60 58 88
0 83 60 58 88
0 84 60 58 88
0 75 60 58 88
0 76 120 116 88
0 78 60 58 88
0 76 60 58 88
0 75 60 58 88
0 76 60 58 88
0 78 120 116 88
0 79 60 58 88
0 78 60 58 88
0 76 60 58 88
0 78 60 58 88
0 79 120 116 88
0 78 120 116 88
0 76 120 116 88
0 71 120 116 88
0 81 240 234 88
0 79 120 116 88
0 78 120 116 88
0 76 120 116 88
0 75 120 116 88
0 84 240 234 88
0 83 120 116 88
0 84 60 58 88
0 83 60 58 88
0 81 60 58 88
0 79 60 58 88
0 78 120 116 88
0 81 60 58 88
0 79 60 58 88
0 78 60 58 88
0 76 60 58 88
0 75 120 116 88
0 81 120 116 88
0 79 120 116 88
0 78 120 116 88
0 76 120 116 88
0 75 120 116 88
0 76 120 116 88
0 74 120 116 88
0 72 120 116 88
0 74 120 116 88
0 72 120 116 88
0 71 120 116 88
0 72 60 58 88
0 84 60 58 88
0 83 60 58 88
0 81 60 58 88
0 79 60 58 88
0 83 60 58 88
0 81 60 58 88
0 83 60 58 88
0 81 60 58 88
0 79 60 58 88
0 78 60 58 88
0 81 60 58 88
0 79 60 58 88
0 81 60 58 88
0 79 60 58 88
0 78 60 58 88
0 76 60 58 88
0 79 60 58 88
0 78 60 58 88
0 79 60 58 88
0 78 60 58 88
0 76 60 58 88
0 75 60 58 88
0 78 60 58 88
0 76 120 116 88
0 78 60 58 88
0 79 60 58 88
0 81 240 234 88
0 79 60 58 88
0 81 60 58 88
0 83 240 236 88
0 81 120 116 88
0 79 120 116 88
0 78 60 58 88
0 79 60 58 88
0 81 120 116 88
0 75 120 116 88
0 76 240 234 88
0 71 120 116 88
0 69 600 585 88
0 69 120 116 88
0 67 600 585 88
0 67 120 116 88
0 66 420 418 88
0 71 60 58 88
0 73 60 58 88
0 71 60 58 88
0 70 60 58 88
0 71 60 58 88
0 73 120 116 88
0 74 60 58 88
0 73 60 58 88
0 71 60 58 88
0 73 60 58 88
0 74 120 116 88
0 73 120 116 88
0 71 120 116 88
0 70 120 116 88
0 79 240 234 88
0 78 120 116 88
0 79 60 58 88
0 78 60 58 88
0 76 60 58 88
0 74 60 58 88
0 73 120 116 88
0 76 60 58 88
0 74 60 58 88
0 73 60 58 88
0 71 60 58 88
0 70 60 58 88
0 71 60 58 88
0 73 60 58 88
0 70 60 58 88
0 74 60 58 88
0 70 60 58 88
0 76 60 58 88
0 70 60 58 88
0 78 60 58 88
0 70 60 58 88
0 79 60 58 88
0 70 60 58 88
0 78 60 58 88
0 70 60 58 88
0 71 60 58 88
0 78 60 58 88
0 76 30 29 88
0 74 30 29 88
0 73 30 29 88
0 74 30 29 88
0 76 60 58 88
0 68 60 58 88
0 70 60 58 88
0 76 60 58 88
0 74 30 29 88
0 73 30 29 88
0 71 30 29 88
0 73 30 29 88
0 74 1500 1498 88
0 66 30 29 88
0 68 30 29 88
0 69 60 58 88
0 64 60 58 88
0 71 60 58 88
0 64 60 58 88
0 73 60 58 88
0 64 60 58 88
0 74 60 58 88
0 66 60 58 88
0 76 60 58 88
0 67 60 58 88
0 66 60 58 88
0 67 30 29 88
0 69 30 29 88
0 71 60 58 88
0 66 60 58 88
0 73 60 58 88
0 66 60 58 88
0 74 60 58 88
0 66 60 58 88
0 76 60 58 88
0 67 60 58 88
0 78 60 58 88
0 69 60 58 88
0 67 60 58 88
0 66 60 58 88
0 67 60 58 88
0 71 60 58 88
0 76 60 58 88
0 67 60 58 88
0 66 60 58 88
0 71 60 58 88
0 69 60 58 88
0 73 60 58 88
0 74 240 236 88
0 73 240 234 88
0 74 120 116 88
0 76 60 58 88
0 74 60 58 88
0 73 60 58 88
0 74 60 58 88
0 76 120 116 88
0 78 60 58 88
0 76 60 58 88
0 74 60 58 88
0 76 60 58 88
0 78 120 116 88
0 79 60 58 88
0 78 60 58 88
0 76 60 58 88
0 74 60 58 88
0 73 120 116 88
0 83 300 294 88
0 81 60 58 88
0 83 60 58 88
0 81 60 58 88
0 79 60 58 88
0 78 60 58 88
0 78 34 33 88
0 76 30 29 88
0 78 30 29 88
0 76 30 29 88
0 78 30 29 88
0 76 30 29 88
0 78 30 29 88
0 76 30 29 88
0 78 30 29 88
0 76 30 29 88
0 78 30 29 88
0 76 30 29 88
0 78 30 29 88
0 76 30 29 88
0 78 30 29 88
0 76 30 29 88
0 78 30 29 88
0 76 30 29 88
0 78 30 29 88
0 76 26 25 88
0 78 26 25 88
0 76 94 91 88
0 76 60 58 88
0 81 30 29 88
0 79 30 29 88
0 78 60 58 88
0 81 60 58 88
0 76 60 58 88
0 81 60 58 88
0 74 60 58 88
0 81 60 58 88
0 73 60 58 88
0 81 60 58 88
0 71 60 58 88
0 81 60 58 88
0 79 60 58 88
0 78 60 58 88
0 76 60 58 88
0 79 60 58 88
0 74 60 58 88
0 79 60 58 88
0 73 60 58 88
0 79 60 58 88
0 71 60 58 88
0 79 60 58 88
0 69 60 58 88
0 79 60 58 88
0 78 60 58 88
0 76 60 58 88
0 74 60 58 88
0 78 60 58 88
0 72 60 58 88
0 78 60 58 88
0 71 60 58 88
0 78 60 58 88
0 69 60 58 88
0 78 60 58 88
0 67 60 58 88
0 78 60 58 88
0 76 60 58 88
0 74 60 58 88
0 73 60 58 88
0 76 60 58 88
0 71 60 58 88
0 76 60 58 88
0 69 60 58 88
0 76 60 58 88
0 67 60 58 88
0 76 60 58 88
0 66 60 58 88
0 76 60 58 88
0 74 60 58 88
0 66 60 58 88
0 64 60 58 88
0 67 60 58 88
0 74 60 58 88
0 73 60 58 88
0 76 30 29 88
0 74 30 29 88
0 76 30 29 88
0 74 30 29 88
0 76 30 29 88
0 74 30 29 88
0 76 30 29 88
0 74 30 29 88
0 76 30 29 88
0 74 30 29 88
0 76 30 29 88
0 74 30 29 88
0 76 34 33 88
0 74 30 29 88
0 76 30 29 88
0 74 30 29 88
0 76 30 29 88
0 74 30 29 88
0 76 30 29 88
0 74 30 29 88
0 76 30 29 88
0 74 30 29 88
0 76 30 29 88
0 74 30 29 88
0 76 30 29 88
0 74 30 29 88
0 76 30 29 88
0 74 30 29 88
0 76 30 29 88
0 74 30 29 88
0 76 30 29 88
0 74 30 29 88
0 76 30 29 88
0 74 26 25 88
0 76 26 25 88
0 74 34 33 88
0 74 120 116 88
0 72 360 353 88
0 71 360 356 88
0 69 300 294 88
0 67 60 58 88
0 69 60 58 88
0 67 60 58 88
0 66 60 58 88
0 67 60 58 88
0 66 60 58 88
0 62 30 29 88
0 64 30 29 88
0 66 60 58 88
0 62 60 58 88
0 67 60 58 88
0 62 60 58 88
0 69 60 58 88
0 62 60 58 88
0 71 60 58 88
0 62 60 58 88
0 72 60 58 88
0 62 60 58 88
0 71 60 58 88
0 79 60 58 88
0 77 60 58 88
0 76 60 58 88
0 74 60 58 88
0 72 60 58 88
0 71 60 58 88
0 69 60 58 88
0 67 60 58 88
0 65 60 58 88
0 64 60 58 88
0 62 60 58 88
0 60 60 58 88
0 76 60 58 88
0 74 60 58 88
0 72 60 58 88
0 71 60 58 88
0 69 60 58 88
0 68 60 58 88
0 66 60 58 88
0 64 60 58 88
0 62 60 58 88
0 60 60 58 88
0 59 60 58 88
0 57 60 58 88
0 59 60 58 88
0 61 60 58 88
0 57 60 58 88
0 62 60 58 88
0 57 60 58 88
0 64 60 58 88
0 57 60 58 88
0 66 60 58 88
0 57 60 58 88
0 67 60 58 88
0 57 60 58 88
0 66 120 116 88
0 71 120 116 88
0 67 120 116 88
0 64 120 116 88
0 69 120 116 88
0 66 120 116 88
0 67 420 412 88
0 69 60 58 88
0 71 23 22 88
0 69 22 21 88
0 71 23 22 88
0 69 22 21 88
0 71 23 22 88
0 69 22 21 88
0 71 23 22 88
0 69 22 21 88
0 67 30 29 88
0 69 30 29 88
0 71 120 116 88
0 72 60 58 88
0 71 60 58 88
0 69 60 58 88
0 71 60 58 88
0 72 120 116 88
0 74 60 58 88
0 72 60 58 88
0 71 60 58 88
0 72 60 58 88
0 74 120 116 88
0 72 120 116 88
0 71 120 116 88
0 69 120 116 88
0 79 240 234 88
0 78 120 116 88
0 76 120 116 88
0 74 120 116 88
0 73 120 116 88
0 82 240 234 88
0 81 60 58 88
0 79 60 58 88
0 78 60 58 88
0 76 60 58 88
0 74 180 116 88
0 79 120 116 88
0 72 60 58 88
0 79 60 58 88
0 78 60 58 88
0 79 60 58 88
0 78 30 29 88
0 76 30 29 88
0 74 60 58 88
0 79 60 58 88
0 72 60 58 88
0 79 60 58 88
0 71 120 116 88
0 79 120 116 88
0 69 120 116 88
0 71 60 58 88
0 74 30 29 88
0 72 30 29 88
0 71 60 58 88
0 74 60 58 88
0 69 60 58 88
0 74 60 58 88
0 67 120 116 88
0 72 270 269 88
0 67 30 29 88
0 69 30 29 88
0 71 30 29 88
0 72 60 58 88
0 67 60 58 88
0 74 60 58 88
0 67 60 58 88
0 76 30 29 88
0 71 30 29 88
0 72 30 29 88
0 74 30 29 88
0 76 60 58 88
0 72 60 58 88
0 78 60 58 88
0 72 60 58 88
0 79 300 294 88
0 78 60 58 88
1 0 60720 0 0
1 71 120 116 88
1 72 420 116 88
1 74 60 58 88
1 76 60 58 88
1 72 180 175 88
2 0 2880 0 0
2 62 120 116 88
2 64 60 58 88
2 62 60 58 88
2 61 60 58 88
2 62 60 58 88
2 64 120 116 88
2 66 60 58 88
2 64 60 58 88
2 62 60 58 88
2 64 60 58 88
2 66 120 116 88
2 64 120 116 88
2 62 120 116 88
2 57 120 116 88
2 67 240 234 88
2 66 120 116 88
2 64 120 116 88
2 62 120 116 88
2 61 120 116 88
2 71 240 234 88
2 69 120 116 88
2 71 60 58 88
2 69 60 58 88
2 67 60 58 88
2 66 60 58 88
2 64 120 116 88
2 67 60 58 88
2 66 60 58 88
2 64 60 58 88
2 62 60 58 88
2 61 120 116 88
2 67 120 116 88
2 66 120 116 88
2 64 120 116 88
2 62 120 116 88
2 61 120 116 88
2 62 60 58 88
2 64 60 58 88
2 66 60 58 88
2 62 60 58 88
2 67 60 58 88
2 62 60 58 88
2 69 60 58 88
2 62 60 58 88
2 71 60 58 88
2 62 60 58 88
2 72 60 58 88
2 62 60 58 88
2 71 360 353 88
2 72 480 476 88
2 66 120 116 88
2 67 240 234 88
2 66 60 58 88
2 67 60 58 88
2 69 60 58 88
2 66 60 58 88
2 67 60 58 88
2 66 60 58 88
2 67 60 58 88
2 69 60 58 88
2 71 60 58 88
2 67 60 58 88
2 69 60 58 88
2 67 60 58 88
2 69 60 58 88
2 71 60 58 88
2 72 60 58 88
2 69 60 58 88
2 71 120 116 88
2 72 60 58 88
2 71 60 58 88
2 69 60 58 88
2 67 60 58 88
2 72 420 418 88
2 71 60 58 88
2 69 60 58 88
2 72 60 58 88
2 67 60 58 88
2 72 60 58 88
2 66 60 58 88
2 72 60 58 88
2 64 60 58 88
2 72 60 58 88
2 62 60 58 88
2 72 60 58 88
2 71 120 116 88
2 65 120 116 88
2 64 120 116 88
2 62 120 116 88
2 60 120 116 88
2 59 360 116 88
2 67 120 116 88
2 66 600 585 88
2 66 120 116 88
2 64 600 585 88
2 64 120 116 88
2 62 480 476 88
2 60 60 58 88
2 62 60 58 88
2 64 60 58 88
2 62 60 58 88
2 60 120 116 88
2 59 60 58 88
2 60 60 58 88
2 62 60 58 88
2 60 60 58 88
2 59 120 116 88
2 60 120 116 88
2 62 120 116 88
2 67 120 116 88
2 57 240 234 88
2 59 120 116 88
2 60 120 116 88
2 62 120 116 88
2 64 120 116 88
2 54 240 234 88
2 55 120 105 88
2 55 60 58 88
2 57 60 58 88
2 59 60 58 88
2 61 60 58 88
2 62 120 116 88
2 59 60 58 88
2 61 60 58 88
2 62 60 58 88
2 64 60 58 88
2 66 120 116 88
2 64 120 116 88
2 63 120 116 88
2 64 120 116 88
2 62 120 116 88
2 61 120 116 88
2 62 120 116 88
2 61 60 58 88
2 59 60 58 88
2 57 60 58 88
2 60 60 58 88
2 59 60 58 88
2 60 60 58 88
2 59 60 58 88
2 57 60 58 88
2 55 60 58 88
2 59 60 58 88
2 57 60 58 88
2 59 60 58 88
2 57 60 58 88
2 55 60 58 88
2 54 60 58 88
2 57 60 58 88
2 55 60 58 88
2 57 60 58 88
2 55 60 58 88
2 54 60 58 88
2 52 60 58 88
2 55 60 58 88
2 54 60 58 88
2 55 60 58 88
2 54 60 58 88
2 52 60 58 88
2 50 60 58 88
2 52 60 58 88
2 54 60 58 88
2 55 60 58 88
2 57 60 58 88
2 59 60 58 88
2 60 60 58 88
2 62 60 58 88
2 54 120 116 88
2 69 120 116 88
2 67 240 225 88
2 67 120 116 88
2 66 120 116 88
2 67 1680 116 88
2 62 120 116 88
2 61 600 116 88
2 61 120 116 88
2 59 600 116 88
2 59 120 116 88
2 57 4680 116 88
2 64 60 58 88
2 63 60 58 88
2 64 60 58 88
2 66 60 58 88
2 67 60 58 88
2 64 60 58 88
2 66 60 58 88
2 64 60 58 88
2 66 60 58 88
2 67 60 58 88
2 69 60 58 88
2 66 60 58 88
2 67 120 116 88
2 69 60 58 88
2 67 60 58 88
2 66 60 58 88
2 64 60 58 88
2 69 420 418 88
2 67 60 58 88
2 66 60 58 88
2 69 60 58 88
2 64 60 58 88
2 69 60 58 88
2 63 60 58 88
2 69 60 58 88
2 61 60 58 88
2 69 60 58 88
2 59 60 58 88
2 69 60 58 88
2 67 120 116 88
2 66 60 58 88
2 67 60 58 88
2 69 60 58 88
2 67 60 58 88
2 66 120 116 88
2 64 60 58 88
2 66 60 58 88
2 67 60 58 88
2 66 60 58 88
2 64 120 116 88
2 66 120 116 88
2 67 120 116 88
2 72 120 116 88
2 63 240 234 88
2 64 120 116 88
2 66 120 116 88
2 67 120 116 88
2 69 120 116 88
2 59 240 234 88
2 60 60 58 88
2 59 60 58 88
2 57 60 58 88
2 59 60 58 88
2 60 60 58 88
2 62 60 58 88
2 64 60 58 88
2 63 60 58 88
2 64 60 58 88
2 66 60 58 88
2 67 60 58 88
2 69 60 58 88
2 71 480 470 88
2 72 120 116 88
2 66 120 116 88
2 64 60 58 88
2 66 60 58 88
2 67 300 294 88
2 66 60 58 88
2 64 60 58 88
2 62 60 58 88
2 61 60 58 88
2 64 60 58 88
2 62 60 58 88
2 64 60 58 88
2 66 300 294 88
2 64 60 58 88
2 62 60 58 88
2 61 60 58 88
2 59 60 58 88
2 62 60 58 88
2 61 60 58 88
2 62 60 58 88
2 64 300 294 88
2 62 60 58 88
2 61 60 58 88
2 59 60 58 88
2 58 60 58 88
2 61 60 58 88
2 59 3600 116 88
2 59 60 58 88
2 61 60 58 88
2 62 60 58 88
2 59 60 58 88
2 64 60 58 88
2 59 60 58 88
2 66 60 58 88
2 59 60 58 88
2 68 60 58 88
2 59 60 58 88
2 69 60 58 88
2 59 60 58 88
2 68 120 116 88
2 64 120 116 88
2 66 120 116 88
2 68 120 116 88
2 69 120 116 88
2 71 120 116 88
2 64 180 175 88
2 62 60 58 88
2 61 60 58 88
2 59 60 58 88
2 57 60 58 88
2 59 60 58 88
2 57 60 58 88
2 55 60 58 88
2 54 60 58 88
2 52 60 58 88
2 50 1080 116 88
2 50 120 116 88
2 52 60 58 88
2 50 60 58 88
2 49 60 58 88
2 50 60 58 88
2 52 120 116 88
2 54 60 58 88
2 52 60 58 88
2 50 60 58 88
2 52 60 58 88
2 54 120 116 88
2 52 120 116 88
2 50 120 116 88
2 49 120 116 88
2 59 240 234 88
2 57 120 116 88
2 59 60 58 88
2 57 60 58 88
2 55 60 58 88
2 54 60 58 88
2 52 120 116 88
2 55 60 58 88
2 54 60 58 88
2 52 60 58 88
2 50 60 58 88
2 49 240 234 88
2 50 180 178 88
2 55 30 29 88
2 54 30 29 88
2 52 60 58 88
2 55 60 58 88
2 50 60 58 88
2 55 60 58 88
2 49 60 58 88
2 55 60 58 88
2 47 60 58 88
2 55 60 58 88
2 45 60 58 88
2 55 60 58 88
2 54 60 58 88
2 55 60 58 88
2 57 300 294 88
2 55 60 58 88
2 54 60 58 88
2 52 60 58 88
2 50 60 58 88
2 54 60 58 88
2 52 60 58 88
2 54 60 58 88
2 55 300 294 88
2 54 60 58 88
2 52 60 58 88
2 50 60 58 88
2 49 60 58 88
2 52 60 58 88
2 50 60 58 88
2 52 60 58 88
2 54 300 294 88
2 47 60 58 88
2 49 60 58 88
2 50 60 58 88
2 52 60 58 88
2 54 60 58 88
2 55 60 58 88
2 57 60 58 88
2 55 60 58 88
2 54 60 58 88
2 52 60 58 88
2 50 60 58 88
2 49 1500 116 88
2 67 60 58 88
2 65 60 58 88
2 64 60 58 88
2 62 60 58 88
2 65 60 58 88
2 64 60 58 88
2 65 60 58 88
2 64 60 58 88
2 62 60 58 88
2 60 60 58 88
2 64 60 58 88
2 62 60 58 88
2 64 60 58 88
2 62 60 58 88
2 60 60 58 88
2 59 60 58 88
2 62 60 58 88
2 60 60 58 88
2 62 60 58 88
2 60 60 58 88
2 59 60 58 88
2 57 60 58 88
2 60 60 58 88
2 59 360 353 88
2 57 2880 116 88
2 62 120 116 88
2 60 60 58 88
2 62 60 58 88
2 64 60 58 88
2 62 60 58 88
2 60 120 116 88
2 59 60 58 88
2 60 60 58 88
2 62 60 58 88
2 60 60 58 88
2 59 120 116 88
2 60 120 116 88
2 62 120 116 88
2 64 120 116 88
2 54 240 234 88
2 55 120 116 88
2 69 60 58 88
2 67 60 58 88
2 66 60 58 88
2 67 60 58 88
2 69 120 116 88
2 71 60 58 88
2 69 60 58 88
2 67 60 58 88
2 69 60 58 88
2 71 120 116 88
2 69 120 116 88
2 67 240 234 88
2 74 120 116 88
2 73 120 116 88
2 74 120 116 88
2 67 120 116 88
2 66 120 116 88
2 64 120 116 88
2 73 240 234 88
2 72 300 294 88
2 71 30 29 88
2 69 30 29 88
2 71 120 116 88
2 69 240 234 88
2 71 120 105 88
2 71 120 116 88
2 69 120 116 88
2 67 240 234 88
2 66 120 116 88
2 67 120 105 88
2 67 120 116 88
2 65 120 116 88
2 64 240 234 88
2 63 120 116 88
2 62 120 116 88
2 64 120 116 88
2 65 120 116 88
2 67 120 105 88
2 67 120 116 88
2 69 120 116 88
2 71 240 234 88
2 69 120 116 88
3 0 59700 0 0
3 43 180 165 88
4 0 7200 0 0
4 55 120 116 88
4 57 60 58 88
4 55 60 58 88
4 54 60 58 88
4 55 60 58 88
4 57 120 116 88
4 59 60 58 88
4 57 60 58 88
4 55 60 58 88
4 57 60 58 88
4 59 120 116 88
4 57 120 116 88
4 55 120 116 88
4 50 120 116 88
4 60 240 234 88
4 59 120 116 88
4 57 120 116 88
4 55 120 116 88
4 54 120 116 88
4 64 240 234 88
4 62 120 116 88
4 64 60 58 88
4 62 60 58 88
4 60 60 58 88
4 59 60 58 88
4 57 120 116 88
4 60 60 58 88
4 59 60 58 88
4 57 60 58 88
4 55 60 58 88
4 54 240 234 88
4 52 120 116 88
4 50 60 58 88
4 52 60 58 88
4 50 60 58 88
4 48 60 58 88
4 47 60 58 88
4 45 60 58 88
4 43 60 58 88
4 45 60 58 88
4 47 60 58 88
4 43 60 58 88
4 48 60 58 88
4 43 60 58 88
4 50 60 58 88
4 43 60 58 88
4 52 60 58 88
4 43 60 58 88
4 53 60 58 88
4 43 60 58 88
4 52 60 58 88
4 50 60 58 88
4 48 60 58 88
4 52 60 58 88
4 47 60 58 88
4 52 60 58 88
4 45 60 58 88
4 52 60 58 88
4 43 60 58 88
4 52 60 58 88
4 42 60 58 88
4 52 60 58 88
4 50 60 58 88
4 48 60 58 88
4 47 60 58 88
4 50 60 58 88
4 45 60 58 88
4 50 60 58 88
4 43 60 58 88
4 50 60 58 88
4 42 60 58 88
4 50 60 58 88
4 40 60 58 88
4 50 60 58 88
4 48 60 58 88
4 47 60 58 88
4 45 60 58 88
4 48 60 58 88
4 43 60 58 88
4 48 60 58 88
4 42 60 58 88
4 48 60 58 88
4 40 60 58 88
4 48 60 58 88
4 38 60 58 88
4 48 60 58 88
4 47 120 116 88
4 45 120 116 88
4 43 120 116 88
4 45 120 116 88
4 43 120 116 88
4 42 120 116 88
4 43 60 58 88
4 55 60 58 88
4 53 60 58 88
4 52 60 58 88
4 50 60 58 88
4 53 60 58 88
4 52 60 58 88
4 53 60 58 88
4 52 60 58 88
4 50 60 58 88
4 48 60 58 88
4 52 60 58 88
4 50 60 58 88
4 52 60 58 88
4 50 60 58 88
4 48 60 58 88
4 47 60 58 88
4 50 60 58 88
4 48 60 58 88
4 50 60 58 88
4 48 60 58 88
4 47 60 58 88
4 45 60 58 88
4 48 60 58 88
4 47 60 58 88
4 48 60 58 88
4 47 60 58 88
4 45 60 58 88
4 43 60 58 88
4 45 60 58 88
4 47 60 58 88
4 49 60 58 88
4 50 60 58 88
4 52 60 58 88
4 54 60 58 88
4 55 60 58 88
4 54 120 116 88
4 59 120 116 88
4 47 120 116 88
4 52 120 116 88
4 57 120 116 88
4 45 120 116 88
4 50 120 116 88
4 52 120 116 88
4 54 240 234 88
4 55 120 116 88
4 49 120 116 88
4 50 1440 116 88
4 50 120 116 88
4 48 60 58 88
4 50 60 58 88
4 52 60 58 88
4 50 60 58 88
4 48 120 116 88
4 47 60 58 88
4 48 60 58 88
4 50 60 58 88
4 48 60 58 88
4 47 120 116 88
4 48 120 116 88
4 50 120 116 88
4 55 120 116 88
4 45 240 234 88
4 47 120 116 88
4 48 120 116 88
4 50 120 116 88
4 52 120 116 88
4 42 240 234 88
4 43 60 58 88
4 45 60 58 88
4 47 300 294 88
4 45 60 58 88
4 43 60 58 88
4 42 60 58 88
4 40 60 58 88
4 43 60 58 88
4 42 60 58 88
4 43 60 58 88
4 45 300 294 88
4 43 60 58 88
4 42 60 58 88
4 40 60 58 88
4 38 60 58 88
4 42 60 58 88
4 40 60 58 88
4 42 60 58 88
4 43 300 294 88
4 42 60 58 88
4 40 60 58 88
4 38 60 58 88
4 37 60 58 88
4 40 60 58 88
4 38 60 58 88
4 40 60 58 88
4 42 60 58 88
4 38 60 58 88
4 43 60 58 88
4 38 60 58 88
4 45 60 58 88
4 38 60 58 88
4 47 60 58 88
4 38 60 58 88
4 48 60 58 88
4 38 60 58 88
4 47 60 58 88
4 55 60 58 88
4 53 60 58 88
4 52 60 58 88
4 50 60 58 88
4 48 60 58 88
4 47 60 58 88
4 45 60 58 88
4 43 60 58 88
4 41 60 58 88
4 40 60 58 88
4 38 60 58 88
4 36 60 58 88
4 38 60 58 88
4 40 60 58 88
4 42 60 58 88
4 44 60 58 88
4 45 60 58 88
4 47 60 58 88
4 48 60 58 88
4 50 60 58 88
4 52 60 58 88
4 54 60 58 88
4 56 60 58 88
4 57 60 58 88
4 55 60 58 88
4 54 60 58 88
4 57 60 58 88
4 52 60 58 88
4 57 60 58 88
4 51 60 58 88
4 57 60 58 88
4 49 60 58 88
4 57 60 58 88
4 47 60 58 88
4 57 60 58 88
4 55 120 116 88
4 60 120 116 88
4 59 120 116 88
4 57 120 116 88
4 59 120 116 88
4 47 120 116 88
4 52 60 58 88
4 54 60 58 88
4 55 60 58 88
4 52 60 58 88
4 57 60 58 88
4 52 60 58 88
4 59 60 58 88
4 52 60 58 88
4 61 60 58 88
4 52 60 58 88
4 63 60 58 88
4 52 60 58 88
4 64 5100 116 88
4 47 30 29 88
4 49 30 29 88
4 51 60 58 88
4 47 60 58 88
4 52 60 58 88
4 47 60 58 88
4 54 60 58 88
4 47 60 58 88
4 55 60 58 88
4 47 60 58 88
4 57 60 58 88
4 47 60 58 88
4 55 60 58 88
4 54 60 58 88
4 52 60 58 88
4 55 60 58 88
4 50 60 58 88
4 55 60 58 88
4 49 60 58 88
4 55 60 58 88
4 47 60 58 88
4 55 60 58 88
4 45 60 58 88
4 55 60 58 88
4 54 60 58 88
4 52 60 58 88
4 50 60 58 88
4 54 60 58 88
4 49 60 58 88
4 54 60 58 88
4 47 60 58 88
4 54 60 58 88
4 45 60 58 88
4 54 60 58 88
4 43 60 58 88
4 54 60 58 88
4 52 60 58 88
4 50 60 58 88
4 49 60 58 88
4 52 60 58 88
4 47 60 58 88
4 52 60 58 88
4 46 60 58 88
4 52 60 58 88
4 44 60 58 88
4 52 60 58 88
4 42 60 58 88
4 52 60 58 88
4 50 60 58 88
4 54 60 58 88
4 52 60 58 88
4 50 60 58 88
4 49 60 58 88
4 47 60 58 88
4 46 60 58 88
4 49 60 58 88
4 47 60 58 88
4 46 60 58 88
4 44 60 58 88
4 42 60 58 88
4 47 120 116 88
4 49 60 58 88
4 47 60 58 88
4 46 60 58 88
4 47 60 58 88
4 49 120 116 88
4 50 60 58 88
4 49 60 58 88
4 47 60 58 88
4 49 60 58 88
4 50 120 116 88
4 49 120 116 88
4 47 120 116 88
4 46 120 116 88
4 55 240 234 88
4 54 60 58 88
4 56 60 58 88
4 58 60 58 88
4 54 60 58 88
4 59 60 58 88
4 54 60 58 88
4 61 60 58 88
4 54 60 58 88
4 62 60 58 88
4 54 60 58 88
4 64 60 58 88
4 54 60 58 88
4 62 60 58 88
4 54 60 58 88
4 55 60 58 88
4 62 60 58 88
4 61 30 29 88
4 59 30 29 88
4 58 30 29 88
4 59 30 29 88
4 61 60 58 88
4 52 60 58 88
4 54 60 58 88
4 61 60 58 88
4 59 30 29 88
4 58 30 29 88
4 56 30 29 88
4 58 30 29 88
4 59 600 116 88
4 47 120 116 88
4 52 60 58 88
4 54 60 58 88
4 56 60 58 88
4 52 60 58 88
4 57 60 58 88
4 52 60 58 88
4 59 60 58 88
4 52 60 58 88
4 61 60 58 88
4 52 60 58 88
4 62 60 58 88
4 52 60 58 88
4 61 600 116 88
4 49 120 116 88
4 50 180 175 88
4 52 60 58 88
4 50 60 58 88
4 49 60 58 88
4 47 60 58 88
4 49 60 58 88
4 47 60 58 88
4 45 60 58 88
4 43 60 58 88
4 42 60 58 88
4 40 120 116 88
4 50 120 116 88
4 49 120 116 88
4 50 240 234 88
4 47 120 116 88
4 43 120 116 88
4 45 240 234 88
4 50 120 116 88
4 49 120 116 88
4 47 120 116 88
4 45 2340 2030 88
4 52 60 58 88
4 50 60 58 88
4 49 60 58 88
4 47 540 234 88
4 50 60 58 88
4 49 60 58 88
4 47 60 58 88
4 45 540 234 88
4 48 60 58 88
4 47 60 58 88
4 45 60 58 88
4 43 780 116 88
4 45 60 58 88
4 47 60 58 88
4 49 60 58 88
4 50 60 58 88
4 52 60 58 88
4 54 60 58 88
4 55 60 58 88
4 57 120 116 88
4 45 120 116 88
4 50 120 116 88
4 48 60 58 88
4 50 60 58 88
4 52 60 58 88
4 50 60 58 88
4 48 120 116 88
4 47 60 58 88
4 48 60 58 88
4 50 60 58 88
4 48 60 58 88
4 47 120 116 88
4 48 120 116 88
4 50 120 116 88
4 55 120 116 88
4 45 240 234 88
4 47 120 116 88
4 48 120 116 88
4 50 120 116 88
4 52 120 116 88
4 42 240 234 88
4 43 120 116 88
4 42 60 58 88
4 43 60 58 88
4 45 60 58 88
4 47 60 58 88
4 36 120 116 88
4 60 60 58 88
4 59 60 58 88
4 57 60 58 88
4 55 60 58 88
4 54 60 58 88
4 52 60 58 88
4 50 60 58 88
4 48 60 58 88
4 47 60 58 88
4 45 60 58 88
4 43 60 58 88
4 45 60 58 88
4 47 60 58 88
4 43 60 58 88
4 48 60 58 88
4 43 60 58 88
4 50 60 58 88
4 43 60 58 88
4 52 60 58 88
4 43 60 58 88
4 53 60 58 88
4 43 60 58 88
4 52 60 58 88
4 40 30 29 88
4 42 30 29 88
4 44 60 58 88
4 40 60 58 88
4 45 60 58 88
4 40 60 58 88
4 47 60 58 88
4 40 60 58 88
4 48 60 58 88
4 40 60 58 88
4 50 60 58 88
4 40 60 58 88
4 49 60 58 88
4 57 60 58 88
4 55 60 58 88
4 54 60 58 88
4 52 60 58 88
4 50 60 58 88
4 49 60 58 88
4 47 60 58 88
4 45 60 58 88
4 43 60 58 88
4 42 60 58 88
4 40 60 58 88
4 38 780 778 88
4 50 60 58 88
4 48 60 58 88
4 50 60 58 88
4 52 60 58 88
4 50 60 58 88
4 48 120 116 88
4 47 60 58 88
4 48 60 58 88
4 50 60 58 88
4 48 60 58 88
4 47 120 116 88
4 45 60 58 88
4 47 60 58 88
4 48 60 58 88
4 47 60 58 88
4 45 120 116 88
4 43 60 58 88
4 45 60 58 88
4 47 60 58 88
4 45 60 58 88
4 43 60 58 88
4 55 30 29 88
4 54 30 29 88
4 52 60 58 88
4 55 60 58 88
4 50 60 58 88
4 55 60 58 88
4 49 60 58 88
4 57 60 58 88
4 47 60 58 88
4 57 60 58 88
4 45 60 58 88
4 57 60 58 88
4 50 60 58 88
4 48 60 58 88
4 46 60 58 88
4 50 60 58 88
4 45 60 58 88
4 50 60 58 88
4 43 60 58 88
4 52 60 58 88
4 42 60 58 88
4 52 60 58 88
4 40 60 58 88
4 52 60 58 88
4 42 120 116 88
4 38 120 116 88
4 43 120 116 88
4 40 120 116 88
4 36 120 116 88
4 38 120 116 88
4 43 420 405 88
4 43 30 29 88
4 45 30 29 88
4 47 60 58 88
4 43 60 58 88
4 48 60 58 88
4 43 60 58 88
4 50 120 116 88
4 43 120 116 88
4 47 120 116 88
4 48 30 29 88
4 47 30 29 88
4 48 30 29 88
4 50 30 29 88
4 52 60 58 88
4 48 60 58 88
4 54 60 58 88
4 48 60 58 88
