0 0 3000 0 0
0 79 120 116 88
0 77 120 116 88
0 75 120 116 88
0 77 120 116 88
0 70 120 116 88
0 69 120 116 88
0 74 120 116 88
0 72 120 116 88
0 70 120 116 88
0 72 120 116 88
0 69 120 116 88
0 65 120 116 88
0 70 120 100 88
0 70 120 116 88
0 69 120 100 88
0 69 120 116 88
0 67 120 116 88
0 67 120 116 88
0 72 120 100 88
0 72 120 116 88
0 70 120 100 88
0 70 120 116 88
0 69 120 116 88
0 69 240 234 88
0 68 600 596 88
0 79 120 116 88
0 77 120 116 88
0 75 120 116 88
0 77 120 116 88
0 68 120 116 88
0 67 240 234 88
0 79 600 596 88
0 77 120 116 88
0 75 120 116 88
0 74 120 116 88
0 75 120 116 88
0 84 120 116 88
0 74 840 836 88
0 75 120 116 88
0 74 120 116 88
0 72 120 116 88
0 74 120 116 88
0 77 120 116 88
0 80 120 116 88
0 79 120 100 88
0 79 120 116 88
0 77 120 100 88
0 77 120 116 88
0 75 120 116 88
0 75 120 116 88
0 74 120 100 88
0 74 120 116 88
0 72 120 100 88
0 72 120 116 88
0 70 120 116 88
0 70 960 954 88
0 69 600 580 88
0 69 120 116 88
0 67 120 116 88
0 65 120 116 88
0 67 120 116 88
0 70 120 116 88
0 64 240 234 88
0 65 240 234 88
0 67 240 234 88
0 69 120 116 88
0 70 120 116 88
0 69 120 116 88
0 67 120 116 88
0 69 120 116 88
0 72 120 116 88
0 77 1920 1910 88
0 75 360 340 88
0 75 120 116 88
0 74 120 116 88
0 72 120 116 88
0 74 120 116 88
0 70 120 116 88
0 67 120 116 88
0 74 120 116 88
0 72 120 116 88
0 70 120 116 88
0 72 120 116 88
0 69 120 116 88
0 65 240 234 88
0 70 720 714 88
0 69 1320 234 88
0 74 120 116 88
0 72 120 116 88
0 70 120 116 88
0 72 120 116 88
0 69 120 116 88
0 65 120 116 88
0 69 240 234 88
0 67 120 116 88
0 65 120 116 88
0 64 120 116 88
0 65 960 116 88
0 60 120 116 88
0 62 120 116 88
0 63 480 474 88
0 62 120 116 88
0 64 120 116 88
0 65 480 474 88
0 64 120 116 88
0 65 120 116 88
0 67 360 356 88
0 65 120 116 88
0 67 240 234 88
0 69 180 175 88
0 70 30 29 88
0 72 30 29 88
0 65 240 234 88
0 63 240 234 88
0 62 240 234 88
0 63 240 234 88
0 60 240 234 88
0 62 240 234 88
0 63 240 234 88
0 62 240 234 88
0 60 360 356 88
0 84 120 116 88
0 82 120 116 88
0 81 120 116 88
0 82 120 116 88
0 77 120 116 88
0 74 120 116 88
0 79 120 116 88
0 77 120 116 88
0 75 120 116 88
0 77 120 116 88
0 74 120 116 88
0 70 120 116 88
0 75 120 100 88
0 75 120 116 88
0 74 120 100 88
0 74 120 116 88
0 72 120 116 88
0 72 120 116 88
0 77 120 100 88
0 77 120 116 88
0 75 120 100 88
0 75 120 116 88
0 74 120 116 88
0 74 840 820 88
0 74 120 116 88
0 72 120 116 88
0 70 120 116 88
0 72 120 116 88
0 69 120 116 88
0 66 240 234 88
0 67 240 234 88
0 69 480 474 88
0 74 240 234 88
0 70 240 234 88
0 67 240 234 88
0 69 240 234 88
0 66 240 234 88
0 67 720 708 88
0 69 720 708 88
0 62 240 234 88
0 74 720 714 88
0 72 120 116 88
0 74 120 116 88
0 75 360 340 88
0 75 120 116 88
0 74 120 116 88
0 72 120 116 88
0 74 120 116 88
0 70 120 116 88
0 67 120 116 88
0 68 120 116 88
0 67 120 116 88
0 65 120 116 88
0 67 120 116 88
0 70 120 116 88
0 63 120 116 88
0 65 120 116 88
0 63 120 116 88
0 62 120 116 88
0 63 120 116 88
0 70 120 116 88
0 75 720 708 88
0 77 720 708 88
0 70 120 116 88
0 73 120 100 88
0 73 120 116 88
0 72 120 100 88
0 72 120 116 88
0 70 120 116 88
0 68 840 836 88
0 67 120 116 88
0 65 120 116 88
0 63 120 116 88
0 65 120 116 88
0 62 120 116 88
0 63 240 234 88
0 67 240 234 88
0 72 240 234 88
0 71 120 116 88
0 72 120 116 88
0 74 600 580 88
0 74 120 116 88
0 72 120 116 88
0 71 120 116 88
0 72 120 116 88
0 67 120 116 88
0 63 120 116 88
0 68 120 116 88
0 67 120 116 88
0 65 120 116 88
0 67 120 116 88
0 63 120 116 88
0 60 120 116 88
0 65 120 100 88
0 65 120 116 88
0 63 120 100 88
0 63 120 116 88
0 62 120 116 88
0 62 120 116 88
0 67 120 100 88
0 67 120 116 88
0 65 120 100 88
0 65 120 116 88
0 63 120 116 88
0 63 480 470 88
0 75 360 356 88
0 77 120 116 88
0 75 120 116 88
0 74 120 116 88
0 75 120 116 88
0 72 120 116 88
0 74 960 954 88
0 72 120 116 88
0 70 120 116 88
0 72 480 474 88
0 70 120 116 88
0 69 120 116 88
0 70 480 474 88
0 68 120 116 88
0 67 120 116 88
0 68 480 474 88
0 67 120 116 88
0 65 120 116 88
0 67 480 474 88
0 65 120 116 88
0 63 120 116 88
0 65 480 474 88
0 63 120 116 88
0 62 120 116 88
0 63 360 356 88
0 65 120 116 88
0 63 120 116 88
0 62 120 116 88
0 63 120 116 88
0 60 120 116 88
0 62 240 234 88
0 64 480 470 88
0 65 120 116 88
0 79 120 116 88
0 77 120 116 88
0 76 120 116 88
0 77 120 116 88
0 70 120 116 88
0 69 120 116 88
0 74 120 116 88
0 72 120 116 88
0 70 120 116 88
0 72 120 116 88
0 69 120 116 88
0 65 120 116 88
0 70 120 100 88
0 70 120 116 88
0 68 120 100 88
0 68 120 116 88
0 67 120 116 88
0 67 120 116 88
0 72 120 100 88
0 72 120 116 88
0 70 120 100 88
0 70 120 116 88
0 69 120 116 88
0 69 120 116 88
0 70 120 116 88
0 72 720 714 88
0 70 120 116 88
0 72 120 116 88
0 74 480 474 88
0 72 120 116 88
0 74 120 116 88
0 75 360 356 88
0 74 120 116 88
0 72 120 116 88
0 70 120 116 88
0 72 120 116 88
0 69 120 116 88
0 70 120 116 88
0 72 120 116 88
0 70 120 116 88
0 69 120 116 88
0 70 120 116 88
0 67 120 116 88
0 75 840 836 88
0 70 120 116 88
0 69 120 116 88
0 67 120 116 88
0 69 120 116 88
0 65 120 116 88
0 74 1560 470 88
0 79 120 116 88
0 77 120 116 88
0 75 120 116 88
0 77 120 116 88
0 74 120 116 88
0 70 120 116 88
0 74 240 234 88
0 72 120 116 88
0 70 120 116 88
0 69 120 116 88
1 0 120 0 0
1 72 120 116 88
1 70 120 116 88
1 69 120 116 88
1 70 120 116 88
1 65 120 116 88
1 62 120 116 88
1 67 120 116 88
1 65 120 116 88
1 63 120 116 88
1 65 120 116 88
1 62 120 116 88
1 58 120 116 88
1 63 120 100 88
1 63 120 116 88
1 62 120 100 88
1 62 120 116 88
1 60 120 116 88
1 60 120 116 88
1 65 120 100 88
1 65 120 116 88
1 63 120 100 88
1 63 120 116 88
1 62 120 116 88
1 62 240 234 88
1 60 240 234 88
1 58 240 234 88
1 60 240 234 88
1 62 240 234 88
1 63 240 234 88
1 62 240 234 88
1 64 240 234 88
1 65 480 474 88
1 64 120 116 88
1 62 120 116 88
1 64 240 234 88
1 65 120 116 88
1 63 120 116 88
1 62 120 116 88
1 60 120 116 88
1 62 120 116 88
1 65 120 116 88
1 58 240 234 88
1 62 240 234 88
1 58 240 234 88
1 63 120 116 88
1 62 120 116 88
1 60 120 116 88
1 58 120 116 88
1 60 120 116 88
1 63 120 116 88
1 57 240 234 88
1 60 240 234 88
1 65 240 234 88
1 58 240 234 88
1 62 240 234 88
1 65 240 234 88
1 70 1920 1910 88
1 69 240 234 88
1 70 120 116 88
1 63 120 100 88
1 63 120 116 88
1 62 120 100 88
1 62 120 116 88
1 60 120 116 88
1 60 120 116 88
1 65 120 100 88
1 65 120 116 88
1 63 120 100 88
1 63 120 116 88
1 62 120 116 88
1 62 720 708 88
1 60 240 234 88
1 62 240 234 88
1 64 240 234 88
1 65 840 234 88
1 70 120 116 88
1 69 120 116 88
1 67 120 116 88
1 69 120 116 88
1 65 120 116 88
1 75 120 116 88
1 74 120 100 88
1 74 120 116 88
1 72 120 100 88
1 72 120 116 88
1 70 120 116 88
1 70 120 116 88
1 69 120 100 88
1 69 120 116 88
1 67 120 100 88
1 67 120 116 88
1 65 120 116 88
1 65 720 708 88
1 64 240 234 88
1 63 480 470 88
1 62 240 234 88
1 61 240 234 88
1 58 240 234 88
1 64 240 234 88
1 65 600 234 88
1 68 120 100 88
1 68 120 116 88
1 67 120 100 88
1 67 120 116 88
1 65 120 116 88
1 64 720 708 88
1 65 240 234 88
1 62 240 234 88
1 55 240 234 88
1 57 120 116 88
1 67 120 116 88
1 65 120 116 88
1 64 120 116 88
1 65 120 116 88
1 60 120 116 88
1 57 120 116 88
1 62 120 116 88
1 60 120 116 88
1 58 120 116 88
1 60 120 116 88
1 57 120 116 88
1 53 120 116 88
1 58 120 100 88
1 58 120 116 88
1 57 120 100 88
1 57 120 116 88
1 55 120 116 88
1 55 120 116 88
1 60 120 100 88
1 60 120 116 88
1 58 120 100 88
1 58 120 116 88
1 57 120 116 88
1 57 240 234 88
1 58 240 234 88
1 60 360 356 88
1 58 120 100 88
1 58 120 116 88
1 56 120 100 88
1 56 120 116 88
1 55 120 116 88
1 55 240 234 88
1 57 240 234 88
1 58 360 356 88
1 57 120 100 88
1 57 120 116 88
1 55 120 100 88
1 55 120 116 88
1 53 120 116 88
1 53 960 234 88
1 65 480 470 88
1 67 720 708 88
1 69 720 708 88
1 62 120 116 88
1 72 120 116 88
1 70 120 116 88
1 69 120 116 88
1 70 120 116 88
1 67 120 116 88
1 63 840 836 88
1 62 120 100 88
1 62 120 116 88
1 60 120 100 88
1 60 120 116 88
1 58 120 116 88
1 58 960 470 88
1 60 240 234 88
1 57 240 234 88
1 58 120 116 88
1 55 120 116 88
1 64 120 116 88
1 66 120 116 88
1 67 480 474 88
1 66 120 116 88
1 67 120 116 88
1 69 360 356 88
1 67 120 100 88
1 67 120 116 88
1 65 120 100 88
1 65 120 116 88
1 63 120 116 88
1 63 120 116 88
1 68 120 100 88
1 68 120 116 88
1 67 120 100 88
1 67 120 116 88
1 65 120 116 88
1 65 840 820 88
1 65 120 116 88
1 63 120 116 88
1 62 120 116 88
1 63 120 116 88
1 58 120 116 88
1 55 120 116 88
1 60 120 116 88
1 58 120 116 88
1 56 120 116 88
1 58 120 116 88
1 55 120 116 88
1 51 120 116 88
1 56 120 100 88
1 56 120 116 88
1 55 120 100 88
1 55 120 116 88
1 53 120 116 88
1 53 120 116 88
1 58 120 100 88
1 58 120 116 88
1 56 120 100 88
1 56 120 116 88
1 55 120 116 88
1 55 240 234 88
1 67 240 234 88
1 64 240 234 88
1 60 240 234 88
1 62 120 116 88
1 63 120 116 88
1 65 240 234 88
1 59 720 708 88
1 60 240 234 88
1 63 240 234 88
1 65 360 356 88
1 68 120 116 88
1 67 120 116 88
1 65 120 116 88
1 67 120 116 88
1 62 120 116 88
1 63 120 116 88
1 53 120 116 88
1 51 120 116 88
1 50 120 116 88
1 51 120 116 88
1 55 120 116 88
1 60 240 234 88
1 55 120 116 88
1 56 120 116 88
1 58 480 474 88
1 57 120 116 88
1 59 120 116 88
1 60 480 474 88
1 59 120 116 88
1 60 120 116 88
1 62 360 340 88
1 62 120 116 88
1 60 120 116 88
1 59 120 116 88
1 60 120 116 88
1 55 120 116 88
1 57 240 234 88
1 60 240 234 88
1 65 480 460 88
1 65 240 234 88
1 70 240 234 88
1 67 240 234 88
1 64 240 234 88
1 69 240 234 88
1 62 480 470 88
1 67 240 234 88
1 63 240 234 88
1 60 240 234 88
1 65 240 234 88
1 58 480 470 88
1 63 240 234 88
1 60 240 234 88
1 57 240 234 88
1 62 240 234 88
1 55 480 470 88
1 60 240 234 88
1 53 240 234 88
1 48 240 234 88
1 53 360 356 88
1 60 120 116 88
1 58 120 116 88
1 57 120 116 88
1 58 120 116 88
1 55 120 116 88
1 57 1680 116 88
1 62 120 116 88
1 63 120 116 88
1 65 480 474 88
1 63 120 116 88
1 65 120 116 88
1 67 360 356 88
1 65 120 116 88
1 63 120 116 88
1 62 120 116 88
1 63 120 116 88
1 60 120 116 88
1 62 120 116 88
1 67 120 100 88
1 67 120 116 88
1 65 120 100 88
1 65 120 116 88
1 64 120 116 88
1 64 120 116 88
1 69 120 100 88
1 69 120 116 88
1 67 120 100 88
1 67 120 116 88
1 66 120 116 88
1 66 120 116 88
1 67 120 116 88
1 69 120 116 88
1 67 120 116 88
1 69 120 116 88
1 66 120 116 88
1 67 840 234 88
1 70 120 116 88
1 69 120 116 88
1 67 120 100 88
1 67 120 116 88
1 65 120 116 88
1 65 0 116 88
1 69 0 116 88
1 72 840 116 88
1 69 120 116 88
1 70 120 116 88
1 72 120 116 88
1 74 120 116 88
1 77 120 116 88
1 82 120 116 88
1 73 120 100 88
1 73 120 116 88
1 72 120 100 88
1 72 120 116 88
1 70 120 116 88
1 69 720 708 88
1 70 240 234 88
1 67 240 234 88
1 60 240 234 88
2 0 8760 0 0
2 60 120 116 88
2 58 120 116 88
2 57 120 116 88
2 58 120 116 88
2 53 120 116 88
2 50 120 116 88
2 55 120 116 88
2 53 120 116 88
2 51 120 116 88
2 53 120 116 88
2 50 120 116 88
2 46 120 116 88
2 51 120 100 88
2 51 120 116 88
2 50 120 100 88
2 50 120 116 88
2 48 120 116 88
2 48 120 116 88
2 53 120 100 88
2 53 120 116 88
2 51 120 100 88
2 51 120 116 88
2 50 120 116 88
2 50 120 116 88
2 55 120 100 88
2 55 120 116 88
2 53 120 100 88
2 53 120 116 88
2 51 120 116 88
2 51 240 234 88
2 53 240 234 88
2 41 240 234 88
2 46 240 234 88
2 58 600 596 88
2 57 120 100 88
2 57 120 116 88
2 55 120 100 88
2 55 120 116 88
2 53 120 116 88
2 53 120 116 88
2 55 120 116 88
2 53 120 116 88
2 52 120 116 88
2 53 120 116 88
2 48 120 116 88
2 45 120 116 88
2 50 120 116 88
2 48 120 116 88
2 46 120 116 88
2 48 120 116 88
2 45 120 116 88
2 41 120 116 88
2 46 120 100 88
2 46 120 116 88
2 45 120 100 88
2 45 120 116 88
2 43 120 116 88
2 43 120 116 88
2 48 120 100 88
2 48 120 116 88
2 46 120 100 88
2 46 120 116 88
2 45 120 116 88
2 45 240 234 88
2 46 720 714 88
2 45 480 470 88
2 46 120 116 88
2 57 120 116 88
2 55 120 116 88
2 53 120 116 88
2 55 120 116 88
2 52 120 116 88
2 48 120 116 88
2 55 120 116 88
2 53 120 116 88
2 52 120 116 88
2 53 120 116 88
2 50 120 116 88
2 47 240 220 88
2 47 240 220 88
2 47 240 234 88
2 46 240 220 88
2 46 240 220 88
2 46 240 234 88
2 45 240 234 88
2 46 240 234 88
2 48 240 234 88
2 41 960 234 88
2 45 480 470 88
2 46 720 708 88
2 48 720 708 88
2 41 120 116 88
2 53 120 100 88
2 53 120 116 88
2 51 120 100 88
2 51 120 116 88
2 50 120 116 88
2 50 240 234 88
2 48 240 234 88
2 46 240 234 88
2 39 120 116 88
2 51 120 100 88
2 51 120 116 88
2 50 120 100 88
2 50 120 116 88
2 48 120 116 88
2 48 120 116 88
2 53 120 100 88
2 53 120 116 88
2 51 120 100 88
2 51 120 116 88
2 50 120 116 88
2 50 120 116 88
2 51 120 116 88
2 50 120 116 88
2 48 120 116 88
2 50 120 116 88
2 53 120 116 88
2 58 240 234 88
2 46 120 116 88
2 48 120 116 88
2 50 480 474 88
2 48 120 116 88
2 50 120 116 88
2 51 480 474 88
2 50 120 116 88
2 51 120 116 88
2 53 360 356 88
2 50 120 116 88
2 52 120 116 88
2 54 120 116 88
2 55 360 356 88
2 58 120 116 88
2 57 120 116 88
2 55 120 116 88
2 57 120 116 88
2 60 120 116 88
2 50 240 234 88
2 52 240 234 88
2 54 240 234 88
2 55 120 116 88
2 57 120 116 88
2 55 120 116 88
2 54 120 116 88
2 55 120 116 88
2 50 120 116 88
2 46 120 116 88
2 51 120 116 88
2 50 120 116 88
2 48 120 116 88
2 50 120 116 88
2 46 120 116 88
2 43 120 116 88
2 48 120 100 88
2 48 120 116 88
2 46 120 100 88
2 46 120 116 88
2 45 120 116 88
2 45 120 116 88
2 50 120 100 88
2 50 120 116 88
2 48 120 100 88
2 48 120 116 88
2 46 120 116 88
2 46 480 470 88
2 47 240 234 88
2 48 240 234 88
2 60 240 234 88
2 58 240 234 88
2 56 240 234 88
2 58 240 234 88
2 46 240 234 88
2 51 840 836 88
2 56 120 116 88
2 55 120 116 88
2 53 120 116 88
2 55 120 116 88
2 51 120 116 88
2 48 360 353 88
2 50 120 116 88
2 51 480 474 88
2 50 120 116 88
2 51 120 116 88
2 53 480 474 88
2 52 120 116 88
2 53 120 116 88
2 55 360 356 88
2 53 120 100 88
2 53 120 116 88
2 51 120 100 88
2 51 120 116 88
2 50 120 116 88
2 50 240 234 88
2 55 240 234 88
2 43 240 234 88
2 48 120 116 88
2 46 120 100 88
2 46 120 116 88
2 44 120 100 88
2 44 120 116 88
2 43 120 116 88
2 43 240 234 88
2 47 240 234 88
2 43 240 234 88
2 48 840 836 88
2 50 120 116 88
2 51 480 470 88
2 53 720 708 88
2 55 720 708 88
2 48 240 234 88
2 51 240 234 88
2 48 240 234 88
2 53 240 234 88
2 57 240 234 88
2 53 240 234 88
2 46 120 116 88
2 60 120 116 88
2 58 120 116 88
2 57 120 116 88
2 58 120 116 88
2 55 120 116 88
2 52 120 116 88
2 57 120 100 88
2 57 120 116 88
2 55 120 100 88
2 55 120 116 88
2 54 120 116 88
2 54 120 116 88
2 57 120 116 88
2 55 120 116 88
2 54 120 116 88
2 55 120 116 88
2 51 120 116 88
2 48 120 116 88
2 53 120 100 88
2 53 120 116 88
2 51 120 100 88
2 51 120 116 88
2 50 120 116 88
2 50 120 116 88
2 53 120 116 88
2 51 120 116 88
2 50 120 116 88
2 51 120 116 88
2 48 120 116 88
2 45 120 116 88
2 50 120 100 88
2 50 120 116 88
2 48 120 100 88
2 48 120 116 88
2 46 120 116 88
2 46 120 116 88
2 48 120 100 88
2 48 120 116 88
2 46 120 100 88
2 46 120 116 88
2 45 120 116 88
2 45 720 708 88
2 46 240 234 88
2 43 240 234 88
2 48 240 234 88
2 41 360 353 88
2 43 120 116 88
2 45 120 116 88
2 46 120 116 88
2 48 120 116 88
2 50 120 116 88
2 51 120 116 88
2 50 120 116 88
2 51 120 116 88
2 48 120 116 88
2 50 720 708 88
2 51 720 708 88
2 53 720 708 88
2 46 720 708 88
2 48 720 708 88
2 50 720 708 88
2 43 120 116 88
2 57 120 116 88
2 55 120 116 88
2 54 120 116 88
2 55 120 116 88
2 51 120 116 88
2 48 120 116 88
2 50 120 116 88
2 48 120 116 88
2 46 120 116 88
2 48 120 116 88
2 45 120 116 88
2 41 120 116 88
2 55 120 116 88
2 53 120 116 88
2 51 120 116 88
2 53 120 116 88
2 50 120 116 88
2 46 120 116 88
2 48 120 116 88
2 46 120 116 88
2 45 120 116 88
2 46 120 116 88
2 43 120 116 88
2 40 240 220 88
2 40 240 220 88
2 40 240 234 88
2 39 240 220 88
2 39 240 220 88
2 39 240 234 88
2 38 240 234 88
2 39 240 234 88
2 41 240 234 88
