0 70 60 58 88
0 67 60 58 88
0 65 60 58 88
0 67 60 58 88
0 63 60 58 88
0 68 60 58 88
0 67 60 58 88
0 68 60 58 88
0 72 120 116 88
0 70 240 116 88
0 69 60 58 88
0 65 60 58 88
0 75 120 116 88
0 74 120 101 88
0 74 23 22 88
0 72 30 29 88
0 74 30 29 88
0 72 22 21 88
0 74 23 22 88
0 72 22 21 88
0 74 23 22 88
0 72 22 21 88
0 74 23 22 88
0 72 22 21 88
0 70 60 58 88
0 77 60 58 88
0 74 60 58 88
0 70 60 58 88
0 68 60 58 88
0 77 60 58 88
0 74 60 58 88
0 68 60 58 88
0 67 120 116 88
0 80 120 116 88
0 79 120 116 88
0 77 120 116 88
0 75 60 58 88
0 72 60 58 88
0 74 60 58 88
0 75 60 58 88
0 77 300 298 88
0 75 60 58 88
0 77 60 58 88
0 79 60 58 88
0 80 60 58 88
0 77 60 58 88
0 70 60 58 88
0 80 60 58 88
0 79 120 116 88
0 75 60 58 88
0 79 60 58 88
0 84 360 356 88
0 74 60 58 88
0 77 60 58 88
0 82 360 353 88
0 72 60 58 88
0 75 60 58 88
0 80 120 116 88
0 79 120 116 88
0 77 240 234 88
0 79 120 116 88
0 74 120 116 88
0 75 360 353 88
0 77 120 116 88
0 79 360 353 88
0 81 120 116 88
0 82 540 521 88
0 82 60 58 88
0 79 60 58 88
0 75 60 58 88
0 73 60 58 88
0 82 60 58 88
0 79 60 58 88
0 73 60 58 88
0 72 120 116 88
0 75 120 116 88
0 80 300 281 88
0 80 60 58 88
0 77 60 58 88
0 74 60 58 88
0 72 60 58 88
0 80 60 58 88
0 77 60 58 88
0 72 60 58 88
0 70 120 116 88
0 74 120 116 88
0 79 540 534 88
0 72 60 58 88
0 74 60 58 88
0 75 60 58 88
0 77 360 353 88
0 75 180 178 88
0 74 60 58 88
0 72 60 58 88
0 74 60 58 88
0 70 60 58 88
0 75 60 58 88
0 74 60 58 88
0 75 60 58 88
0 79 120 116 88
0 77 240 116 88
0 74 60 58 88
0 70 60 58 88
0 80 120 116 88
0 79 120 101 88
0 79 23 22 88
0 77 30 29 88
0 79 30 29 88
0 77 22 21 88
0 79 23 22 88
0 77 22 21 88
0 79 23 22 88
0 77 22 21 88
0 79 23 22 88
0 77 22 21 88
0 75 60 58 88
0 82 60 58 88
0 79 60 58 88
0 75 60 58 88
0 73 60 58 88
0 82 60 58 88
0 79 60 58 88
0 73 60 58 88
0 72 120 116 88
0 80 240 116 88
0 68 120 116 88
0 74 60 58 88
0 80 60 58 88
0 77 60 58 88
0 74 60 58 88
0 72 60 58 88
0 80 60 58 88
0 77 60 58 88
0 72 60 58 88
0 71 120 116 88
0 79 240 116 88
0 67 120 116 88
0 72 60 58 88
0 79 60 58 88
0 76 60 58 88
0 72 60 58 88
0 70 60 58 88
0 79 60 58 88
0 76 60 58 88
0 70 60 58 88
0 69 60 58 88
0 79 60 58 88
0 72 60 58 88
0 67 60 58 88
0 68 60 58 88
0 77 60 58 88
0 74 60 58 88
0 68 60 58 88
0 67 60 58 88
0 77 60 58 88
0 74 60 58 88
0 71 60 58 88
0 67 60 58 88
0 75 60 58 88
0 72 60 58 88
0 67 60 58 88
0 66 60 58 88
0 75 60 58 88
0 72 60 58 88
0 69 60 58 88
0 65 60 58 88
0 74 60 58 88
0 71 60 58 88
0 65 60 58 88
0 64 60 58 88
0 74 60 58 88
0 71 60 58 88
0 67 60 58 88
0 63 60 58 88
0 72 60 58 88
0 67 60 58 88
0 63 60 58 88
0 62 60 58 88
0 72 60 58 88
0 68 60 58 88
0 65 60 58 88
0 62 60 58 88
0 71 60 58 88
0 69 60 58 88
0 71 60 58 88
0 72 120 116 88
0 77 120 116 88
0 75 120 116 88
0 74 120 116 88
0 72 60 58 88
0 69 60 58 88
0 71 60 58 88
0 72 60 58 88
0 74 300 294 88
0 72 60 58 88
0 74 60 58 88
0 75 60 58 88
0 77 60 58 88
0 74 60 58 88
0 67 60 58 88
0 77 60 58 88
0 75 60 58 88
0 79 60 58 88
0 75 60 58 88
0 74 60 58 88
0 72 60 58 88
0 84 60 58 88
0 80 60 58 88
0 77 60 58 88
0 74 60 58 88
0 77 60 58 88
0 74 60 58 88
0 72 60 58 88
0 70 60 58 88
0 82 60 58 88
0 79 60 58 88
0 75 60 58 88
0 72 60 58 88
0 75 60 58 88
0 72 60 58 88
0 70 60 58 88
0 68 60 58 88
0 80 60 58 88
0 77 60 58 88
0 74 60 58 88
0 71 240 234 88
0 72 360 356 88
0 71 120 116 88
0 72 60 58 88
0 71 60 58 88
0 72 60 58 88
0 74 60 58 88
0 75 120 116 88
0 74 120 116 88
0 76 120 116 88
0 78 120 116 88
0 79 60 58 88
0 74 60 58 88
0 72 60 58 88
0 74 60 58 88
0 70 60 58 88
0 76 60 58 88
0 74 60 58 88
0 76 60 58 88
0 79 120 116 88
0 77 360 116 88
0 77 60 58 88
0 72 60 58 88
0 70 60 58 88
0 72 60 58 88
0 68 60 58 88
0 74 60 58 88
0 72 60 58 88
0 74 60 58 88
0 77 120 116 88
0 75 420 116 88
0 70 60 58 88
0 75 60 58 88
0 72 60 58 88
0 73 300 234 88
0 72 60 58 88
0 77 60 58 88
0 74 60 58 88
0 75 300 234 88
0 74 60 58 88
0 79 60 58 88
0 75 60 58 88
0 77 300 234 88
0 75 60 58 88
0 79 60 58 88
0 82 60 58 88
0 80 60 58 88
0 77 60 58 88
0 70 60 58 88
0 79 60 58 88
0 77 120 116 88
0 80 120 116 88
0 79 120 116 88
0 77 120 116 88
0 75 60 58 88
0 72 60 58 88
0 74 60 58 88
0 75 60 58 88
0 77 300 298 88
0 75 60 58 88
0 77 60 58 88
0 79 60 58 88
0 80 60 58 88
0 77 60 58 88
0 70 60 58 88
0 80 60 58 88
0 79 60 58 88
0 82 60 58 88
0 79 60 58 88
0 75 60 58 88
0 73 240 234 88
0 72 60 58 88
0 84 60 58 88
0 80 60 58 88
0 77 60 58 88
0 75 240 234 88
0 74 60 58 88
0 77 60 58 88
0 74 60 58 88
0 70 60 58 88
0 68 300 298 88
0 67 60 58 88
0 65 60 58 88
0 67 60 58 88
0 63 60 58 88
0 68 60 58 88
0 67 60 58 88
0 68 60 58 88
0 72 120 116 88
0 70 240 116 88
0 69 60 58 88
0 65 60 58 88
0 75 120 116 88
0 74 120 101 88
0 74 23 22 88
0 72 30 29 88
0 74 30 29 88
0 72 22 21 88
0 74 23 22 88
0 72 22 21 88
0 74 23 22 88
0 72 22 21 88
0 74 23 22 88
0 72 22 21 88
0 70 120 116 88
0 77 120 116 88
0 74 120 116 88
0 70 120 116 88
0 82 600 590 88
0 75 120 116 88
0 72 120 116 88
0 68 120 116 88
0 80 600 590 88
0 74 120 116 88
0 70 120 116 88
0 67 120 116 88
0 79 300 294 88
0 72 60 58 88
0 74 60 58 88
0 75 60 58 88
0 77 60 58 88
0 75 60 58 88
0 74 60 58 88
0 72 60 58 88
0 70 60 58 88
0 68 60 58 88
0 70 60 58 88
0 72 60 58 88
0 65 360 234 88
0 65 120 116 88
0 75 120 116 88
0 74 360 116 88
0 77 120 116 88
0 75 240 234 88
0 74 120 116 88
0 75 60 58 88
0 79 60 58 88
0 75 60 58 88
0 72 60 58 88
0 68 300 298 88
0 77 60 58 88
0 74 60 58 88
0 70 60 58 88
0 67 120 116 88
0 75 120 116 88
0 67 240 234 88
0 65 240 234 88
1 0 34620 0 0
1 61 180 175 88
1 60 180 175 88
1 59 60 58 88
2 0 1920 0 0
2 63 60 58 88
2 62 60 58 88
2 60 60 58 88
2 62 60 58 88
2 58 60 58 88
2 63 60 58 88
2 62 60 58 88
2 63 60 58 88
2 67 120 116 88
2 65 240 116 88
2 62 60 58 88
2 58 60 58 88
2 68 120 116 88
2 67 120 101 88
2 67 23 22 88
2 65 30 29 88
2 67 22 21 88
2 65 23 22 88
2 67 22 21 88
2 65 120 116 88
2 63 60 58 88
2 70 60 58 88
2 67 60 58 88
2 65 60 58 88
2 63 60 58 88
2 72 60 58 88
2 69 60 58 88
2 65 60 58 88
2 62 60 58 88
2 69 60 58 88
2 65 60 58 88
2 63 60 58 88
2 61 60 58 88
2 70 60 58 88
2 67 60 58 88
2 63 60 58 88
2 60 60 58 88
2 67 60 58 88
2 63 60 58 88
2 60 60 58 88
2 62 60 58 88
2 70 60 58 88
2 63 60 58 88
2 72 60 58 88
2 74 120 116 88
2 73 120 116 88
2 72 120 116 88
2 70 120 116 88
2 68 60 58 88
2 67 60 58 88
2 68 60 58 88
2 70 60 58 88
2 72 300 298 88
2 70 60 58 88
2 72 60 58 88
2 74 60 58 88
2 75 60 58 88
2 72 60 58 88
2 65 60 58 88
2 75 60 58 88
2 74 120 116 88
2 77 120 116 88
2 74 120 116 88
2 70 120 116 88
2 75 600 116 88
2 75 120 116 88
2 72 120 116 88
2 68 120 116 88
2 74 600 116 88
2 74 120 116 88
2 70 120 116 88
2 67 120 116 88
2 72 120 116 88
2 70 120 116 88
2 68 300 294 88
2 72 60 58 88
2 70 60 58 88
2 68 60 58 88
2 67 240 234 88
2 65 240 234 88
2 70 360 353 88
2 68 60 58 88
2 67 60 58 88
2 68 120 116 88
2 65 120 116 88
2 62 120 116 88
2 75 240 234 88
2 74 120 116 88
2 75 240 116 88
2 63 300 281 88
2 63 60 58 88
2 60 60 58 88
2 56 60 58 88
2 55 60 58 88
2 63 60 58 88
2 60 60 58 88
2 55 60 58 88
2 53 120 116 88
2 56 120 116 88
2 62 300 281 88
2 62 60 58 88
2 59 60 58 88
2 55 60 58 88
2 53 60 58 88
2 62 60 58 88
2 59 60 58 88
2 53 60 58 88
2 52 120 116 88
2 55 120 116 88
2 60 480 474 88
2 59 120 116 88
2 60 120 116 88
2 62 1920 116 88
2 60 60 58 88
2 58 60 58 88
2 56 60 58 88
2 58 60 58 88
2 55 60 58 88
2 60 60 58 88
2 59 60 58 88
2 60 60 58 88
2 63 120 116 88
2 62 240 116 88
2 59 60 58 88
2 55 60 58 88
2 65 120 116 88
2 63 120 101 88
2 63 23 22 88
2 62 30 29 88
2 63 22 21 88
2 62 23 22 88
2 63 22 21 88
2 62 120 116 88
2 60 60 58 88
2 59 60 58 88
2 60 60 58 88
2 63 60 58 88
2 68 360 353 88
2 58 60 58 88
2 62 60 58 88
2 67 360 356 88
2 56 60 58 88
2 60 60 58 88
2 65 300 294 88
2 67 60 58 88
2 68 240 234 88
2 67 120 116 88
2 65 60 58 88
2 63 60 58 88
2 65 60 58 88
2 67 60 58 88
2 69 300 294 88
2 67 60 58 88
2 69 60 58 88
2 70 60 58 88
2 72 60 58 88
2 69 60 58 88
2 62 60 58 88
2 72 60 58 88
2 70 240 221 88
2 70 300 294 88
2 73 60 58 88
2 72 60 58 88
2 70 60 58 88
2 68 60 58 88
2 67 60 58 88
2 65 60 58 88
2 67 60 58 88
2 68 240 221 88
2 68 300 294 88
2 72 60 58 88
2 70 60 58 88
2 68 60 58 88
2 67 60 58 88
2 65 60 58 88
2 63 60 58 88
2 65 60 58 88
2 67 300 234 88
2 70 60 58 88
2 67 60 58 88
2 63 60 58 88
2 56 300 116 88
2 72 60 58 88
2 69 60 58 88
2 65 60 58 88
2 58 300 116 88
2 74 60 58 88
2 71 60 58 88
2 67 60 58 88
2 60 600 116 88
2 77 120 116 88
2 75 120 116 88
2 68 120 116 88
2 70 120 116 88
2 68 60 58 88
2 67 60 58 88
2 68 60 58 88
2 74 60 58 88
2 70 60 58 88
2 65 60 58 88
2 62 120 116 88
2 63 240 234 88
2 62 120 116 88
2 63 300 116 88
2 70 60 58 88
2 67 60 58 88
2 63 60 58 88
2 56 300 116 88
2 72 60 58 88
2 69 60 58 88
2 65 60 58 88
2 58 300 116 88
2 65 60 58 88
2 62 60 58 88
2 58 60 58 88
2 51 120 116 88
2 61 120 116 88
2 60 120 116 88
2 58 120 116 88
2 56 60 58 88
2 55 60 58 88
2 56 60 58 88
2 58 60 58 88
2 60 300 298 88
2 58 60 58 88
2 60 60 58 88
2 62 60 58 88
2 63 60 58 88
2 60 60 58 88
2 53 60 58 88
2 63 60 58 88
2 62 540 116 88
2 70 60 58 88
2 75 60 58 88
2 79 60 58 88
2 73 60 58 88
2 70 60 58 88
2 73 60 58 88
2 79 60 58 88
2 72 540 116 88
2 68 60 58 88
2 74 60 58 88
2 77 60 58 88
2 72 60 58 88
2 68 60 58 88
2 72 60 58 88
2 77 60 58 88
2 70 600 116 88
2 70 120 116 88
2 68 480 470 88
2 67 120 116 88
2 63 180 178 88
2 62 60 58 88
2 60 60 58 88
2 62 60 58 88
2 58 60 58 88
2 63 60 58 88
2 62 60 58 88
2 63 60 58 88
2 66 120 116 88
2 65 240 116 88
2 62 60 58 88
2 58 60 58 88
2 68 120 116 88
2 67 120 101 88
2 67 23 22 88
2 65 30 29 88
2 67 22 21 88
2 65 23 22 88
2 67 22 21 88
2 65 120 116 88
2 63 360 234 88
2 65 120 116 88
2 58 360 353 88
2 65 180 175 88
2 62 60 58 88
2 63 60 58 88
2 58 120 116 88
2 60 60 58 88
2 62 60 58 88
2 56 120 118 88
2 61 60 58 88
2 58 60 58 88
2 55 120 116 88
2 56 60 58 88
2 53 120 116 88
3 0 4800 0 0
3 58 60 58 88
3 55 60 58 88
3 53 60 58 88
3 55 60 58 88
3 51 60 58 88
3 56 60 58 88
3 55 60 58 88
3 56 60 58 88
3 60 120 116 88
3 58 240 116 88
3 57 60 58 88
3 53 60 58 88
3 63 120 116 88
3 62 120 101 88
3 62 23 22 88
3 60 30 29 88
3 62 22 21 88
3 60 23 22 88
3 62 22 21 88
3 60 120 116 88
3 58 60 58 88
3 65 60 58 88
3 62 60 58 88
3 58 60 58 88
3 56 60 58 88
3 65 60 58 88
3 62 60 58 88
3 56 60 58 88
3 55 120 116 88
3 63 240 116 88
3 51 120 116 88
3 56 60 58 88
3 63 60 58 88
3 60 60 58 88
3 56 60 58 88
3 55 60 58 88
3 63 60 58 88
3 60 60 58 88
3 55 60 58 88
3 53 120 116 88
3 62 240 116 88
3 50 120 116 88
3 55 60 58 88
3 62 60 58 88
3 58 60 58 88
3 55 60 58 88
3 53 60 58 88
3 61 60 58 88
3 58 60 58 88
3 55 60 58 88
3 52 60 58 88
3 60 60 58 88
3 55 60 58 88
3 52 60 58 88
3 53 60 58 88
3 60 60 58 88
3 56 60 58 88
3 53 60 58 88
3 50 60 58 88
3 58 60 58 88
3 53 60 58 88
3 50 60 58 88
3 51 60 58 88
3 58 60 58 88
3 55 60 58 88
3 51 60 58 88
3 46 120 116 88
3 56 120 116 88
3 55 120 116 88
3 53 120 116 88
3 51 60 58 88
3 48 60 58 88
3 50 60 58 88
3 51 60 58 88
3 53 300 298 88
3 51 60 58 88
3 53 60 58 88
3 55 60 58 88
3 56 60 58 88
3 53 60 58 88
3 46 60 58 88
3 56 60 58 88
3 55 120 116 88
3 58 120 116 88
3 55 120 116 88
3 51 120 116 88
3 56 600 116 88
3 56 120 116 88
3 53 120 116 88
3 50 120 116 88
3 55 600 116 88
3 55 120 116 88
3 52 120 116 88
3 48 120 116 88
3 53 120 116 88
3 51 120 116 88
3 50 120 116 88
3 48 120 116 88
3 47 120 116 88
3 43 120 116 88
3 48 120 116 88
3 46 120 116 88
3 45 120 116 88
3 57 120 116 88
3 59 120 116 88
3 55 120 116 88
3 60 120 116 88
3 55 120 116 88
3 56 120 116 88
3 51 120 116 88
3 53 120 116 88
3 51 60 58 88
3 53 60 58 88
3 55 120 116 88
3 43 120 116 88
3 48 2880 116 88
3 55 60 58 88
3 51 60 58 88
3 50 60 58 88
3 51 60 58 88
3 48 60 58 88
3 53 60 58 88
3 51 60 58 88
3 53 60 58 88
3 56 120 116 88
3 55 240 116 88
3 54 60 58 88
3 50 60 58 88
3 60 120 116 88
3 58 120 101 88
3 58 23 22 88
3 57 30 29 88
3 58 22 21 88
3 57 23 22 88
3 58 22 21 88
3 57 120 116 88
3 55 60 58 88
3 58 60 58 88
3 56 60 58 88
3 58 60 58 88
3 55 60 58 88
3 56 60 58 88
3 53 60 58 88
3 55 60 58 88
3 52 60 58 88
3 60 60 58 88
3 56 60 58 88
3 53 60 58 88
3 48 60 58 88
3 53 60 58 88
3 48 60 58 88
3 44 60 58 88
3 41 60 58 88
3 56 60 58 88
3 55 60 58 88
3 56 60 58 88
3 53 60 58 88
3 55 60 58 88
3 51 60 58 88
3 53 60 58 88
3 50 60 58 88
3 58 60 58 88
3 55 60 58 88
3 51 60 58 88
3 46 60 58 88
3 51 60 58 88
3 46 60 58 88
3 43 60 58 88
3 39 120 116 88
3 51 120 116 88
3 53 120 116 88
3 55 120 116 88
3 56 120 116 88
3 53 120 116 88
3 55 120 116 88
3 57 120 116 88
3 58 120 116 88
3 55 120 116 88
3 57 120 116 88
3 59 120 116 88
3 60 120 116 88
3 48 120 116 88
3 50 120 116 88
3 51 180 178 88
3 50 60 58 88
3 48 60 58 88
3 50 60 58 88
3 46 60 58 88
3 51 60 58 88
3 50 60 58 88
3 51 60 58 88
3 55 120 116 88
3 53 240 116 88
3 50 60 58 88
3 46 60 58 88
3 56 120 116 88
3 55 120 101 88
3 55 23 22 88
3 53 30 29 88
3 55 22 21 88
3 53 23 22 88
3 55 22 21 88
3 53 120 116 88
3 51 120 116 88
3 39 120 116 88
3 41 120 116 88
3 43 120 116 88
3 44 120 116 88
3 41 120 116 88
3 43 120 116 88
3 45 120 116 88
3 46 120 101 88
3 46 120 116 88
3 48 120 116 88
3 50 120 116 88
3 51 780 768 88
3 50 60 58 88
3 51 60 58 88
3 53 60 58 88
3 55 180 175 88
3 53 60 58 88
3 51 120 116 88
3 53 120 116 88
3 46 60 58 88
3 53 60 58 88
3 50 60 58 88
3 46 60 58 88
3 44 60 58 88
3 53 60 58 88
3 50 60 58 88
3 44 60 58 88
3 43 120 116 88
3 55 240 116 88
3 39 120 116 88
3 44 60 58 88
3 51 60 58 88
3 48 60 58 88
3 44 60 58 88
3 43 60 58 88
3 51 60 58 88
3 48 60 58 88
3 43 60 58 88
3 41 120 116 88
3 53 240 116 88
3 38 120 116 88
3 43 60 58 88
3 50 60 58 88
3 46 60 58 88
3 43 60 58 88
3 41 60 58 88
3 50 60 58 88
3 46 60 58 88
3 41 60 58 88
3 40 60 58 88
3 48 60 58 88
3 43 60 58 88
3 40 60 58 88
3 41 60 58 88
3 48 60 58 88
3 44 60 58 88
3 41 60 58 88
3 38 60 58 88
3 46 60 58 88
3 41 60 58 88
3 38 60 58 88
3 39 60 58 88
3 46 60 58 88
3 43 60 58 88
3 39 60 58 88
3 46 120 116 88
3 53 120 116 88
3 50 120 116 88
3 46 120 116 88
3 57 120 116 88
3 56 180 116 88
3 56 60 58 88
3 53 60 58 88
3 50 60 58 88
3 46 120 116 88
3 51 120 116 88
3 58 120 116 88
3 59 120 116 88
3 60 300 281 88
3 60 60 58 88
3 56 60 58 88
3 53 60 58 88
3 50 120 116 88
3 46 180 116 88
3 51 60 58 88
3 48 60 58 88
3 44 60 58 88
3 46 480 470 88
