0 0 4080 0 0
0 68 120 116 88
0 75 120 116 88
0 72 120 116 88
0 68 120 116 88
0 77 120 116 88
0 73 120 116 88
0 75 720 708 88
0 80 240 234 88
0 80 240 234 88
0 79 240 234 88
0 77 540 538 88
0 70 60 58 88
0 72 60 58 88
0 74 60 58 88
0 75 360 353 88
0 80 120 116 88
0 73 120 116 88
0 82 120 116 88
0 73 240 234 88
0 72 240 234 88
0 70 480 470 88
0 68 540 525 88
0 68 60 58 88
0 70 60 58 88
0 72 60 58 88
0 73 300 298 88
0 70 60 58 88
0 72 60 58 88
0 75 60 58 88
0 80 60 58 88
0 79 60 58 88
0 80 60 58 88
0 82 60 58 88
0 84 60 58 88
0 82 60 58 88
0 80 60 58 88
0 79 60 58 88
0 77 60 58 88
0 79 60 58 88
0 80 60 58 88
0 84 60 58 88
0 82 60 58 88
0 80 60 58 88
0 79 60 58 88
0 77 60 58 88
0 75 60 58 88
0 77 60 58 88
0 79 60 58 88
0 82 60 58 88
0 80 60 58 88
0 79 60 58 88
0 77 60 58 88
0 75 60 58 88
0 74 60 58 88
0 75 60 58 88
0 77 60 58 88
0 80 60 58 88
0 79 60 58 88
0 77 60 58 88
0 76 60 58 88
0 79 60 58 88
0 77 60 58 88
0 76 60 58 88
0 77 60 58 88
0 79 60 58 88
0 72 120 116 88
0 77 240 234 88
0 79 60 58 88
0 76 60 58 88
0 77 60 58 88
0 76 60 58 88
0 77 60 58 88
0 79 60 58 88
0 80 480 470 88
0 79 480 474 88
0 77 480 465 88
0 77 30 29 88
0 76 30 29 88
0 77 30 29 88
0 76 23 22 88
0 77 22 21 88
0 76 23 22 88
0 77 22 21 88
0 76 23 22 88
0 74 22 21 88
0 76 15 15 88
0 77 300 294 88
0 75 60 58 88
0 73 60 58 88
0 72 60 58 88
0 70 60 58 88
0 68 60 58 88
0 67 60 58 88
0 68 60 58 88
0 70 60 58 88
0 73 60 58 88
0 72 60 58 88
0 70 60 58 88
0 69 60 58 88
0 72 60 58 88
0 73 60 58 88
0 75 60 58 88
0 77 60 58 88
0 75 60 58 88
0 73 60 58 88
0 72 60 58 88
0 70 60 58 88
0 73 60 58 88
0 78 60 58 88
0 77 60 58 88
0 75 60 58 88
0 73 60 58 88
0 72 60 58 88
0 70 60 58 88
0 69 240 234 88
0 70 60 58 88
0 72 60 58 88
0 73 240 234 88
0 72 60 58 88
0 73 60 58 88
0 75 300 298 88
0 72 60 58 88
0 73 60 58 88
0 77 60 58 88
0 82 120 116 88
0 77 120 116 88
0 78 120 116 88
0 75 120 116 88
0 80 120 116 88
0 75 120 116 88
0 77 120 116 88
0 73 60 58 88
0 77 60 58 88
0 78 120 116 88
0 73 120 116 88
0 75 120 116 88
0 72 120 116 88
0 77 120 116 88
0 72 120 116 88
0 73 720 708 88
0 72 120 116 88
0 77 120 116 88
0 74 120 116 88
0 70 120 116 88
0 75 480 465 88
0 75 30 29 88
0 74 30 29 88
0 75 30 29 88
0 74 23 22 88
0 75 22 21 88
0 74 23 22 88
0 75 22 21 88
0 74 23 22 88
0 72 22 21 88
0 74 15 15 88
0 75 1200 234 88
0 68 120 116 88
0 75 120 116 88
0 72 120 116 88
0 68 120 116 88
0 78 120 116 88
0 75 120 116 88
0 77 240 225 88
0 77 120 116 88
0 79 120 116 88
0 75 240 225 88
0 75 120 116 88
0 77 120 116 88
0 73 240 225 88
0 73 120 116 88
0 82 120 116 88
0 72 120 116 88
0 73 60 58 88
0 70 60 58 88
0 72 120 116 88
0 80 120 116 88
0 70 300 234 88
0 75 60 58 88
0 77 60 58 88
0 79 60 58 88
0 80 300 294 88
0 79 60 58 88
0 77 60 58 88
0 80 60 58 88
0 79 780 768 88
0 72 60 58 88
0 77 180 178 88
0 75 60 58 88
0 73 60 58 88
0 77 60 58 88
0 75 480 470 88
0 73 300 298 88
0 72 60 58 88
0 70 60 58 88
0 73 60 58 88
0 72 120 116 88
0 77 120 116 88
0 73 120 116 88
0 70 120 116 88
0 78 120 116 88
0 75 120 116 88
0 77 240 234 88
0 80 120 116 88
0 77 120 116 88
0 79 240 234 88
0 82 120 116 88
0 79 120 116 88
0 80 120 116 88
0 77 120 116 88
0 73 360 353 88
0 75 120 116 88
0 72 120 116 88
0 77 120 116 88
0 72 240 234 88
0 70 360 353 88
0 68 60 58 88
0 67 60 58 88
0 68 120 116 88
0 75 120 116 88
0 72 120 116 88
0 68 120 116 88
0 77 120 116 88
0 73 120 116 88
0 75 120 116 88
0 67 120 116 88
0 68 480 474 88
0 67 240 234 88
1 0 5040 0 0
1 63 120 116 88
1 68 120 116 88
1 67 120 116 88
1 63 120 116 88
1 72 120 116 88
1 68 120 116 88
1 70 300 294 88
1 63 60 58 88
1 65 60 58 88
1 67 60 58 88
1 68 60 58 88
1 70 60 58 88
1 72 60 58 88
1 70 60 58 88
1 68 60 58 88
1 67 60 58 88
1 65 60 58 88
1 68 60 58 88
1 67 480 470 88
1 65 540 470 88
1 63 60 58 88
1 65 60 58 88
1 67 60 58 88
1 68 480 465 88
1 68 30 29 88
1 67 30 29 88
1 68 30 29 88
1 67 23 22 88
1 68 22 21 88
1 67 23 22 88
1 68 22 21 88
1 67 23 22 88
1 65 22 21 88
1 67 15 15 88
1 68 120 116 88
1 67 60 58 88
1 65 60 58 88
1 63 60 58 88
1 61 60 58 88
1 60 60 58 88
1 61 60 58 88
1 63 360 116 88
1 56 120 116 88
1 68 2160 116 88
1 65 120 116 88
1 72 120 116 88
1 68 120 116 88
1 65 120 116 88
1 73 120 116 88
1 70 120 116 88
1 72 120 116 88
1 74 60 58 88
1 76 60 58 88
1 77 120 116 88
1 72 120 116 88
1 73 120 116 88
1 70 120 116 88
1 75 120 116 88
1 70 120 116 88
1 72 120 116 88
1 68 120 116 88
1 73 120 116 88
1 68 120 116 88
1 70 60 58 88
1 72 60 58 88
1 73 60 58 88
1 72 60 58 88
1 70 60 58 88
1 68 60 58 88
1 67 60 58 88
1 70 60 58 88
1 68 2160 234 88
1 65 120 116 88
1 70 120 116 88
1 66 120 116 88
1 63 120 116 88
1 72 120 116 88
1 69 120 116 88
1 70 300 234 88
1 65 60 58 88
1 66 60 58 88
1 68 60 58 88
1 70 60 58 88
1 68 60 58 88
1 66 60 58 88
1 65 60 58 88
1 63 60 58 88
1 65 60 58 88
1 66 60 58 88
1 70 60 58 88
1 68 60 58 88
1 66 60 58 88
1 65 60 58 88
1 63 60 58 88
1 61 60 58 88
1 63 60 58 88
1 65 60 58 88
1 68 60 58 88
1 66 60 58 88
1 65 60 58 88
1 63 60 58 88
1 61 60 58 88
1 60 60 58 88
1 61 60 58 88
1 63 60 58 88
1 66 60 58 88
1 65 240 225 88
1 65 120 116 88
1 70 120 116 88
1 67 120 116 88
1 63 240 234 88
1 68 120 116 88
1 65 120 116 88
1 62 240 116 88
1 67 120 116 88
1 68 60 58 88
1 70 60 58 88
1 72 60 58 88
1 70 60 58 88
1 68 60 58 88
1 67 60 58 88
1 65 60 58 88
1 68 60 58 88
1 67 60 58 88
1 68 60 58 88
1 70 60 58 88
1 67 60 58 88
1 63 120 116 88
1 70 120 116 88
1 67 120 116 88
1 63 120 116 88
1 73 120 116 88
1 70 120 116 88
1 72 720 234 88
1 72 120 116 88
1 75 240 236 88
1 68 120 116 88
1 70 120 116 88
1 73 240 234 88
1 67 120 116 88
1 69 120 116 88
1 72 240 236 88
1 65 120 116 88
1 70 480 470 88
1 68 300 298 88
1 67 60 58 88
1 68 60 58 88
1 70 60 58 88
1 72 300 294 88
1 73 60 58 88
1 75 60 58 88
1 72 60 58 88
1 73 300 298 88
1 72 60 58 88
1 70 60 58 88
1 73 60 58 88
1 72 300 294 88
1 70 60 58 88
1 68 60 58 88
1 67 60 58 88
1 68 180 165 88
1 68 60 58 88
1 67 240 116 88
1 63 120 116 88
1 68 120 116 88
1 65 120 116 88
1 61 120 116 88
1 70 120 116 88
1 67 120 116 88
1 68 840 234 88
1 75 120 116 88
1 75 120 116 88
1 73 240 116 88
1 77 120 105 88
1 77 120 116 88
1 75 240 116 88
1 79 120 116 88
1 77 360 116 88
1 70 120 116 88
1 67 120 116 88
1 70 120 116 88
1 72 120 116 88
1 68 120 116 88
1 68 360 353 88
1 67 120 116 88
1 65 360 234 88
1 70 120 116 88
1 68 360 116 88
1 70 120 105 88
1 70 360 116 88
1 65 120 116 88
1 58 60 58 88
1 60 60 58 88
1 61 60 58 88
1 65 60 58 88
1 63 60 58 88
1 61 60 58 88
1 60 60 58 88
1 61 60 58 88
2 0 240 0 0
2 56 120 116 88
2 63 120 116 88
2 60 120 116 88
2 56 120 116 88
2 65 120 116 88
2 61 120 116 88
2 63 300 294 88
2 61 60 58 88
2 60 60 58 88
2 61 60 58 88
2 63 60 58 88
2 65 60 58 88
2 67 60 58 88
2 63 60 58 88
2 68 60 58 88
2 70 60 58 88
2 72 60 58 88
2 70 60 58 88
2 68 60 58 88
2 67 60 58 88
2 65 60 58 88
2 68 60 58 88
2 67 480 470 88
2 65 300 298 88
2 63 60 58 88
2 62 60 58 88
2 65 60 58 88
2 63 360 353 88
2 61 60 58 88
2 60 60 58 88
2 61 60 58 88
2 65 60 58 88
2 70 60 58 88
2 68 60 58 88
2 67 60 58 88
2 65 60 58 88
2 63 60 58 88
2 61 60 58 88
2 60 60 58 88
2 58 60 58 88
2 60 60 58 88
2 61 60 58 88
2 63 240 234 88
2 56 240 234 88
2 55 240 234 88
2 56 60 58 88
2 58 60 58 88
2 60 120 116 88
2 58 180 165 88
2 58 60 58 88
2 56 120 116 88
2 60 120 116 88
2 53 3120 116 88
2 56 120 116 88
2 63 120 116 88
2 60 120 116 88
2 56 120 116 88
2 65 120 116 88
2 61 120 116 88
2 63 240 225 88
2 63 480 470 88
2 61 480 474 88
2 60 480 470 88
2 58 480 474 88
2 56 120 116 88
2 55 180 175 88
2 58 60 58 88
2 56 60 58 88
2 55 60 58 88
2 53 60 58 88
2 52 60 58 88
2 53 60 58 88
2 55 60 58 88
2 56 60 58 88
2 58 60 58 88
2 56 60 58 88
2 55 60 58 88
2 53 2880 116 88
2 58 120 116 88
2 65 120 116 88
2 61 120 116 88
2 58 120 116 88
2 66 120 116 88
2 63 120 116 88
2 65 240 234 88
2 58 480 470 88
2 57 60 58 88
2 58 60 58 88
2 60 60 58 88
2 57 60 58 88
2 53 120 116 88
2 58 60 58 88
2 60 60 58 88
2 61 480 470 88
2 60 480 474 88
2 58 480 470 88
2 57 240 234 88
2 58 60 58 88
2 63 60 58 88
2 61 60 58 88
2 60 60 58 88
2 58 60 58 88
2 56 60 58 88
2 55 60 58 88
2 53 60 58 88
2 51 60 58 88
2 61 60 58 88
2 60 60 58 88
2 58 60 58 88
2 56 60 58 88
2 55 60 58 88
2 53 60 58 88
2 55 60 58 88
2 56 60 58 88
2 60 60 58 88
2 58 60 58 88
2 56 60 58 88
2 55 60 58 88
2 53 60 58 88
2 51 60 58 88
2 49 60 58 88
2 48 120 116 88
2 56 120 116 88
2 58 120 116 88
2 46 120 116 88
2 51 300 294 88
2 53 60 58 88
2 55 60 58 88
2 56 60 58 88
2 58 60 58 88
2 60 60 58 88
2 61 60 58 88
2 60 60 58 88
2 58 60 58 88
2 56 60 58 88
2 55 60 58 88
2 58 60 58 88
2 56 60 58 88
2 51 60 58 88
2 53 60 58 88
2 55 60 58 88
2 56 60 58 88
2 58 60 58 88
2 60 60 58 88
2 61 60 58 88
2 63 60 58 88
2 65 60 58 88
2 66 60 58 88
2 65 60 58 88
2 63 60 58 88
2 61 60 58 88
2 60 60 58 88
2 63 60 58 88
2 61 60 58 88
2 63 60 58 88
2 65 60 58 88
2 63 60 58 88
2 61 60 58 88
2 60 60 58 88
2 58 60 58 88
2 61 60 58 88
2 60 60 58 88
2 61 60 58 88
2 63 60 58 88
2 61 60 58 88
2 60 60 58 88
2 58 60 58 88
2 57 60 58 88
2 60 60 58 88
2 58 60 58 88
2 60 60 58 88
2 61 60 58 88
2 60 60 58 88
2 58 60 58 88
2 56 60 58 88
2 55 60 58 88
2 58 60 58 88
2 56 60 58 88
2 58 60 58 88
2 56 60 58 88
2 55 60 58 88
2 53 60 58 88
2 51 60 58 88
2 53 60 58 88
2 49 60 58 88
2 51 60 58 88
2 49 60 58 88
2 48 60 58 88
2 46 60 58 88
2 44 960 116 88
2 55 120 116 88
2 60 120 116 88
2 56 120 116 88
2 53 120 116 88
2 62 120 116 88
2 59 120 116 88
2 60 60 58 88
2 51 60 58 88
2 53 60 58 88
2 55 60 58 88
2 56 60 58 88
2 58 60 58 88
2 60 60 58 88
2 58 60 58 88
2 56 60 58 88
2 55 60 58 88
2 53 60 58 88
2 55 60 58 88
2 56 60 58 88
2 55 60 58 88
2 53 60 58 88
2 51 60 58 88
2 53 60 58 88
2 51 60 58 88
2 49 60 58 88
2 53 60 58 88
2 51 600 116 88
2 72 120 116 88
2 68 360 234 88
2 74 120 116 88
2 70 360 234 88
2 76 120 116 88
2 72 600 116 88
2 67 120 116 88
2 68 120 116 88
2 65 120 116 88
2 63 240 234 88
2 61 240 234 88
2 60 360 234 88
2 63 120 116 88
2 63 360 116 88
2 65 120 116 88
2 63 360 116 88
2 58 120 116 88
2 58 240 234 88
2 51 240 225 88
3 0 1200 0 0
3 51 120 116 88
3 56 120 116 88
3 55 120 116 88
3 51 120 116 88
3 60 120 116 88
3 56 120 116 88
3 58 120 116 88
3 51 120 116 88
3 58 120 116 88
3 55 120 116 88
3 56 120 116 88
3 51 120 116 88
3 56 120 116 88
3 53 120 116 88
3 55 300 294 88
3 48 60 58 88
3 49 60 58 88
3 51 60 58 88
3 53 60 58 88
3 55 60 58 88
3 56 60 58 88
3 53 60 58 88
3 58 60 58 88
3 60 60 58 88
3 61 60 58 88
3 60 60 58 88
3 58 60 58 88
3 56 60 58 88
3 55 60 58 88
3 58 60 58 88
3 56 300 294 88
3 44 60 58 88
3 46 60 58 88
3 48 60 58 88
3 49 60 58 88
3 51 60 58 88
3 53 60 58 88
3 51 60 58 88
3 49 60 58 88
3 48 60 58 88
3 46 60 58 88
3 49 60 58 88
3 48 180 175 88
3 50 60 58 88
3 51 60 58 88
3 53 60 58 88
3 55 180 165 88
3 55 60 58 88
3 53 60 58 88
3 51 60 58 88
3 50 60 58 88
3 46 60 58 88
3 48 60 58 88
3 50 60 58 88
3 51 360 353 88
3 56 120 116 88
3 50 120 116 88
3 58 120 116 88
3 51 300 285 88
3 51 60 58 88
3 53 60 58 88
3 55 60 58 88
3 56 60 58 88
3 58 60 58 88
3 60 60 58 88
3 58 60 58 88
3 56 60 58 88
3 55 60 58 88
3 53 60 58 88
3 56 60 58 88
3 55 120 116 88
3 51 180 116 88
3 44 60 58 88
3 46 60 58 88
3 48 60 58 88
3 49 60 58 88
3 51 60 58 88
3 53 60 58 88
3 51 60 58 88
3 49 60 58 88
3 48 60 58 88
3 46 60 58 88
3 49 60 58 88
3 48 300 294 88
3 49 60 58 88
3 51 60 58 88
3 48 60 58 88
3 53 300 294 88
3 51 60 58 88
3 53 60 58 88
3 49 60 58 88
3 56 60 58 88
3 55 60 58 88
3 56 60 58 88
3 58 60 58 88
3 60 120 116 88
3 55 120 116 88
3 56 120 116 88
3 53 120 116 88
3 58 120 116 88
3 53 120 116 88
3 55 120 116 88
3 51 120 116 88
3 56 120 116 88
3 51 120 116 88
3 53 120 116 88
3 50 120 116 88
3 55 120 116 88
3 50 120 116 88
3 52 120 116 88
3 48 120 116 88
3 50 120 116 88
3 52 120 116 88
3 53 240 234 88
3 46 240 234 88
3 53 300 234 88
3 41 60 58 88
3 43 60 58 88
3 44 60 58 88
3 46 60 58 88
3 44 60 58 88
3 43 60 58 88
3 41 60 58 88
3 39 60 58 88
3 41 60 58 88
3 43 60 58 88
3 46 60 58 88
3 44 60 58 88
3 43 60 58 88
3 41 60 58 88
3 39 60 58 88
3 37 60 58 88
3 39 60 58 88
3 41 60 58 88
3 44 60 58 88
3 43 120 116 88
3 46 120 116 88
3 48 120 116 88
3 36 120 116 88
3 41 60 58 88
3 48 60 58 88
3 50 60 58 88
3 52 60 58 88
3 53 360 353 88
3 58 120 116 88
3 52 120 116 88
3 60 120 116 88
3 51 120 116 88
3 57 120 116 88
3 49 240 234 88
3 54 360 234 88
3 54 60 58 88
3 53 60 58 88
3 51 60 58 88
3 54 60 58 88
3 53 60 58 88
3 51 60 58 88
3 49 60 58 88
3 48 60 58 88
3 46 60 58 88
3 49 60 58 88
3 51 60 58 88
3 53 60 58 88
3 54 60 58 88
3 51 60 58 88
3 53 240 234 88
3 46 7920 234 88
3 44 120 116 88
3 51 120 116 88
3 48 120 116 88
3 44 120 116 88
3 53 120 116 88
3 49 120 116 88
3 51 240 234 88
3 52 60 58 88
3 58 60 58 88
3 56 60 58 88
3 55 60 58 88
3 53 480 470 88
3 48 480 470 88
3 49 480 470 88
3 44 300 294 88
3 41 60 58 88
3 43 60 58 88
3 44 60 58 88
3 46 60 58 88
3 48 60 58 88
3 49 60 58 88
3 51 60 58 88
3 49 60 58 88
3 48 60 58 88
3 46 60 58 88
3 44 60 58 88
3 49 60 58 88
3 48 60 58 88
3 49 60 58 88
3 53 60 58 88
3 51 60 58 88
3 50 60 58 88
3 48 60 58 88
3 46 60 58 88
3 51 60 58 88
3 50 60 58 88
3 51 60 58 88
3 55 60 58 88
3 53 60 58 88
3 52 60 58 88
3 50 60 58 88
3 48 60 58 88
3 53 60 58 88
3 55 60 58 88
3 56 60 58 88
3 53 60 58 88
3 58 60 58 88
3 56 60 58 88
3 55 60 58 88
3 53 60 58 88
3 51 60 58 88
3 49 60 58 88
3 48 60 58 88
3 46 60 58 88
3 44 60 58 88
3 46 60 58 88
3 48 60 58 88
3 49 60 58 88
3 51 60 58 88
3 49 60 58 88
3 48 60 58 88
3 49 60 58 88
3 51 120 116 88
3 39 120 116 88
3 41 300 234 88
3 39 60 58 88
3 41 60 58 88
3 43 60 58 88
3 44 60 58 88
3 46 60 58 88
3 48 60 58 88
3 51 60 58 88
3 49 60 58 88
3 48 60 58 88
3 46 60 58 88
3 44 60 58 88
3 43 60 58 88
3 41 60 58 88
3 39 60 58 88
3 37 60 58 88
3 36 60 58 88
3 39 60 58 88
3 37 60 58 88
3 41 60 58 88
3 39 480 470 88
