0 0 120 0 0
0 73 120 116 88
0 78 120 116 88
0 77 120 116 88
0 78 120 116 88
0 77 60 58 88
0 75 60 45 88
0 75 23 22 88
0 73 22 21 88
0 75 23 22 88
0 73 22 21 88
0 75 23 22 88
0 73 22 21 88
0 75 23 22 88
0 73 22 21 88
0 71 30 29 88
0 73 30 29 88
0 75 360 234 88
0 73 120 116 88
0 71 120 116 88
0 70 120 116 88
0 68 120 116 88
0 73 120 116 88
0 70 120 116 88
0 66 60 58 88
0 78 60 58 88
0 77 60 58 88
0 78 60 58 88
0 80 60 58 88
0 75 60 58 88
0 77 60 58 88
0 78 60 58 88
0 80 180 175 88
0 78 60 58 88
0 77 60 58 88
0 75 60 58 88
0 73 60 58 88
0 75 60 58 88
0 77 60 58 88
0 72 60 58 88
0 73 60 58 88
0 75 60 58 88
0 77 60 58 88
0 73 60 58 88
0 70 60 58 88
0 72 60 58 88
0 73 240 234 88
0 72 120 116 88
0 73 600 585 88
0 73 60 58 88
0 75 60 58 88
0 77 240 234 88
0 78 360 234 88
0 70 120 116 88
0 68 120 116 88
0 70 120 116 88
0 71 120 116 88
0 70 60 58 88
0 68 60 58 88
0 70 60 58 88
0 73 60 45 88
0 73 60 58 88
0 70 60 58 88
0 68 60 58 88
0 73 60 45 88
0 73 60 58 88
0 68 60 58 88
0 70 120 116 88
0 73 120 116 88
0 78 360 356 88
0 77 240 234 88
0 75 60 58 88
0 73 60 58 88
0 72 120 116 88
0 75 120 116 88
0 80 360 356 88
0 78 60 58 88
0 77 60 58 88
0 78 360 353 88
0 77 60 58 88
0 75 60 58 88
0 77 360 345 88
0 77 120 116 88
0 75 120 116 88
0 73 120 116 88
0 72 120 116 88
0 68 120 116 88
0 73 540 525 88
0 73 120 116 88
0 72 60 58 88
0 73 120 105 88
0 73 120 116 88
0 78 120 116 88
0 77 120 116 88
0 78 120 116 88
0 77 60 58 88
0 75 60 58 88
0 73 240 234 88
0 75 360 234 88
0 73 120 116 88
0 71 120 116 88
0 70 120 116 88
0 68 120 116 88
0 73 120 116 88
0 70 120 105 88
0 70 120 116 88
0 75 120 116 88
0 74 120 116 88
0 75 360 234 88
0 77 120 116 88
0 78 120 116 88
0 80 120 116 88
0 82 120 116 88
0 78 120 116 88
0 75 360 234 88
0 80 120 116 88
0 77 360 234 88
0 77 120 116 88
0 75 60 58 88
0 72 60 58 88
0 73 60 58 88
0 77 60 58 88
0 75 60 58 88
0 72 60 58 88
0 73 180 175 88
0 72 60 58 88
0 73 240 234 88
0 72 120 116 88
0 73 360 234 88
0 72 120 116 88
0 73 60 58 88
0 77 60 45 88
0 77 60 58 88
0 73 60 58 88
0 72 60 58 88
0 77 60 45 88
0 77 60 58 88
0 72 60 58 88
0 73 120 116 88
0 77 120 116 88
0 82 360 353 88
0 80 60 58 88
0 78 60 58 88
0 80 360 356 88
0 78 60 58 88
0 77 60 58 88
0 78 360 345 88
0 78 120 116 88
0 77 120 116 88
0 75 120 116 88
0 74 600 116 88
0 63 60 58 88
0 65 60 58 88
0 66 60 58 88
0 63 60 45 88
0 63 60 58 88
0 66 60 58 88
0 68 60 58 88
0 63 60 45 88
0 63 60 58 88
0 68 60 58 88
0 70 60 58 88
0 63 60 45 88
0 63 60 58 88
0 70 60 58 88
0 71 60 58 88
0 63 60 45 88
0 63 60 58 88
0 71 60 58 88
0 74 60 58 88
0 63 60 45 88
0 63 60 58 88
0 74 60 58 88
0 75 300 234 88
0 77 60 58 88
0 78 60 58 88
0 80 60 58 88
0 74 60 58 88
0 83 60 58 88
0 82 120 116 88
0 80 23 22 88
0 78 26 25 88
0 80 22 22 88
0 78 49 47 88
0 77 60 58 88
0 75 60 58 88
0 75 120 116 88
0 78 120 116 88
0 83 120 116 88
0 82 120 116 88
0 83 600 596 88
0 77 120 116 88
0 82 120 116 88
0 80 120 116 88
0 82 600 585 88
0 82 120 116 88
0 80 120 116 88
0 78 120 116 88
0 77 240 234 88
0 76 300 298 88
0 73 60 45 88
0 73 60 58 88
0 76 60 58 88
0 75 60 58 88
0 71 60 45 88
0 71 60 58 88
0 75 60 45 88
0 75 60 58 88
0 71 60 45 88
0 71 60 58 88
0 75 60 58 88
0 73 60 58 88
0 70 60 45 88
0 70 60 58 88
0 73 60 58 88
0 73 60 58 88
0 70 60 45 88
0 70 60 58 88
0 73 60 58 88
0 71 60 58 88
0 68 60 45 88
0 68 60 58 88
0 71 60 45 88
0 71 60 58 88
0 68 60 45 88
0 68 60 58 88
0 71 60 58 88
0 70 60 58 88
0 71 60 58 88
0 73 60 58 88
0 68 60 58 88
0 70 120 116 88
0 73 120 116 88
0 75 120 116 88
0 76 180 175 88
0 75 60 58 88
0 73 60 58 88
0 76 60 58 88
0 75 60 58 88
0 71 60 45 88
0 71 60 58 88
0 75 60 58 88
0 76 60 58 88
0 71 60 45 88
0 71 60 58 88
0 76 60 58 88
0 78 60 58 88
0 71 60 45 88
0 71 60 58 88
0 78 60 58 88
0 80 60 58 88
0 71 60 45 88
0 71 60 58 88
0 80 60 58 88
0 82 60 58 88
0 71 60 45 88
0 71 60 58 88
0 82 60 58 88
0 83 600 116 88
0 75 120 116 88
0 80 120 116 88
0 79 120 116 88
0 80 120 116 88
0 82 120 116 88
0 83 120 116 88
0 80 120 116 88
0 77 120 116 88
0 73 120 116 88
0 78 120 116 88
0 77 120 116 88
0 78 120 116 88
0 77 60 58 88
0 75 60 45 88
0 75 23 22 88
0 73 22 21 88
0 75 23 22 88
0 73 22 21 88
0 75 23 22 88
0 73 22 21 88
0 75 23 22 88
0 73 22 21 88
0 71 30 29 88
0 73 30 29 88
0 75 360 234 88
0 73 120 116 88
0 71 120 116 88
0 70 120 116 88
0 68 120 116 88
0 73 120 116 88
0 70 60 58 88
0 73 60 45 88
0 73 60 58 88
0 70 60 58 88
0 68 60 58 88
0 73 60 45 88
0 73 60 58 88
0 68 60 58 88
0 70 120 116 88
0 73 120 116 88
0 78 480 470 88
0 77 240 234 88
1 0 2040 0 0
1 66 120 116 88
1 73 120 116 88
1 72 120 116 88
1 73 120 116 88
1 72 60 58 88
1 70 60 45 88
1 70 23 22 88
1 68 22 21 88
1 70 23 22 88
1 68 22 21 88
1 70 23 22 88
1 68 22 21 88
1 70 23 22 88
1 68 22 21 88
1 66 30 29 88
1 68 30 29 88
1 70 360 234 88
1 68 120 116 88
1 66 120 116 88
1 65 120 116 88
1 63 120 116 88
1 68 120 116 88
1 65 120 116 88
1 61 60 58 88
1 71 60 58 88
1 70 60 58 88
1 71 60 58 88
1 73 60 58 88
1 68 60 58 88
1 70 60 58 88
1 71 60 58 88
1 73 180 175 88
1 71 60 58 88
1 70 60 58 88
1 68 60 58 88
1 66 60 58 88
1 68 60 58 88
1 70 60 58 88
1 65 60 58 88
1 66 60 58 88
1 68 60 58 88
1 70 60 58 88
1 66 60 58 88
1 63 60 58 88
1 65 60 58 88
1 66 240 234 88
1 65 120 116 88
1 66 360 234 88
1 65 120 116 88
1 66 360 234 88
1 70 120 116 88
1 75 60 58 88
1 68 60 45 88
1 68 60 58 88
1 73 60 58 88
1 70 60 58 88
1 66 60 45 88
1 66 60 58 88
1 70 60 58 88
1 68 360 234 88
1 72 120 116 88
1 70 360 234 88
1 70 120 116 88
1 68 360 234 88
1 68 120 116 88
1 66 300 294 88
1 68 60 58 88
1 70 60 58 88
1 66 60 58 88
1 63 360 234 88
1 68 120 116 88
1 66 120 116 88
1 65 120 116 88
1 63 120 105 88
1 63 120 116 88
1 65 60 58 88
1 68 60 58 88
1 73 60 58 88
1 71 60 58 88
1 70 60 58 88
1 71 60 58 88
1 73 60 58 88
1 68 60 58 88
1 70 60 58 88
1 71 60 58 88
1 73 180 175 88
1 71 60 58 88
1 70 60 58 88
1 68 60 58 88
1 66 60 58 88
1 68 60 58 88
1 70 60 58 88
1 65 60 58 88
1 66 60 58 88
1 68 60 58 88
1 70 60 58 88
1 65 60 58 88
1 66 240 234 88
1 68 360 353 88
1 66 480 116 88
1 70 120 116 88
1 75 120 116 88
1 74 120 116 88
1 75 120 116 88
1 77 120 116 88
1 78 120 116 88
1 75 120 116 88
1 72 120 116 88
1 68 120 116 88
1 73 120 116 88
1 72 120 116 88
1 73 120 116 88
1 72 60 58 88
1 70 60 45 88
1 70 23 22 88
1 68 22 21 88
1 70 23 22 88
1 68 22 21 88
1 70 23 22 88
1 68 22 21 88
1 70 23 22 88
1 68 22 21 88
1 66 30 29 88
1 68 30 29 88
1 70 360 234 88
1 68 120 116 88
1 66 120 116 88
1 65 120 116 88
1 63 120 116 88
1 68 120 116 88
1 65 60 58 88
1 68 60 45 88
1 68 60 58 88
1 65 60 58 88
1 63 60 58 88
1 68 60 45 88
1 68 60 58 88
1 63 60 58 88
1 65 360 234 88
1 69 120 116 88
1 70 360 234 88
1 73 120 116 88
1 71 360 234 88
1 71 120 116 88
1 70 360 234 88
1 70 120 116 88
1 68 540 538 88
1 71 60 58 88
1 70 60 58 88
1 68 60 58 88
1 66 60 58 88
1 68 60 58 88
1 70 60 58 88
1 65 60 58 88
1 66 60 58 88
1 68 60 58 88
1 70 240 116 88
1 75 120 116 88
1 75 720 708 88
1 68 300 298 88
1 66 60 58 88
1 68 60 58 88
1 70 60 58 88
1 71 240 234 88
1 70 180 116 88
1 75 180 175 88
1 74 120 116 88
1 75 600 116 88
1 75 120 116 88
1 80 120 116 88
1 78 120 116 88
1 80 600 590 88
1 73 120 116 88
1 78 120 116 88
1 77 120 116 88
1 78 120 116 88
1 73 120 116 88
1 75 300 294 88
1 68 60 45 88
1 68 60 58 88
1 73 60 45 88
1 73 60 58 88
1 68 60 45 88
1 68 60 58 88
1 71 60 58 88
1 70 480 470 88
1 68 480 470 88
1 66 480 470 88
1 65 600 234 88
1 66 120 116 88
1 71 120 116 88
1 70 120 116 88
1 71 120 116 88
1 70 60 58 88
1 68 60 45 88
1 68 23 22 88
1 66 22 21 88
1 68 23 22 88
1 66 22 21 88
1 68 23 22 88
1 66 22 21 88
1 68 23 22 88
1 66 22 21 88
1 64 30 29 88
1 66 30 29 88
1 68 360 234 88
1 66 120 116 88
1 64 120 116 88
1 63 120 116 88
1 61 120 116 88
1 66 120 116 88
1 63 120 105 88
1 63 120 116 88
1 68 120 116 88
1 67 120 116 88
1 68 360 234 88
1 70 120 116 88
1 71 120 116 88
1 73 120 116 88
1 75 120 116 88
1 71 120 116 88
1 68 360 234 88
1 73 120 116 88
1 70 360 234 88
1 70 120 116 88
1 68 60 58 88
1 65 60 58 88
1 66 60 58 88
1 70 60 58 88
1 68 60 58 88
1 65 60 58 88
1 66 180 178 88
1 65 60 58 88
1 66 240 234 88
1 65 120 116 88
1 66 360 234 88
1 65 120 116 88
1 66 360 234 88
1 70 120 116 88
1 68 60 58 88
1 75 60 45 88
1 75 60 58 88
1 71 60 58 88
1 68 60 58 88
1 73 60 45 88
1 73 60 58 88
1 71 60 58 88
2 0 3960 0 0
2 49 120 116 88
2 54 120 116 88
2 53 120 116 88
2 54 120 116 88
2 53 60 58 88
2 51 60 45 88
2 51 23 22 88
2 49 22 21 88
2 51 23 22 88
2 49 22 21 88
2 51 23 22 88
2 49 22 21 88
2 51 23 22 88
2 49 22 21 88
2 47 30 29 88
2 49 30 29 88
2 51 360 234 88
2 49 120 116 88
2 47 120 116 88
2 46 120 116 88
2 44 120 116 88
2 49 120 116 88
2 42 120 116 88
2 54 120 116 88
2 53 120 116 88
2 49 120 116 88
2 54 60 58 88
2 58 60 45 88
2 58 60 58 88
2 54 60 58 88
2 51 60 58 88
2 54 60 45 88
2 54 60 58 88
2 51 60 58 88
2 48 120 116 88
2 49 120 116 88
2 54 300 294 88
2 56 60 58 88
2 60 60 58 88
2 56 60 58 88
2 53 60 58 88
2 56 60 45 88
2 56 60 58 88
2 53 60 58 88
2 50 60 58 88
2 58 60 45 88
2 58 60 58 88
2 54 60 58 88
2 51 60 58 88
2 54 60 45 88
2 54 60 58 88
2 51 60 58 88
2 48 60 58 88
2 56 60 45 88
2 56 60 58 88
2 53 60 58 88
2 49 60 58 88
2 53 60 45 88
2 53 60 58 88
2 49 60 58 88
2 46 60 58 88
2 49 60 45 88
2 49 60 58 88
2 46 60 58 88
2 42 120 116 88
2 54 180 165 88
2 54 60 58 88
2 53 60 58 88
2 51 60 58 88
2 49 60 58 88
2 51 60 58 88
2 53 60 58 88
2 49 60 58 88
2 46 60 58 88
2 48 60 58 88
2 49 60 58 88
2 46 60 58 88
2 42 120 116 88
2 44 120 116 88
2 37 600 234 88
2 54 60 58 88
2 56 60 58 88
2 58 60 58 88
2 54 60 45 88
2 54 60 58 88
2 58 60 58 88
2 59 60 58 88
2 54 60 45 88
2 54 60 58 88
2 59 60 58 88
2 61 60 58 88
2 54 60 45 88
2 54 60 58 88
2 61 60 58 88
2 63 60 58 88
2 54 60 45 88
2 54 60 58 88
2 63 60 58 88
2 65 60 58 88
2 54 60 45 88
2 54 60 58 88
2 65 60 58 88
2 66 60 58 88
2 65 60 58 88
2 63 60 58 88
2 61 60 58 88
2 59 60 58 88
2 68 60 45 88
2 68 60 58 88
2 59 60 58 88
2 58 60 58 88
2 66 60 45 88
2 66 60 58 88
2 58 60 58 88
2 56 60 58 88
2 65 60 45 88
2 65 60 58 88
2 56 60 58 88
2 54 60 58 88
2 56 60 58 88
2 54 60 58 88
2 53 60 58 88
2 51 60 58 88
2 53 60 58 88
2 54 60 58 88
2 51 60 58 88
2 56 60 58 88
2 58 60 58 88
2 56 60 58 88
2 54 60 58 88
2 53 60 58 88
2 54 60 58 88
2 56 60 58 88
2 53 60 58 88
2 58 60 58 88
2 60 60 58 88
2 61 180 175 88
2 60 60 58 88
2 58 60 58 88
2 56 60 58 88
2 54 60 58 88
2 56 60 58 88
2 58 60 58 88
2 53 60 58 88
2 54 60 58 88
2 56 60 58 88
2 58 60 58 88
2 54 60 58 88
2 51 120 116 88
2 53 60 58 88
2 54 60 58 88
2 56 120 116 88
2 44 120 116 88
2 49 120 116 88
2 61 120 116 88
2 60 120 116 88
2 56 120 116 88
2 61 120 116 88
2 58 120 116 88
2 57 120 116 88
2 53 120 116 88
2 58 60 58 88
2 61 60 45 88
2 61 60 58 88
2 58 60 58 88
2 54 60 58 88
2 58 60 45 88
2 58 60 58 88
2 54 60 58 88
2 51 60 58 88
2 59 60 45 88
2 59 60 58 88
2 56 60 58 88
2 53 60 58 88
2 56 60 45 88
2 56 60 58 88
2 53 60 58 88
2 50 60 58 88
2 58 60 45 88
2 58 60 58 88
2 54 60 58 88
2 51 60 58 88
2 54 60 45 88
2 54 60 58 88
2 51 60 58 88
2 47 60 58 88
2 51 60 45 88
2 51 60 58 88
2 47 60 58 88
2 44 60 58 88
2 47 60 45 88
2 47 60 58 88
2 44 60 58 88
2 46 120 105 88
2 46 120 116 88
2 51 120 116 88
2 50 120 116 88
2 51 120 116 88
2 49 60 58 88
2 47 60 45 88
2 47 23 22 88
2 46 22 21 88
2 47 23 22 88
2 46 22 21 88
2 47 23 22 88
2 46 22 21 88
2 47 23 22 88
2 46 22 21 88
2 44 30 29 88
2 46 30 29 88
2 47 360 234 88
2 46 120 116 88
2 44 120 116 88
2 42 120 116 88
2 41 120 116 88
2 46 120 116 88
2 39 120 116 88
2 42 120 116 88
2 44 300 294 88
2 53 60 58 88
2 54 60 58 88
2 56 60 58 88
2 58 120 116 88
2 46 120 116 88
2 51 60 58 88
2 58 60 45 88
2 58 60 58 88
2 54 60 58 88
2 51 60 58 88
2 54 60 45 88
2 54 60 58 88
2 51 60 58 88
2 44 60 58 88
2 63 60 45 88
2 63 60 58 88
2 59 60 58 88
2 56 60 58 88
2 59 60 45 88
2 59 60 58 88
2 56 60 58 88
2 53 60 58 88
2 56 60 45 88
2 56 60 58 88
2 53 60 58 88
2 49 60 58 88
2 53 60 45 88
2 53 60 58 88
2 49 60 58 88
2 42 60 58 88
2 61 60 45 88
2 61 60 58 88
2 58 60 58 88
2 54 60 58 88
2 58 60 45 88
2 58 60 58 88
2 54 60 58 88
2 51 60 58 88
2 54 60 45 88
2 54 60 58 88
2 51 60 58 88
2 47 60 58 88
2 51 60 45 88
2 51 60 58 88
2 47 60 58 88
2 49 120 116 88
2 37 240 116 88
2 61 60 58 88
2 59 60 58 88
2 61 120 116 88
2 54 120 116 88
2 59 120 116 88
2 58 120 116 88
2 59 120 116 88
2 53 120 116 88
2 58 120 116 88
2 56 120 116 88
2 58 120 116 88
2 51 120 116 88
2 56 120 116 88
2 54 120 116 88
2 56 120 116 88
2 49 120 116 88
2 54 120 116 88
2 53 120 116 88
2 54 60 58 88
2 58 60 45 88
2 58 60 58 88
2 54 60 58 88
2 51 60 58 88
2 54 60 45 88
2 54 60 58 88
2 51 60 58 88
2 47 360 116 88
2 59 120 116 88
2 59 1020 1018 88
2 58 60 58 88
2 56 60 58 88
2 54 60 58 88
2 52 60 58 88
2 61 60 45 88
2 61 60 58 88
2 52 60 58 88
2 51 60 58 88
2 59 60 45 88
2 59 60 58 88
2 51 60 58 88
2 49 60 58 88
2 58 60 45 88
2 58 60 58 88
2 49 60 58 88
2 47 60 58 88
2 49 60 58 88
2 47 60 58 88
2 46 60 58 88
2 44 60 58 88
2 46 60 58 88
2 47 60 58 88
2 44 60 58 88
2 49 60 58 88
2 51 60 58 88
2 49 60 58 88
2 47 60 58 88
2 46 60 58 88
2 47 60 58 88
2 49 60 58 88
2 46 60 58 88
2 51 60 58 88
2 53 60 58 88
2 54 180 175 88
2 53 60 58 88
2 51 60 58 88
2 49 60 58 88
2 47 60 58 88
2 49 60 58 88
2 51 60 58 88
2 46 60 58 88
2 47 60 58 88
2 49 60 58 88
2 51 60 58 88
2 47 60 58 88
2 44 120 116 88
2 46 60 58 88
2 47 60 58 88
2 49 120 116 88
2 37 120 116 88
2 42 120 116 88
2 54 120 116 88
2 53 120 116 88
2 49 120 116 88
2 54 60 58 88
2 58 60 45 88
2 58 60 58 88
2 54 60 58 88
2 51 60 58 88
2 54 60 45 88
2 54 60 58 88
2 51 60 58 88
2 47 120 116 88
2 44 120 116 88
2 49 120 116 88
2 37 120 116 88
