0 70 480 470 88
0 65 720 470 88
0 78 240 234 88
0 77 240 234 88
0 75 240 234 88
0 73 240 234 88
0 72 240 234 88
0 73 240 234 88
0 75 240 234 88
0 77 240 234 88
0 76 120 116 88
0 77 120 116 88
0 79 720 714 88
0 80 120 116 88
0 79 120 116 88
0 77 720 714 88
0 75 120 116 88
0 73 120 116 88
0 75 240 234 88
0 77 240 234 88
0 78 720 708 88
0 77 120 116 88
0 75 120 116 88
0 77 240 234 88
0 79 240 234 88
0 80 720 714 88
0 79 120 116 88
0 77 120 116 88
0 79 240 234 88
0 81 240 234 88
0 82 720 708 88
0 81 120 116 88
0 79 120 116 88
0 81 240 234 88
0 82 240 234 88
0 84 720 714 88
0 82 120 116 88
0 81 120 116 88
0 82 240 234 88
0 80 240 234 88
0 78 240 234 88
0 77 240 234 88
0 75 720 714 88
0 77 120 116 88
0 78 120 116 88
0 77 240 234 88
0 75 240 234 88
0 73 960 945 88
0 72 960 945 88
0 70 1680 1668 88
0 75 240 234 88
0 68 1440 1430 88
0 73 480 470 88
0 72 480 470 88
0 77 960 950 88
0 75 240 234 88
0 73 240 234 88
0 72 480 470 88
0 73 960 950 88
0 72 480 470 88
0 73 480 470 88
0 68 720 470 88
0 83 240 234 88
0 82 240 234 88
0 80 240 234 88
0 78 240 234 88
0 77 240 234 88
0 78 240 234 88
0 80 240 234 88
0 82 240 234 88
0 81 120 116 88
0 82 120 116 88
0 84 720 714 88
0 82 480 470 88
0 81 240 234 88
0 82 1440 1430 88
0 80 480 470 88
0 78 960 945 88
0 77 480 470 88
0 76 480 470 88
0 75 1440 1430 88
0 80 960 950 88
0 79 480 470 88
0 80 12480 470 88
0 77 480 470 88
0 70 720 470 88
0 83 240 234 88
0 82 240 234 88
0 80 240 234 88
0 78 480 470 88
0 76 240 234 88
0 75 240 234 88
0 74 480 470 88
0 75 960 950 88
0 74 480 470 88
0 75 12000 470 88
0 70 480 470 88
0 65 720 470 88
0 78 240 234 88
0 77 240 234 88
0 75 240 234 88
0 73 240 234 88
0 72 240 234 88
0 73 240 234 88
0 75 240 234 88
0 77 240 234 88
0 75 240 234 88
0 73 240 234 88
0 72 240 234 88
0 70 720 714 88
0 72 240 234 88
0 73 720 713 88
0 73 240 234 88
0 72 240 234 88
0 70 240 234 88
0 70 480 470 88
0 69 480 470 88
1 0 1920 0 0
1 65 480 470 88
1 58 720 470 88
1 73 240 234 88
1 72 240 234 88
1 70 240 234 88
1 68 240 234 88
1 67 240 234 88
1 68 240 234 88
1 70 240 234 88
1 72 720 708 88
1 70 120 116 88
1 69 120 116 88
1 70 240 234 88
1 72 240 234 88
1 73 720 714 88
1 72 120 116 88
1 70 120 116 88
1 72 240 234 88
1 74 240 234 88
1 75 720 708 88
1 73 120 116 88
1 72 120 116 88
1 73 240 234 88
1 75 240 234 88
1 77 720 714 88
1 75 120 116 88
1 73 120 116 88
1 75 720 714 88
1 77 120 116 88
1 75 120 116 88
1 73 240 234 88
1 72 240 234 88
1 70 720 708 88
1 69 120 116 88
1 70 120 116 88
1 72 240 234 88
1 69 240 234 88
1 70 240 234 88
1 72 480 474 88
1 70 120 116 88
1 69 120 116 88
1 70 960 950 88
1 68 1440 1425 88
1 66 1920 1905 88
1 65 480 470 88
1 70 480 470 88
1 68 480 470 88
1 73 720 714 88
1 72 240 234 88
1 70 480 470 88
1 68 1200 1194 88
1 70 240 234 88
1 68 240 234 88
1 66 240 234 88
1 65 240 234 88
1 63 240 234 88
1 65 240 234 88
1 66 240 234 88
1 68 480 470 88
1 65 480 470 88
1 70 480 470 88
1 63 720 470 88
1 78 240 234 88
1 77 240 234 88
1 75 240 234 88
1 73 480 470 88
1 72 480 470 88
1 74 480 470 88
1 75 480 470 88
1 77 1200 1194 88
1 75 120 116 88
1 74 120 116 88
1 75 960 950 88
1 73 720 714 88
1 75 120 116 88
1 76 120 116 88
1 75 240 234 88
1 73 240 234 88
1 71 480 470 88
1 76 600 596 88
1 75 120 116 88
1 73 360 353 88
1 76 120 116 88
1 75 120 116 88
1 73 120 116 88
1 72 12960 470 88
1 70 480 470 88
1 63 720 470 88
1 77 240 234 88
1 75 240 234 88
1 73 240 234 88
1 71 480 470 88
1 70 1920 1905 88
1 70 480 470 88
1 63 720 470 88
1 77 240 234 88
1 75 240 234 88
1 73 240 234 88
1 72 240 234 88
1 70 240 234 88
1 72 240 234 88
1 73 240 234 88
1 75 240 234 88
1 78 240 234 88
1 77 240 234 88
1 75 240 234 88
1 74 240 234 88
1 77 240 234 88
1 75 240 234 88
1 73 240 234 88
1 72 480 470 88
1 73 720 714 88
1 72 480 470 88
1 70 240 234 88
1 69 240 234 88
1 78 240 234 88
1 77 240 234 88
1 75 240 234 88
1 73 480 470 88
1 72 480 470 88
1 70 960 945 88
1 68 960 945 88
1 66 960 945 88
1 65 960 945 88
1 65 480 470 88
1 58 720 470 88
1 72 240 234 88
1 70 240 234 88
1 69 240 234 88
1 70 240 234 88
1 69 240 234 88
1 70 240 234 88
1 72 240 234 88
1 70 240 234 88
1 69 240 234 88
1 70 480 470 88
1 68 240 234 88
1 66 240 234 88
1 65 480 470 88
1 67 960 945 88
1 65 240 234 88
1 66 240 234 88
1 65 240 234 88
1 63 240 234 88
2 0 8640 0 0
2 58 480 470 88
2 53 720 470 88
2 66 240 234 88
2 65 240 234 88
2 63 240 234 88
2 61 240 234 88
2 60 240 234 88
2 58 240 234 88
2 60 120 116 88
2 61 120 116 88
2 63 240 234 88
2 65 240 234 88
2 66 480 470 88
2 65 240 234 88
2 63 240 234 88
2 61 240 234 88
2 60 240 234 88
2 61 240 234 88
2 63 240 234 88
2 65 240 234 88
2 66 240 234 88
2 60 480 470 88
2 65 720 714 88
2 62 240 234 88
2 63 240 234 88
2 65 480 474 88
2 63 120 116 88
2 62 120 116 88
2 63 1440 1425 88
2 61 480 470 88
2 65 1440 1425 88
2 70 240 234 88
2 68 240 234 88
2 66 240 234 88
2 65 240 234 88
2 63 480 470 88
2 65 480 470 88
2 63 960 945 88
2 61 240 234 88
2 60 240 234 88
2 61 240 234 88
2 63 240 234 88
2 65 480 470 88
2 62 480 470 88
2 63 720 708 88
2 65 240 234 88
2 66 240 234 88
2 63 240 234 88
2 69 240 234 88
2 67 120 116 88
2 65 120 116 88
2 70 240 234 88
2 77 240 234 88
2 75 480 470 88
2 70 4800 4785 88
2 68 240 234 88
2 70 240 234 88
2 71 480 470 88
2 70 960 945 88
2 68 480 470 88
2 61 720 470 88
2 77 240 234 88
2 75 240 234 88
2 73 240 234 88
2 72 240 234 88
2 68 240 234 88
2 70 240 234 88
2 72 240 234 88
2 73 1440 1430 88
2 72 480 470 88
2 73 240 234 88
2 71 120 116 88
2 70 120 116 88
2 71 720 714 88
2 70 120 116 88
2 68 120 116 88
2 70 240 234 88
2 72 240 234 88
2 73 720 708 88
2 72 120 116 88
2 70 120 116 88
2 72 240 234 88
2 74 240 234 88
2 75 720 714 88
2 73 120 116 88
2 72 120 116 88
2 73 120 116 88
2 75 120 116 88
2 73 120 116 88
2 75 120 116 88
2 77 480 470 88
2 75 720 713 88
2 75 240 234 88
2 73 240 234 88
2 72 240 234 88
2 70 120 116 88
2 72 120 116 88
2 73 120 116 88
2 70 120 116 88
2 68 45 44 88
2 66 45 44 88
2 68 45 44 88
2 66 45 44 88
2 68 45 44 88
2 66 45 44 88
2 68 30 29 88
2 66 30 29 88
2 68 30 29 88
2 66 120 116 88
2 65 2160 470 88
2 70 240 234 88
2 68 240 234 88
2 66 240 234 88
2 65 480 470 88
2 66 480 470 88
2 65 960 945 88
2 63 480 470 88
2 58 720 470 88
2 73 240 234 88
2 72 240 234 88
2 70 240 234 88
2 69 240 234 88
2 67 240 234 88
2 69 240 234 88
2 70 240 234 88
2 72 240 234 88
2 75 240 234 88
2 73 240 234 88
2 71 240 234 88
2 70 240 234 88
2 73 240 234 88
2 72 240 234 88
2 70 240 234 88
2 69 480 470 88
2 70 480 470 88
2 63 480 470 88
2 64 480 470 88
2 65 240 234 88
2 69 240 234 88
2 70 240 234 88
2 72 480 474 88
2 70 480 470 88
2 69 240 234 88
2 70 240 234 88
2 68 240 234 88
2 66 240 234 88
2 65 240 234 88
2 63 240 234 88
2 62 120 116 88
2 63 120 116 88
2 65 720 713 88
2 65 240 234 88
2 63 240 234 88
2 61 240 234 88
2 60 240 234 88
2 63 480 470 88
2 61 240 234 88
2 60 480 470 88
2 58 480 470 88
2 53 720 470 88
2 66 240 234 88
2 65 240 234 88
2 63 240 234 88
2 61 240 234 88
2 60 240 234 88
2 61 120 116 88
2 63 120 116 88
2 65 480 470 88
2 66 240 234 88
2 65 240 234 88
2 63 240 234 88
2 61 480 470 88
2 67 480 470 88
2 60 1440 1425 88
3 0 10560 0 0
3 53 480 470 88
3 46 720 470 88
3 61 240 234 88
3 60 240 234 88
3 58 240 234 88
3 57 240 234 88
3 53 240 234 88
3 55 240 234 88
3 57 240 234 88
3 58 240 234 88
3 48 240 234 88
3 49 240 234 88
3 51 240 234 88
3 53 240 234 88
3 54 240 234 88
3 56 480 470 88
3 58 1920 1905 88
3 60 240 234 88
3 48 240 234 88
3 49 240 234 88
3 51 240 234 88
3 53 240 234 88
3 51 240 234 88
3 53 240 234 88
3 54 240 234 88
3 56 240 234 88
3 58 120 116 88
3 60 120 116 88
3 58 240 234 88
3 56 240 234 88
3 54 240 234 88
3 56 240 234 88
3 58 240 234 88
3 60 120 116 88
3 61 120 116 88
3 56 5760 2390 88
3 58 480 470 88
3 53 720 470 88
3 66 240 234 88
3 65 240 234 88
3 63 240 234 88
3 62 240 234 88
3 58 240 234 88
3 60 240 234 88
3 62 240 234 88
3 63 240 234 88
3 53 240 234 88
3 54 240 234 88
3 56 240 234 88
3 58 240 234 88
3 59 240 234 88
3 61 480 470 88
3 63 240 234 88
3 55 240 234 88
3 56 240 234 88
3 58 240 234 88
3 59 240 234 88
3 58 240 234 88
3 56 240 234 88
3 54 240 234 88
3 52 480 470 88
3 51 720 714 88
3 56 240 234 88
3 54 240 234 88
3 53 240 234 88
3 51 240 234 88
3 49 240 234 88
3 58 480 470 88
3 56 240 234 88
3 66 240 234 88
3 65 240 234 88
3 63 240 234 88
3 61 240 234 88
3 66 480 470 88
3 65 240 234 88
3 63 960 945 88
3 56 480 470 88
3 68 240 234 88
3 66 120 116 88
3 65 120 116 88
3 66 240 234 88
3 61 480 470 88
3 63 240 234 88
3 56 240 234 88
3 68 120 116 88
3 66 120 116 88
3 68 240 234 88
3 63 480 474 88
3 65 240 234 88
3 58 720 714 88
3 65 480 470 88
3 58 480 234 88
3 73 240 234 88
3 72 240 234 88
3 70 240 234 88
3 69 120 116 88
3 70 120 116 88
3 72 120 116 88
3 69 120 116 88
3 65 240 234 88
3 68 240 234 88
3 66 240 234 88
3 65 240 234 88
3 63 720 714 88
3 62 120 116 88
3 60 120 116 88
3 62 480 470 88
3 63 480 470 88
3 62 480 470 88
3 63 960 234 88
3 53 480 470 88
3 46 720 470 88
3 59 240 234 88
3 58 240 234 88
3 56 240 234 88
3 54 240 234 88
3 53 240 234 88
3 54 240 234 88
3 56 240 234 88
3 58 240 234 88
3 60 120 116 88
3 61 120 116 88
3 63 720 714 88
3 61 240 234 88
3 60 240 234 88
3 58 240 234 88
3 57 480 470 88
3 56 960 950 88
3 54 720 714 88
3 53 240 234 88
3 51 240 234 88
3 49 240 234 88
3 58 720 708 88
3 60 240 234 88
3 61 240 234 88
3 60 240 234 88
3 61 240 234 88
3 63 240 234 88
3 65 1440 1430 88
3 63 240 234 88
3 61 240 234 88
3 59 960 945 88
3 58 240 234 88
3 61 240 234 88
3 60 240 234 88
3 58 240 234 88
3 57 480 470 88
3 58 480 470 88
3 57 960 470 88
3 53 480 470 88
3 46 720 470 88
3 60 240 234 88
3 58 240 234 88
3 57 240 234 88
3 58 240 234 88
3 60 240 234 88
3 61 240 234 88
3 63 240 234 88
3 58 1920 945 88
3 60 480 470 88
4 0 13440 0 0
4 46 480 470 88
4 41 720 470 88
4 54 240 234 88
4 53 240 234 88
4 51 240 234 88
4 50 240 234 88
4 46 240 234 88
4 48 240 234 88
4 50 240 234 88
4 51 240 234 88
4 53 240 234 88
4 51 240 234 88
4 49 240 234 88
4 48 240 234 88
4 44 240 234 88
4 46 240 234 88
4 48 240 234 88
4 49 480 470 88
4 46 480 470 88
4 53 480 470 88
4 49 480 470 88
4 51 240 234 88
4 53 240 234 88
4 54 720 714 88
4 53 240 234 88
4 51 240 234 88
4 49 240 234 88
4 56 480 470 88
4 44 480 470 88
4 49 6720 470 88
4 51 480 470 88
4 46 720 470 88
4 59 240 234 88
4 58 240 234 88
4 56 240 234 88
4 55 240 234 88
4 51 240 234 88
4 53 240 234 88
4 55 240 234 88
4 56 240 234 88
4 54 240 234 88
4 52 240 234 88
4 51 240 234 88
4 49 240 234 88
4 46 240 234 88
4 51 240 234 88
4 39 240 234 88
4 44 480 470 88
4 46 240 234 88
4 44 240 234 88
4 42 480 470 88
4 54 720 714 88
4 53 240 234 88
4 54 240 234 88
4 56 240 234 88
4 58 480 470 88
4 54 480 470 88
4 56 240 234 88
4 58 240 234 88
4 56 240 234 88
4 54 240 234 88
4 53 720 708 88
4 51 120 116 88
4 49 120 116 88
4 51 240 234 88
4 53 240 234 88
4 54 720 714 88
4 53 120 116 88
4 51 120 116 88
4 53 240 234 88
4 55 240 234 88
4 56 720 708 88
4 55 120 116 88
4 53 120 116 88
4 55 240 234 88
4 57 240 234 88
4 58 120 116 88
4 60 120 116 88
4 58 120 116 88
4 60 120 116 88
4 61 120 116 88
4 60 120 116 88
4 58 120 116 88
4 56 120 116 88
4 54 120 116 88
4 53 120 116 88
4 54 120 116 88
4 51 120 116 88
4 53 480 470 88
4 46 720 470 88
4 61 240 234 88
4 60 240 234 88
4 58 240 234 88
4 57 240 234 88
4 56 480 470 88
4 54 120 116 88
4 53 120 116 88
4 54 240 234 88
4 56 240 234 88
4 58 480 470 88
4 51 480 470 88
4 44 720 714 88
4 42 240 234 88
4 41 240 234 88
4 39 240 234 88
4 46 960 945 88
4 51 720 708 88
4 53 240 234 88
4 54 1200 1194 88
4 53 240 234 88
4 51 240 234 88
4 49 240 234 88
4 48 480 470 88
4 53 480 470 88
4 46 480 470 88
4 51 720 714 88
4 49 240 234 88
4 48 240 234 88
4 46 240 234 88
4 54 480 470 88
4 55 480 470 88
4 53 1440 1430 88
4 41 480 470 88
4 42 1200 1194 88
4 41 240 234 88
4 39 240 234 88
4 38 240 234 88
4 39 480 470 88
4 51 720 714 88
4 49 120 116 88
4 48 120 116 88
4 49 240 234 88
4 51 240 234 88
4 53 240 234 88
4 51 240 234 88
4 49 240 234 88
4 48 240 234 88
4 49 240 234 88
4 45 240 234 88
4 46 480 470 88
4 41 720 470 88
4 54 240 234 88
4 53 240 234 88
4 51 240 234 88
4 49 240 234 88
4 48 240 234 88
4 50 240 234 88
4 51 240 234 88
4 53 120 116 88
4 54 120 116 88
4 52 120 116 88
4 53 120 116 88
4 40 960 945 88
4 41 960 945 88
