0 64 60 58 88
0 67 60 58 88
0 71 60 58 88
0 76 60 58 88
0 75 60 58 88
0 76 60 58 88
0 74 60 58 88
0 76 60 58 88
0 73 60 58 88
0 76 60 58 88
0 72 60 58 88
0 76 60 58 88
0 71 60 58 88
0 76 60 58 88
0 75 60 58 88
0 76 60 58 88
0 70 60 58 88
0 73 60 58 88
0 67 60 58 88
0 66 60 58 88
0 67 60 58 88
0 70 60 58 88
0 66 60 58 88
0 64 60 58 88
0 62 120 116 88
0 71 180 116 88
0 78 60 58 88
0 79 60 58 88
0 78 60 58 88
0 76 60 58 88
0 74 60 58 88
0 73 60 58 88
0 76 60 58 88
0 74 300 294 88
0 73 60 58 88
0 71 60 58 88
0 70 60 58 88
0 71 60 58 88
0 73 60 58 88
0 70 60 58 88
0 71 60 58 88
0 73 60 58 88
0 66 60 58 88
0 70 60 58 88
0 73 60 58 88
0 76 60 58 88
0 70 60 58 88
0 73 60 58 88
0 76 60 58 88
0 79 60 58 88
0 78 60 58 88
0 76 60 58 88
0 79 60 58 88
0 78 60 58 88
0 76 60 58 88
0 74 60 58 88
0 73 60 58 88
0 71 60 58 88
0 70 60 58 88
0 68 60 58 88
0 66 60 58 88
0 74 300 298 88
0 64 60 58 88
0 68 60 58 88
0 71 60 58 88
0 74 60 58 88
0 68 60 58 88
0 71 60 58 88
0 74 60 58 88
0 77 60 58 88
0 76 60 58 88
0 74 60 58 88
0 77 60 58 88
0 76 60 58 88
0 74 60 58 88
0 72 60 58 88
0 71 60 58 88
0 69 60 58 88
0 68 60 58 88
0 66 60 58 88
0 64 60 58 88
0 72 300 298 88
0 69 60 58 88
0 62 60 58 88
0 64 60 58 88
0 66 60 58 88
0 67 60 58 88
0 69 60 58 88
0 71 60 58 88
0 72 60 58 88
0 74 60 58 88
0 76 60 58 88
0 78 60 58 88
0 79 60 58 88
0 78 60 58 88
0 81 60 58 88
0 79 60 58 88
0 78 60 58 88
0 76 60 58 88
0 74 60 58 88
0 72 60 58 88
0 71 60 58 88
0 79 60 58 88
0 69 60 58 88
0 78 60 58 88
0 67 60 58 88
0 71 60 58 88
0 74 60 58 88
0 79 60 58 88
0 78 60 58 88
0 79 60 58 88
0 77 60 58 88
0 79 60 58 88
0 76 60 58 88
0 79 60 58 88
0 75 60 58 88
0 79 60 58 88
0 74 60 58 88
0 79 60 58 88
0 78 60 58 88
0 79 60 58 88
0 73 60 58 88
0 76 60 58 88
0 70 60 58 88
0 69 60 58 88
0 70 60 58 88
0 73 60 58 88
0 69 60 58 88
0 67 60 58 88
0 66 120 116 88
0 74 180 116 88
0 81 60 58 88
0 83 60 58 88
0 81 60 58 88
0 79 60 58 88
0 78 60 58 88
0 76 60 58 88
0 79 60 58 88
0 78 300 294 88
0 76 60 58 88
0 74 60 58 88
0 73 60 58 88
0 74 60 58 88
0 76 60 58 88
0 73 60 58 88
0 74 60 58 88
0 76 60 58 88
0 74 60 58 88
0 73 60 58 88
0 71 60 58 88
0 69 60 58 88
0 68 60 58 88
0 76 60 58 88
0 74 60 58 88
0 73 60 58 88
0 71 60 58 88
0 69 60 58 88
0 67 60 58 88
0 66 120 116 88
0 62 120 116 88
0 66 120 116 88
0 69 120 116 88
0 74 120 116 88
0 66 120 116 88
0 74 60 58 88
0 72 60 58 88
0 71 60 58 88
0 69 60 58 88
0 67 60 58 88
0 66 60 58 88
0 74 60 58 88
0 72 60 58 88
0 71 60 58 88
0 69 60 58 88
0 67 60 58 88
0 65 60 58 88
0 64 120 116 88
0 60 120 116 88
0 64 120 116 88
0 67 120 116 88
0 72 120 116 88
0 64 120 116 88
0 76 60 58 88
0 74 60 58 88
0 72 60 58 88
0 71 60 58 88
0 69 60 58 88
0 68 60 58 88
0 76 60 58 88
0 74 60 58 88
0 72 60 58 88
0 71 60 58 88
0 69 60 58 88
0 68 60 58 88
0 69 60 58 88
0 72 60 58 88
0 76 60 58 88
0 81 120 58 88
0 76 60 58 88
0 77 60 58 88
0 76 60 58 88
0 74 60 58 88
0 72 60 58 88
0 71 60 58 88
0 74 60 58 88
0 72 300 294 88
0 71 60 58 88
0 69 60 58 88
0 68 60 58 88
0 69 60 58 88
0 66 60 58 88
0 63 60 58 88
0 71 60 58 88
0 64 60 58 88
0 67 60 58 88
0 71 60 58 88
0 76 60 58 88
0 75 60 58 88
0 76 60 58 88
0 74 60 58 88
0 76 60 58 88
0 73 60 58 88
0 76 60 58 88
0 72 60 58 88
0 76 60 58 88
0 71 60 58 88
0 76 60 58 88
0 75 60 58 88
0 76 60 58 88
0 70 60 58 88
0 73 60 58 88
0 67 60 58 88
0 66 60 58 88
0 67 60 58 88
0 70 60 58 88
0 66 60 58 88
0 64 60 58 88
0 63 120 116 88
0 71 180 116 88
0 83 60 58 88
0 84 60 58 88
0 83 60 58 88
0 81 60 58 88
0 79 60 58 88
0 78 60 58 88
0 81 60 58 88
0 79 300 294 88
0 78 60 58 88
0 76 60 58 88
0 75 60 58 88
0 76 60 58 88
0 78 60 58 88
0 74 60 58 88
0 76 60 58 88
0 73 120 116 88
0 81 180 116 88
0 81 60 58 88
0 82 60 58 88
0 81 60 58 88
0 79 60 58 88
0 77 60 58 88
0 76 60 58 88
0 79 60 58 88
0 77 300 294 88
0 76 60 58 88
0 74 60 58 88
0 73 60 58 88
0 74 60 58 88
0 76 60 58 88
0 72 60 58 88
0 74 60 58 88
0 71 120 116 88
0 79 180 116 88
0 69 60 58 88
0 71 60 58 88
0 72 60 58 88
0 74 60 58 88
0 76 60 58 88
0 77 60 58 88
0 74 60 58 88
0 76 60 58 88
0 74 60 58 88
0 79 60 58 88
0 77 60 58 88
0 76 60 58 88
0 74 60 58 88
0 73 60 58 88
0 70 60 58 88
0 69 60 58 88
0 70 60 58 88
0 67 60 58 88
0 69 60 58 88
0 65 120 116 88
0 74 180 116 88
0 81 60 58 88
0 82 60 58 88
0 81 60 58 88
0 79 60 58 88
0 77 60 58 88
0 76 60 58 88
0 79 60 58 88
0 77 300 294 88
0 76 60 58 88
0 74 60 58 88
0 72 60 58 88
0 74 60 58 88
0 72 60 58 88
0 74 60 58 88
0 76 60 58 88
0 69 60 58 88
0 72 60 58 88
0 76 60 58 88
0 81 60 58 88
0 80 60 58 88
0 81 60 58 88
0 79 60 58 88
0 81 60 58 88
0 78 60 58 88
0 81 60 58 88
0 77 60 58 88
0 81 60 58 88
0 76 60 58 88
0 81 60 58 88
0 80 60 58 88
0 81 60 58 88
0 75 60 58 88
0 78 60 58 88
0 72 60 58 88
0 71 60 58 88
0 72 60 58 88
0 75 60 58 88
0 71 60 58 88
0 69 60 58 88
0 68 120 116 88
0 64 120 116 88
0 68 120 116 88
0 71 120 116 88
0 76 120 116 88
0 68 120 116 88
0 76 60 58 88
0 74 60 58 88
0 73 60 58 88
0 71 60 58 88
0 69 60 58 88
0 68 60 58 88
0 76 60 58 88
0 74 60 58 88
0 73 60 58 88
0 71 60 58 88
0 69 60 58 88
0 67 60 58 88
0 66 120 116 88
0 62 120 116 88
0 66 120 116 88
0 69 120 116 88
0 74 120 116 88
0 66 120 116 88
0 74 60 58 88
0 72 60 58 88
0 71 60 58 88
0 69 60 58 88
0 67 60 58 88
0 66 60 58 88
0 74 60 58 88
0 72 60 58 88
0 71 60 58 88
0 69 60 58 88
0 67 60 58 88
0 66 60 58 88
0 71 60 58 88
0 69 60 58 88
0 67 60 58 88
0 66 60 58 88
0 64 60 58 88
0 63 60 58 88
0 71 60 58 88
0 69 60 58 88
0 67 60 58 88
0 66 60 58 88
0 64 60 58 88
0 63 60 58 88
0 64 60 58 88
0 67 60 58 88
0 71 60 58 88
0 76 60 58 88
0 75 60 58 88
0 76 60 58 88
0 74 60 58 88
0 76 60 58 88
0 73 60 58 88
0 76 60 58 88
0 72 60 58 88
0 76 60 58 88
0 71 60 58 88
0 69 60 58 88
0 67 60 58 88
0 72 60 58 88
0 71 60 58 88
0 69 60 58 88
0 71 60 58 88
0 68 60 58 88
0 69 60 58 88
0 67 60 58 88
0 69 60 58 88
0 66 60 58 88
0 67 60 58 88
0 66 60 58 88
0 67 60 58 88
0 69 60 58 88
0 63 60 58 88
0 66 60 58 88
0 60 60 58 88
0 59 60 58 88
0 60 60 58 88
0 63 60 58 88
0 59 60 58 88
0 57 60 58 88
0 56 30 29 88
0 59 30 29 88
1 0 1440 0 0
1 47 60 58 88
1 50 60 58 88
1 54 60 58 88
1 59 60 58 88
1 58 60 58 88
1 59 60 58 88
1 57 60 58 88
1 59 60 58 88
1 56 60 58 88
1 59 60 58 88
1 55 60 58 88
1 59 60 58 88
1 54 60 58 88
1 59 60 58 88
1 58 60 58 88
1 59 60 58 88
1 53 60 58 88
1 56 60 58 88
1 50 60 58 88
1 49 60 58 88
1 50 60 58 88
1 53 60 58 88
1 49 60 58 88
1 47 60 58 88
1 46 120 116 88
1 54 180 116 88
1 66 60 58 88
1 67 60 58 88
1 66 60 58 88
1 64 60 58 88
1 62 60 58 88
1 61 60 58 88
1 64 60 58 88
1 62 300 294 88
1 61 60 58 88
1 59 60 58 88
1 58 60 58 88
1 59 60 58 88
1 61 60 58 88
1 57 60 58 88
1 59 60 58 88
1 44 120 116 88
1 52 180 116 88
1 64 60 58 88
1 65 60 58 88
1 64 60 58 88
1 62 60 58 88
1 60 60 58 88
1 59 60 58 88
1 62 60 58 88
1 60 300 294 88
1 59 60 58 88
1 57 60 58 88
1 56 60 58 88
1 57 60 58 88
1 59 60 58 88
1 55 60 58 88
1 57 60 58 88
1 42 120 116 88
1 50 180 116 88
1 52 60 58 88
1 54 60 58 88
1 55 60 58 88
1 57 60 58 88
1 59 60 58 88
1 60 60 58 88
1 57 60 58 88
1 59 60 58 88
1 57 60 58 88
1 60 60 58 88
1 59 60 58 88
1 57 60 58 88
1 55 60 58 88
1 54 60 58 88
1 52 60 58 88
1 50 60 58 88
1 52 60 58 88
1 48 60 58 88
1 50 60 58 88
1 47 120 116 88
1 55 180 116 88
1 62 60 58 88
1 64 60 58 88
1 62 60 58 88
1 60 60 58 88
1 59 60 58 88
1 57 60 58 88
1 60 60 58 88
1 59 300 294 88
1 57 60 58 88
1 55 60 58 88
1 54 60 58 88
1 55 60 58 88
1 54 60 58 88
1 55 60 58 88
1 57 60 58 88
1 50 60 58 88
1 54 60 58 88
1 57 60 58 88
1 62 60 58 88
1 61 60 58 88
1 62 60 58 88
1 60 60 58 88
1 62 60 58 88
1 59 60 58 88
1 62 60 58 88
1 58 60 58 88
1 62 60 58 88
1 57 60 58 88
1 62 60 58 88
1 61 60 58 88
1 62 60 58 88
1 56 60 58 88
1 59 60 58 88
1 53 60 58 88
1 52 60 58 88
1 53 60 58 88
1 56 60 58 88
1 52 60 58 88
1 50 60 58 88
1 49 120 116 88
1 45 120 116 88
1 49 120 116 88
1 52 120 116 88
1 57 120 116 88
1 49 120 116 88
1 57 60 58 88
1 55 60 58 88
1 54 60 58 88
1 52 60 58 88
1 50 60 58 88
1 49 60 58 88
1 57 60 58 88
1 55 60 58 88
1 54 60 58 88
1 52 60 58 88
1 50 60 58 88
1 48 60 58 88
1 47 120 116 88
1 43 120 116 88
1 47 120 116 88
1 50 120 116 88
1 55 120 116 88
1 47 120 116 88
1 55 60 58 88
1 53 60 58 88
1 52 60 58 88
1 50 60 58 88
1 48 60 58 88
1 47 60 58 88
1 55 60 58 88
1 53 60 58 88
1 52 60 58 88
1 50 60 58 88
1 48 60 58 88
1 47 60 58 88
1 52 60 58 88
1 50 60 58 88
1 48 60 58 88
1 47 60 58 88
1 45 60 58 88
1 44 60 58 88
1 52 60 58 88
1 50 60 58 88
1 48 60 58 88
1 47 60 58 88
1 45 60 58 88
1 44 60 58 88
1 45 60 58 88
1 48 60 58 88
1 52 60 58 88
1 57 60 58 88
1 56 60 58 88
1 57 60 58 88
1 55 60 58 88
1 57 60 58 88
1 54 60 58 88
1 57 60 58 88
1 53 60 58 88
1 57 60 58 88
1 52 60 58 88
1 57 60 58 88
1 56 60 58 88
1 57 60 58 88
1 51 60 58 88
1 54 60 58 88
1 48 60 58 88
1 47 60 58 88
1 48 60 58 88
1 51 60 58 88
1 47 60 58 88
1 45 60 58 88
1 43 120 116 88
1 52 180 116 88
1 59 60 58 88
1 60 60 58 88
1 59 60 58 88
1 57 60 58 88
1 55 60 58 88
1 54 60 58 88
1 57 60 58 88
1 55 300 294 88
1 54 60 58 88
1 52 60 58 88
1 51 60 58 88
1 52 60 58 88
1 54 60 58 88
1 51 60 58 88
1 52 60 58 88
1 54 60 58 88
1 47 60 58 88
1 51 60 58 88
1 54 60 58 88
1 57 60 58 88
1 51 60 58 88
1 54 60 58 88
1 57 60 58 88
1 60 60 58 88
1 59 60 58 88
1 57 60 58 88
1 60 60 58 88
1 59 60 58 88
1 57 60 58 88
1 55 60 58 88
1 54 60 58 88
1 52 60 58 88
1 51 60 58 88
1 49 60 58 88
1 47 60 58 88
1 55 300 298 88
1 45 60 58 88
1 49 60 58 88
1 52 60 58 88
1 55 60 58 88
1 49 60 58 88
1 52 60 58 88
1 55 60 58 88
1 58 60 58 88
1 57 60 58 88
1 55 60 58 88
1 58 60 58 88
1 57 60 58 88
1 55 60 58 88
1 53 60 58 88
1 52 60 58 88
1 50 60 58 88
1 49 60 58 88
1 47 60 58 88
1 45 60 58 88
1 53 300 298 88
1 50 60 58 88
1 43 60 58 88
1 45 60 58 88
1 47 60 58 88
1 48 60 58 88
1 50 60 58 88
1 52 60 58 88
1 53 60 58 88
1 55 60 58 88
1 57 60 58 88
1 59 60 58 88
1 60 60 58 88
1 59 60 58 88
1 64 60 58 88
1 62 60 58 88
1 61 60 58 88
1 58 60 58 88
1 57 60 58 88
1 55 60 58 88
1 53 60 58 88
1 62 60 58 88
1 52 60 58 88
1 61 60 58 88
1 50 60 58 88
1 53 60 58 88
1 57 60 58 88
1 62 60 58 88
1 61 60 58 88
1 62 60 58 88
1 60 60 58 88
1 62 60 58 88
1 59 60 58 88
1 62 60 58 88
1 58 60 58 88
1 62 60 58 88
1 57 60 58 88
1 62 60 58 88
1 61 60 58 88
1 62 60 58 88
1 56 60 58 88
1 59 60 58 88
1 53 60 58 88
1 52 60 58 88
1 53 60 58 88
1 56 60 58 88
1 52 60 58 88
1 50 60 58 88
1 48 120 116 88
1 57 180 116 88
1 64 60 58 88
1 65 60 58 88
1 64 60 58 88
1 62 60 58 88
1 60 60 58 88
1 59 60 58 88
1 62 60 58 88
1 60 300 294 88
1 59 60 58 88
1 57 60 58 88
1 56 60 58 88
1 57 60 58 88
1 54 60 58 88
1 51 60 58 88
1 54 60 58 88
1 59 60 58 88
1 57 60 58 88
1 56 60 58 88
1 54 60 58 88
1 52 60 58 88
1 51 60 58 88
1 59 60 58 88
1 57 60 58 88
1 56 60 58 88
1 54 60 58 88
1 52 60 58 88
1 50 60 58 88
1 49 120 116 88
1 45 120 116 88
1 49 120 116 88
1 52 120 116 88
1 57 120 116 88
1 49 120 116 88
1 57 60 58 88
1 55 60 58 88
1 54 60 58 88
1 52 60 58 88
1 50 60 58 88
1 49 60 58 88
1 57 60 58 88
1 55 60 58 88
1 54 60 58 88
1 52 60 58 88
1 50 60 58 88
1 48 60 58 88
1 47 120 116 88
1 43 120 116 88
1 47 120 116 88
1 50 120 116 88
1 55 120 116 88
1 47 120 116 88
1 59 60 58 88
1 57 60 58 88
1 55 60 58 88
1 54 60 58 88
1 52 60 58 88
1 51 60 58 88
1 59 60 58 88
1 57 60 58 88
1 55 60 58 88
1 54 60 58 88
1 52 60 58 88
1 51 60 58 88
1 52 60 58 88
1 47 60 58 88
1 43 60 58 88
1 40 120 58 88
1 59 60 58 88
1 60 60 58 88
1 59 60 58 88
1 57 60 58 88
1 55 60 58 88
1 57 60 58 88
1 54 60 58 88
1 55 60 58 88
1 54 60 58 88
1 52 60 58 88
1 64 60 58 88
1 63 60 58 88
1 64 60 58 88
1 62 60 58 88
1 64 60 58 88
1 61 60 58 88
1 64 60 58 88
1 60 60 58 88
1 64 60 58 88
1 59 120 116 88
1 57 120 116 88
1 59 240 116 88
1 47 240 116 88
