0 0 1080 0 0
0 72 120 116 88
0 70 120 116 88
0 72 120 116 88
0 74 120 116 88
0 67 120 116 88
0 72 120 116 88
0 70 60 58 88
0 69 60 58 88
0 70 240 233 88
0 70 23 22 88
0 68 26 25 88
0 70 26 25 88
0 68 23 22 88
0 70 22 21 88
0 68 120 116 88
0 67 120 116 88
0 72 120 116 88
0 65 360 356 88
0 63 60 58 88
0 62 60 58 88
0 67 120 116 88
0 65 120 116 88
0 63 240 234 88
0 62 240 234 88
0 60 120 116 88
0 67 120 116 88
0 72 360 353 88
0 70 60 58 88
0 72 60 58 88
0 74 60 58 88
0 76 60 58 88
0 77 60 58 88
0 79 60 58 88
0 80 60 58 88
0 77 60 58 88
0 84 60 58 88
0 82 60 58 88
0 80 60 58 88
0 79 60 58 88
0 77 60 58 88
0 75 60 58 88
0 74 60 58 88
0 70 60 58 88
0 77 60 58 88
0 75 60 58 88
0 74 60 58 88
0 72 60 58 88
0 70 60 58 88
0 68 60 58 88
0 67 1140 116 88
0 79 60 58 88
0 75 180 175 88
0 77 60 58 88
0 79 120 116 88
0 72 120 116 88
0 77 120 116 88
0 75 60 58 88
0 74 60 58 88
0 75 120 116 88
0 68 120 116 88
0 73 120 116 88
0 72 60 58 88
0 70 60 58 88
0 72 120 116 88
0 65 120 116 88
0 70 120 116 88
0 68 60 58 88
0 67 60 58 88
0 68 180 173 88
0 68 60 58 88
0 62 120 116 88
0 63 120 116 88
0 65 120 116 88
0 63 240 234 88
0 65 240 236 88
0 63 120 116 88
0 68 180 173 88
0 68 60 58 88
0 67 180 173 88
0 67 60 58 88
0 72 180 175 88
0 70 120 113 88
0 70 60 58 88
0 68 180 175 88
0 67 60 58 88
0 68 60 58 88
0 70 60 58 88
0 64 180 116 88
0 68 60 58 88
0 73 180 175 88
0 72 120 113 88
0 72 60 58 88
0 70 180 175 88
0 69 60 58 88
0 70 60 58 88
0 72 60 58 88
0 66 120 116 88
0 67 180 173 88
0 67 120 116 88
0 66 60 58 88
0 67 120 116 88
0 79 120 116 88
0 75 120 116 88
0 77 120 116 88
0 79 120 116 88
0 72 120 116 88
0 77 120 116 88
0 75 60 58 88
0 74 60 58 88
0 75 60 58 88
0 74 60 58 88
0 72 60 58 88
0 71 60 58 88
0 72 60 58 88
0 75 60 58 88
0 77 60 58 88
0 79 60 58 88
0 80 60 58 88
0 72 60 58 88
0 71 60 58 88
0 69 60 58 88
0 71 60 58 88
0 79 60 58 88
0 77 60 58 88
0 79 60 58 88
0 75 600 116 88
0 79 120 116 88
0 76 120 116 88
0 78 120 116 88
0 79 120 116 88
0 72 120 116 88
0 77 120 116 88
0 75 60 58 88
0 74 60 58 88
0 75 180 173 88
0 75 60 58 88
0 74 120 116 88
0 76 120 116 88
0 77 120 116 88
0 70 120 116 88
0 75 120 116 88
0 74 60 58 88
0 72 60 58 88
0 74 120 116 88
0 67 120 116 88
0 75 300 293 88
0 75 60 58 88
0 74 180 175 88
0 72 60 58 88
0 71 120 116 88
0 72 120 116 88
0 79 120 116 88
0 74 120 116 88
0 75 60 58 88
0 77 60 58 88
0 75 120 116 88
0 74 180 116 88
0 72 120 116 88
0 70 60 58 88
0 68 180 173 88
0 68 60 58 88
0 67 480 474 88
0 72 540 531 88
0 71 60 58 88
0 72 60 58 88
0 74 60 58 88
0 67 120 116 88
0 68 120 116 88
0 67 180 175 88
0 69 60 58 88
0 70 120 116 88
0 71 180 116 88
0 67 60 58 88
0 72 60 58 88
0 66 60 58 88
0 67 120 116 88
0 63 120 116 88
0 62 240 234 88
0 60 360 116 88
0 72 120 116 88
0 71 120 116 88
0 72 120 116 88
0 74 120 116 88
0 67 120 116 88
0 72 120 116 88
0 70 60 58 88
0 68 60 58 88
0 70 120 116 88
0 72 120 116 88
0 68 120 116 88
0 70 120 116 88
0 72 120 116 88
0 65 120 116 88
0 70 120 116 88
0 68 60 58 88
0 67 60 58 88
0 68 120 116 88
0 67 240 236 88
0 69 60 58 88
0 70 30 29 88
0 72 30 29 88
0 65 120 116 88
0 72 120 116 88
0 74 120 116 88
0 72 60 58 88
0 71 60 58 88
0 72 300 234 88
0 74 60 58 88
0 75 60 58 88
0 71 60 58 88
0 72 600 470 88
0 71 120 116 88
1 0 25260 0 0
1 69 540 412 88
1 67 120 116 88
2 0 120 0 0
2 67 120 116 88
2 63 120 116 88
2 65 120 116 88
2 67 120 116 88
2 60 120 116 88
2 65 120 116 88
2 63 60 58 88
2 62 60 58 88
2 63 240 234 88
2 62 120 116 88
2 60 120 116 88
2 58 240 233 88
2 58 23 22 88
2 57 30 29 88
2 58 22 21 88
2 57 23 22 88
2 58 22 21 88
2 57 120 116 88
2 55 120 116 88
2 67 240 234 88
2 65 240 234 88
2 63 240 234 88
2 62 60 58 88
2 60 60 58 88
2 59 240 234 88
2 60 480 470 88
2 59 240 234 88
2 60 360 234 88
2 63 120 116 88
2 62 60 58 88
2 66 60 58 88
2 67 960 116 88
2 62 120 116 88
2 58 120 116 88
2 62 120 116 88
2 63 60 58 88
2 60 60 58 88
2 68 60 58 88
2 67 60 58 88
2 65 60 58 88
2 63 60 58 88
2 62 60 58 88
2 60 60 58 88
2 59 60 58 88
2 65 60 58 88
2 63 60 58 88
2 62 60 58 88
2 63 60 58 88
2 68 60 58 88
2 67 60 58 88
2 65 60 58 88
2 74 60 58 88
2 72 60 58 88
2 74 180 175 88
2 71 60 58 88
2 72 180 175 88
2 71 60 58 88
2 72 180 175 88
2 71 180 175 88
2 72 60 58 88
2 67 60 58 88
2 68 180 175 88
2 67 240 234 88
2 64 60 58 88
2 65 180 175 88
2 64 180 175 88
2 65 120 116 88
2 60 120 116 88
2 59 120 116 88
2 60 120 116 88
2 62 120 116 88
2 55 120 116 88
2 60 120 116 88
2 59 60 58 88
2 57 60 58 88
2 55 60 58 88
2 59 60 58 88
2 60 180 173 88
2 60 60 58 88
2 62 180 173 88
2 62 60 58 88
2 63 180 175 88
2 65 60 58 88
2 66 120 116 88
2 64 180 116 88
2 65 60 58 88
2 61 300 294 88
2 60 60 58 88
2 65 180 175 88
2 67 60 58 88
2 68 120 116 88
2 66 180 116 88
2 67 60 58 88
2 63 300 294 88
2 62 120 116 88
2 60 60 58 88
2 58 120 116 88
2 57 120 116 88
2 55 240 116 88
2 67 240 234 88
2 63 240 234 88
2 65 240 234 88
2 67 240 234 88
2 60 240 234 88
2 65 240 234 88
2 63 120 116 88
2 62 120 116 88
2 63 120 116 88
2 72 120 116 88
2 70 120 116 88
2 72 120 116 88
2 74 120 116 88
2 67 120 116 88
2 72 120 116 88
2 70 60 58 88
2 69 60 58 88
2 70 120 116 88
2 68 60 58 88
2 67 60 58 88
2 72 60 58 88
2 60 60 58 88
2 67 180 173 88
2 67 60 58 88
2 69 120 116 88
2 70 60 58 88
2 72 60 58 88
2 73 180 116 88
2 72 60 58 88
2 70 60 58 88
2 68 60 58 88
2 67 120 116 88
2 69 120 116 88
2 70 120 116 88
2 63 120 116 88
2 68 120 116 88
2 67 60 58 88
2 65 60 58 88
2 67 180 175 88
2 65 60 58 88
2 63 120 116 88
2 62 120 116 88
2 60 120 116 88
2 75 120 116 88
2 68 300 234 88
2 67 120 116 88
2 65 60 58 88
2 63 120 116 88
2 64 180 116 88
2 65 60 58 88
2 62 180 116 88
2 63 60 58 88
2 65 240 236 88
2 63 180 175 88
2 64 60 58 88
2 65 60 58 88
2 67 60 58 88
2 68 240 234 88
2 67 120 116 88
2 65 180 178 88
2 63 120 116 88
2 65 120 113 88
2 65 60 58 88
2 63 180 116 88
2 65 60 58 88
2 63 60 58 88
2 62 60 58 88
2 63 300 234 88
2 62 120 116 88
2 60 120 116 88
2 57 60 58 88
2 59 120 116 88
2 60 120 116 88
2 67 120 116 88
2 63 120 116 88
2 65 120 116 88
2 67 120 116 88
2 60 120 116 88
2 65 120 116 88
2 63 60 58 88
2 62 60 58 88
2 64 120 116 88
2 65 120 116 88
2 67 120 116 88
2 65 60 58 88
2 64 60 58 88
2 65 120 116 88
2 67 120 116 88
2 64 120 116 88
2 65 120 116 88
2 67 120 116 88
2 60 120 116 88
2 65 120 116 88
2 64 60 58 88
2 62 60 58 88
2 64 120 116 88
2 63 120 116 88
2 61 120 116 88
2 63 120 116 88
2 65 120 116 88
2 63 60 58 88
2 62 60 58 88
2 63 120 116 88
2 67 420 116 88
2 69 60 58 88
2 66 480 353 88
2 65 120 116 88
3 0 3000 0 0
3 55 120 116 88
3 51 120 116 88
3 53 120 116 88
3 55 120 116 88
3 48 120 116 88
3 53 120 116 88
3 51 60 58 88
3 50 60 58 88
3 51 60 58 88
3 55 60 58 88
3 48 60 58 88
3 50 60 58 88
3 51 60 58 88
3 53 60 58 88
3 55 60 58 88
3 57 60 58 88
3 58 60 58 88
3 62 60 58 88
3 55 60 58 88
3 57 60 58 88
3 58 60 58 88
3 60 60 58 88
3 62 60 58 88
3 64 60 58 88
3 65 120 116 88
3 56 120 116 88
3 53 120 116 88
3 56 120 116 88
3 58 8280 116 88
3 55 120 116 88
3 56 120 116 88
3 55 120 116 88
3 53 120 116 88
3 62 120 116 88
3 55 120 116 88
3 57 60 58 88
3 59 60 58 88
3 60 60 58 88
3 62 60 58 88
3 63 60 58 88
3 65 60 58 88
3 67 60 58 88
3 63 60 58 88
3 62 60 58 88
3 60 60 58 88
3 58 60 58 88
3 57 60 58 88
3 58 180 175 88
3 57 60 58 88
3 62 60 58 88
3 60 60 58 88
3 58 60 58 88
3 55 60 58 88
3 60 120 116 88
3 57 120 116 88
3 59 120 116 88
3 60 120 116 88
3 53 120 116 88
3 58 120 116 88
3 56 60 58 88
3 55 60 58 88
3 57 120 116 88
3 62 180 175 88
3 60 60 58 88
3 65 60 58 88
3 63 60 58 88
3 62 60 58 88
3 60 60 58 88
3 61 180 175 88
3 60 60 58 88
3 58 60 58 88
3 56 60 58 88
3 58 120 116 88
3 59 120 116 88
3 60 120 116 88
3 62 120 116 88
3 55 60 58 88
3 60 60 58 88
3 59 60 58 88
3 60 120 116 88
3 59 60 58 88
3 60 240 236 88
3 59 120 116 88
3 60 360 353 88
3 59 120 116 88
3 60 180 175 88
3 59 120 118 88
3 55 60 58 88
3 60 240 234 88
3 58 120 116 88
3 56 60 58 88
3 67 60 58 88
3 65 60 58 88
3 63 60 58 88
3 62 360 356 88
3 60 120 116 88
3 62 120 116 88
3 60 120 116 88
3 53 120 116 88
3 55 240 234 88
3 57 120 116 88
3 55 420 234 88
3 53 60 58 88
3 51 600 116 88
3 63 120 116 88
3 59 120 116 88
3 60 120 116 88
3 55 600 116 88
3 61 120 116 88
3 55 120 116 88
3 56 120 116 88
3 52 120 116 88
3 60 120 116 88
3 56 120 116 88
3 58 120 116 88
3 60 120 116 88
3 53 120 116 88
3 58 120 116 88
3 56 60 58 88
3 55 60 58 88
3 56 120 116 88
3 55 120 113 88
3 55 120 116 88
3 63 540 116 88
3 62 60 58 88
3 63 360 234 88
3 62 120 116 88
4 0 5880 0 0
4 48 120 116 88
4 47 120 116 88
4 48 120 116 88
4 50 120 116 88
4 43 120 116 88
4 48 120 116 88
4 47 60 58 88
4 45 60 58 88
4 47 120 116 88
4 43 120 116 88
4 48 120 116 88
4 44 120 116 88
4 39 180 175 88
4 56 60 58 88
4 50 120 116 88
4 55 120 116 88
4 48 180 175 88
4 53 60 58 88
4 46 120 116 88
4 51 120 116 88
4 44 180 175 88
4 49 60 58 88
4 43 120 116 88
4 48 120 116 88
4 41 60 58 88
4 48 60 58 88
4 53 180 175 88
4 51 60 58 88
4 50 60 58 88
4 48 60 58 88
4 47 60 58 88
4 43 60 58 88
4 48 60 58 88
4 46 60 58 88
4 44 60 58 88
4 48 60 58 88
4 38 120 116 88
4 39 180 175 88
4 36 60 58 88
4 41 120 116 88
4 46 120 116 88
4 47 120 116 88
4 48 120 116 88
4 44 120 116 88
4 46 120 116 88
4 48 120 116 88
4 41 120 116 88
4 46 120 116 88
4 44 60 58 88
4 43 60 58 88
4 44 120 116 88
4 56 60 58 88
4 53 60 58 88
4 58 120 116 88
4 60 120 116 88
4 50 120 116 88
4 55 120 116 88
4 48 120 116 88
4 46 60 58 88
4 45 60 58 88
4 46 120 116 88
4 51 120 116 88
4 48 120 116 88
4 50 120 116 88
4 43 5040 116 88
4 55 240 234 88
4 51 240 234 88
4 53 240 234 88
4 55 240 234 88
4 48 240 234 88
4 53 240 234 88
4 51 120 116 88
4 50 120 116 88
4 51 180 175 88
4 55 60 58 88
4 56 120 116 88
4 55 120 116 88
4 53 120 116 88
4 62 120 116 88
4 55 120 116 88
4 57 60 58 88
4 59 60 58 88
4 60 120 116 88
4 48 120 116 88
4 47 120 116 88
4 48 120 116 88
4 50 120 116 88
4 43 120 116 88
4 48 120 116 88
4 47 60 58 88
4 45 60 58 88
4 47 120 116 88
4 48 120 116 88
4 41 120 116 88
4 43 120 116 88
4 36 960 116 88
4 48 960 116 88
4 48 600 116 88
4 48 120 116 88
4 49 120 116 88
4 48 120 116 88
4 47 120 116 88
4 53 120 116 88
4 51 60 58 88
4 50 60 58 88
4 48 60 58 88
4 50 30 29 88
4 51 30 29 88
4 42 540 234 88
4 59 60 58 88
4 60 60 58 88
4 54 60 58 88
4 55 120 116 88
4 43 120 116 88
4 36 0 945 88
