0 0 5040 0 0
0 76 240 234 88
0 72 240 234 88
0 77 240 234 88
0 68 600 234 88
0 74 120 116 88
0 71 120 116 88
0 76 120 116 88
0 72 120 116 88
0 69 120 116 88
0 66 120 116 88
0 74 120 116 88
0 71 120 116 88
0 67 120 116 88
0 64 120 116 88
0 72 120 116 88
0 69 120 116 88
0 71 120 116 88
0 72 270 255 88
0 72 30 29 88
0 74 30 29 88
0 76 30 29 88
0 77 30 29 88
0 76 30 29 88
0 74 30 29 88
0 72 30 29 88
0 71 360 234 88
0 84 30 29 88
0 83 30 29 88
0 81 30 29 88
0 79 30 29 88
0 77 120 116 88
0 81 30 29 88
0 79 30 29 88
0 77 30 29 88
0 76 30 29 88
0 74 30 29 88
0 76 30 29 88
0 77 90 87 88
0 76 30 29 88
0 74 30 29 88
0 72 30 29 88
0 71 30 29 88
0 72 30 29 88
0 74 90 87 88
0 72 30 29 88
0 71 30 29 88
0 69 30 29 88
0 67 180 175 88
0 69 30 29 88
0 71 30 29 88
0 72 23 22 88
0 71 22 21 88
0 72 23 22 88
0 71 22 21 88
0 72 23 22 88
0 71 22 21 88
0 72 23 22 88
0 71 22 21 88
0 69 30 29 88
0 71 30 29 88
0 72 600 234 88
0 67 120 116 88
0 64 120 116 88
0 69 120 116 88
0 66 180 165 88
0 66 30 29 88
0 68 30 29 88
0 69 23 22 88
0 68 22 21 88
0 69 23 22 88
0 68 22 21 88
0 69 23 22 88
0 68 22 21 88
0 69 23 22 88
0 68 22 21 88
0 66 30 29 88
0 68 30 29 88
0 69 60 58 88
0 71 30 29 88
0 72 30 29 88
0 74 30 29 88
0 76 30 29 88
0 78 30 29 88
0 80 30 29 88
0 81 240 234 88
0 79 240 234 88
0 84 240 234 88
0 75 600 234 88
0 81 120 116 88
0 78 120 116 88
0 83 120 116 88
0 79 120 116 88
0 76 120 116 88
0 73 120 116 88
0 81 120 116 88
0 77 150 116 88
0 74 30 29 88
0 76 30 29 88
0 77 30 29 88
0 79 150 116 88
0 77 30 29 88
0 76 30 29 88
0 74 30 29 88
0 72 150 116 88
0 76 30 29 88
0 77 30 29 88
0 79 30 29 88
0 81 30 29 88
0 82 30 29 88
0 81 30 29 88
0 79 30 29 88
0 77 30 29 88
0 76 30 29 88
0 74 30 29 88
0 72 30 29 88
0 71 30 29 88
0 72 30 29 88
0 71 30 29 88
0 69 30 29 88
0 68 30 29 88
0 66 30 29 88
0 64 30 29 88
0 62 30 29 88
0 60 120 116 88
0 72 120 116 88
0 71 540 531 88
0 64 60 58 88
0 69 180 175 88
0 57 60 58 88
0 62 240 236 88
0 77 120 116 88
0 71 120 116 88
0 74 120 116 88
0 68 240 234 88
0 71 360 356 88
0 76 30 29 88
0 74 30 29 88
0 72 30 29 88
0 71 30 29 88
0 69 60 58 88
0 73 30 29 88
0 76 30 29 88
0 79 120 116 88
0 77 540 116 88
0 74 30 29 88
0 72 30 29 88
0 71 60 58 88
0 72 30 29 88
0 74 30 29 88
0 67 120 116 88
0 77 120 116 88
0 76 720 116 88
0 81 240 234 88
0 77 240 234 88
0 82 240 234 88
0 73 600 234 88
0 79 120 116 88
0 76 120 116 88
0 81 120 116 88
0 77 120 116 88
0 74 480 116 88
0 77 120 116 88
0 74 120 116 88
0 79 120 116 88
0 76 120 116 88
0 72 120 116 88
0 69 120 116 88
0 77 120 116 88
0 74 120 116 88
0 71 120 116 88
0 68 120 116 88
0 76 120 116 88
0 72 510 353 88
0 71 30 29 88
0 72 30 29 88
0 74 30 29 88
0 76 30 29 88
0 78 30 29 88
0 80 30 29 88
0 81 30 29 88
0 83 30 29 88
0 81 30 29 88
0 80 30 29 88
0 78 30 29 88
0 76 30 29 88
0 74 30 29 88
0 72 30 29 88
0 71 30 29 88
0 76 30 29 88
0 74 30 29 88
0 72 30 29 88
0 71 30 29 88
0 69 30 29 88
0 68 30 29 88
0 66 30 29 88
0 64 30 29 88
0 69 30 29 88
0 67 30 29 88
0 65 30 29 88
0 64 30 29 88
0 62 30 29 88
0 60 30 29 88
0 59 30 29 88
0 57 30 29 88
0 65 630 29 88
0 64 30 29 88
0 66 30 29 88
0 68 30 29 88
0 69 23 22 88
0 68 22 21 88
0 69 23 22 88
0 68 22 21 88
0 69 23 22 88
0 68 22 21 88
0 69 23 22 88
0 68 22 21 88
0 66 30 29 88
0 68 30 29 88
0 69 600 596 88
0 71 120 116 88
0 64 120 116 88
0 68 120 116 88
1 0 2160 0 0
1 69 240 234 88
1 67 240 234 88
1 72 240 234 88
1 63 600 234 88
1 69 120 116 88
1 66 120 116 88
1 71 120 116 88
1 67 120 116 88
1 64 120 116 88
1 61 120 116 88
1 69 120 116 88
1 65 120 116 88
1 62 120 116 88
1 59 120 116 88
1 67 120 116 88
1 64 120 116 88
1 69 240 234 88
1 68 120 116 88
1 57 120 116 88
1 69 30 29 88
1 67 30 29 88
1 65 30 29 88
1 64 30 29 88
1 62 120 116 88
1 65 30 29 88
1 64 30 29 88
1 62 30 29 88
1 60 30 29 88
1 59 30 29 88
1 60 30 29 88
1 62 90 87 88
1 60 30 29 88
1 59 30 29 88
1 57 30 29 88
1 56 30 29 88
1 57 30 29 88
1 59 90 87 88
1 57 30 29 88
1 56 30 29 88
1 54 30 29 88
1 52 180 175 88
1 54 30 29 88
1 56 30 29 88
1 57 23 22 88
1 56 22 21 88
1 57 23 22 88
1 56 22 21 88
1 57 23 22 88
1 56 22 21 88
1 57 23 22 88
1 56 22 21 88
1 54 30 29 88
1 56 30 29 88
1 57 150 116 88
1 57 30 29 88
1 59 30 29 88
1 60 30 29 88
1 62 150 116 88
1 60 30 29 88
1 59 30 29 88
1 57 30 29 88
1 55 150 116 88
1 55 30 29 88
1 57 30 29 88
1 59 30 29 88
1 60 150 116 88
1 58 30 29 88
1 57 30 29 88
1 55 30 29 88
1 53 60 58 88
1 65 120 105 88
1 65 90 87 88
1 64 30 29 88
1 65 30 29 88
1 67 30 29 88
1 69 30 29 88
1 67 30 29 88
1 65 30 29 88
1 64 30 29 88
1 62 270 255 88
1 62 30 29 88
1 64 30 29 88
1 65 30 29 88
1 67 30 29 88
1 65 30 29 88
1 64 30 29 88
1 62 30 29 88
1 60 120 116 88
1 55 120 116 88
1 60 120 116 88
1 65 240 116 88
1 69 120 116 88
1 62 120 116 88
1 65 120 116 88
1 59 120 116 88
1 62 120 116 88
1 65 120 116 88
1 62 120 116 88
1 67 120 116 88
1 60 120 116 88
1 57 120 116 88
1 62 120 116 88
1 59 180 165 88
1 59 30 29 88
1 61 30 29 88
1 62 23 22 88
1 61 22 21 88
1 62 23 22 88
1 61 22 21 88
1 62 23 22 88
1 61 22 21 88
1 62 23 22 88
1 61 22 21 88
1 59 30 29 88
1 61 30 29 88
1 62 780 234 88
1 72 60 58 88
1 71 60 58 88
1 78 120 116 88
1 71 60 58 88
1 76 30 29 88
1 74 30 29 88
1 72 30 29 88
1 71 30 29 88
1 69 120 116 88
1 72 30 29 88
1 71 30 29 88
1 69 30 29 88
1 67 30 29 88
1 66 30 29 88
1 67 30 29 88
1 69 90 87 88
1 67 30 29 88
1 66 30 29 88
1 64 30 29 88
1 63 30 29 88
1 64 30 29 88
1 66 90 87 88
1 64 30 29 88
1 63 30 29 88
1 61 30 29 88
1 59 180 175 88
1 61 30 29 88
1 63 30 29 88
1 64 23 22 88
1 63 22 21 88
1 64 23 22 88
1 63 22 21 88
1 64 23 22 88
1 63 22 21 88
1 64 23 22 88
1 63 22 21 88
1 61 30 29 88
1 63 30 29 88
1 64 600 116 88
1 62 120 116 88
1 59 120 116 88
1 67 120 116 88
1 64 750 116 88
1 64 30 29 88
1 65 30 29 88
1 67 30 29 88
1 69 30 29 88
1 67 30 29 88
1 65 30 29 88
1 64 30 29 88
1 62 120 116 88
1 65 120 116 88
1 59 120 116 88
1 62 120 116 88
1 60 240 234 88
1 65 240 234 88
1 56 600 234 88
1 62 120 116 88
1 59 120 116 88
1 64 120 116 88
1 60 600 116 88
1 69 30 29 88
1 67 30 29 88
1 65 30 29 88
1 64 30 29 88
1 62 60 58 88
1 66 30 29 88
1 69 30 29 88
1 72 120 116 88
1 71 540 116 88
1 67 30 29 88
1 65 30 29 88
1 64 60 58 88
1 65 30 29 88
1 67 30 29 88
1 60 120 116 88
1 70 120 116 88
1 69 60 58 88
1 71 30 29 88
1 73 30 29 88
1 74 240 234 88
1 73 120 116 88
1 74 600 234 88
1 70 120 116 88
1 64 120 116 88
1 67 120 116 88
1 61 120 116 88
1 76 120 116 88
1 69 360 345 88
1 69 120 116 88
1 62 120 116 88
1 65 120 116 88
1 59 120 116 88
1 74 120 116 88
1 67 840 356 88
1 62 120 116 88
1 59 120 116 88
1 68 120 116 88
1 69 270 234 88
1 71 30 29 88
1 69 30 29 88
1 67 30 29 88
1 65 30 29 88
1 64 30 29 88
1 62 30 29 88
1 60 30 29 88
1 62 120 116 88
1 59 60 58 88
1 57 60 58 88
1 56 240 234 88
1 57 510 234 88
1 64 30 29 88
1 62 30 29 88
1 60 30 29 88
1 59 30 29 88
1 57 30 29 88
1 56 30 29 88
1 54 30 29 88
1 62 30 29 88
1 60 30 29 88
1 59 30 29 88
1 57 30 29 88
1 56 30 29 88
1 54 30 29 88
1 52 30 29 88
1 51 30 29 88
1 52 630 116 88
1 59 30 29 88
1 60 30 29 88
1 62 30 15 88
1 62 23 22 88
1 61 22 21 88
1 62 23 22 88
1 61 22 21 88
1 62 23 22 88
1 61 22 21 88
1 62 23 22 88
1 61 22 21 88
1 59 30 29 88
1 61 30 29 88
1 62 120 116 88
1 65 120 116 88
1 56 120 116 88
1 59 120 116 88
1 60 0 470 88
2 0 240 0 0
2 64 240 234 88
2 60 240 234 88
2 65 240 234 88
2 56 600 234 88
2 62 120 116 88
2 59 120 116 88
2 64 120 116 88
2 60 120 116 88
2 57 120 116 88
2 54 120 116 88
2 63 120 116 88
2 52 120 116 88
2 64 30 29 88
2 62 30 29 88
2 60 30 29 88
2 59 30 29 88
2 57 120 116 88
2 60 30 29 88
2 59 30 29 88
2 57 30 29 88
2 55 30 29 88
2 54 30 29 88
2 55 30 29 88
2 57 90 87 88
2 55 30 29 88
2 54 30 29 88
2 52 30 29 88
2 51 30 29 88
2 52 30 29 88
2 54 90 87 88
2 52 30 29 88
2 51 30 29 88
2 49 30 29 88
2 47 180 175 88
2 49 30 29 88
2 51 30 29 88
2 52 23 22 88
2 51 22 21 88
2 52 23 22 88
2 51 22 21 88
2 52 23 22 88
2 51 22 21 88
2 52 23 22 88
2 51 22 21 88
2 49 30 29 88
2 51 30 29 88
2 52 150 116 88
2 52 30 29 88
2 53 30 29 88
2 55 30 29 88
2 57 150 116 88
2 55 30 29 88
2 53 30 29 88
2 52 30 29 88
2 50 150 116 88
2 50 30 29 88
2 52 30 29 88
2 53 30 29 88
2 55 150 116 88
2 53 30 29 88
2 52 30 29 88
2 50 30 29 88
2 48 180 175 88
2 50 60 58 88
2 52 60 58 88
2 53 30 29 88
2 52 30 29 88
2 50 60 58 88
2 52 60 58 88
2 53 600 234 88
2 53 120 116 88
2 47 120 116 88
2 50 120 116 88
2 44 120 116 88
2 47 120 116 88
2 52 240 234 88
2 45 360 116 88
2 54 120 116 88
2 55 360 116 88
2 52 120 116 88
2 53 120 116 88
2 55 120 116 88
2 57 120 116 88
2 55 120 116 88
2 53 120 116 88
2 50 120 116 88
2 55 120 116 88
2 53 120 116 88
2 52 240 234 88
2 57 240 234 88
2 47 600 234 88
2 53 120 116 88
2 50 120 116 88
2 55 120 116 88
2 52 180 165 88
2 52 30 29 88
2 54 30 29 88
2 55 23 22 88
2 54 22 21 88
2 55 23 22 88
2 54 22 21 88
2 55 23 22 88
2 54 22 21 88
2 55 23 22 88
2 54 22 21 88
2 52 30 29 88
2 54 30 29 88
2 55 120 116 88
2 52 120 116 88
2 57 360 234 88
2 50 120 116 88
2 47 120 116 88
2 52 120 116 88
2 48 120 116 88
2 45 120 116 88
2 42 120 116 88
2 51 120 116 88
2 40 600 116 88
2 60 120 116 88
2 54 120 116 88
2 57 120 116 88
2 51 120 116 88
2 54 120 116 88
2 59 240 234 88
2 52 150 116 88
2 40 30 29 88
2 41 30 29 88
2 43 30 29 88
2 45 150 116 88
2 43 30 29 88
2 41 30 29 88
2 40 30 29 88
2 38 600 116 88
2 57 120 116 88
2 53 120 116 88
2 62 120 116 88
2 56 120 116 88
2 52 120 116 88
2 57 270 269 88
2 57 30 29 88
2 59 30 29 88
2 60 30 29 88
2 62 30 29 88
2 60 30 29 88
2 59 30 29 88
2 57 30 29 88
2 56 30 29 88
2 57 30 29 88
2 56 30 29 88
2 54 30 29 88
2 52 30 29 88
2 50 30 29 88
2 48 30 29 88
2 47 30 29 88
2 45 120 116 88
2 57 30 29 88
2 55 30 29 88
2 53 30 29 88
2 52 30 29 88
2 50 120 116 88
2 53 30 29 88
2 52 30 29 88
2 50 30 29 88
2 48 30 29 88
2 47 30 29 88
2 48 30 29 88
2 50 90 87 88
2 48 30 29 88
2 47 30 29 88
2 45 30 29 88
2 44 30 29 88
2 45 30 29 88
2 47 90 87 88
2 45 30 29 88
2 44 30 29 88
2 42 30 29 88
2 40 180 175 88
2 42 30 29 88
2 44 30 29 88
2 45 23 22 88
2 44 22 21 88
2 45 23 22 88
2 44 22 21 88
2 45 23 22 88
2 44 22 21 88
2 45 23 22 88
2 44 22 21 88
2 42 30 29 88
2 44 30 29 88
2 45 180 175 88
2 47 30 29 88
2 48 30 29 88
2 50 23 22 88
2 49 22 21 88
2 50 23 22 88
2 49 22 21 88
2 50 23 22 88
2 49 22 21 88
2 50 23 22 88
2 49 22 21 88
2 47 30 29 88
2 49 30 29 88
2 50 180 175 88
2 52 30 29 88
2 53 30 29 88
2 55 23 22 88
2 54 22 21 88
2 55 23 22 88
2 54 22 21 88
2 55 23 22 88
2 54 22 21 88
2 55 23 22 88
2 54 22 21 88
2 52 30 29 88
2 54 30 29 88
2 55 180 175 88
2 57 30 29 88
2 59 30 29 88
2 60 23 22 88
2 59 22 21 88
2 60 23 22 88
2 59 22 21 88
2 60 23 22 88
2 59 22 21 88
2 60 23 22 88
2 59 22 21 88
2 57 30 29 88
2 59 30 29 88
2 60 180 175 88
2 62 30 29 88
2 64 30 29 88
2 65 23 22 88
2 64 22 21 88
2 65 23 22 88
2 64 22 21 88
2 65 23 22 88
2 64 22 21 88
2 65 23 22 88
2 64 22 21 88
2 62 30 29 88
2 64 30 29 88
2 65 180 175 88
2 67 30 29 88
2 69 30 29 88
2 70 23 22 88
2 69 22 21 88
2 70 23 22 88
2 69 22 21 88
2 70 23 22 88
2 69 22 21 88
2 70 23 22 88
2 69 22 21 88
2 67 30 29 88
2 69 30 29 88
2 70 60 58 88
2 58 30 29 88
2 60 30 29 88
2 62 30 29 88
2 60 30 29 88
2 58 30 29 88
2 57 30 29 88
2 55 30 29 88
2 53 30 29 88
2 55 30 29 88
2 57 30 29 88
2 58 30 29 88
2 57 30 29 88
2 55 30 29 88
2 53 30 29 88
2 52 30 29 88
2 53 30 29 88
2 55 90 87 88
2 53 30 29 88
2 52 30 29 88
2 50 30 29 88
2 49 30 29 88
2 50 30 29 88
2 52 90 87 88
2 50 30 29 88
2 49 30 29 88
2 47 30 29 88
2 45 180 175 88
2 47 30 29 88
2 49 30 29 88
2 50 23 22 88
2 49 22 21 88
2 50 23 22 88
2 49 22 21 88
2 50 23 22 88
2 49 22 21 88
2 50 23 22 88
2 49 22 21 88
2 47 30 29 88
2 49 30 29 88
2 50 30 29 88
2 52 30 29 88
2 53 90 87 88
2 52 30 29 88
2 50 30 29 88
2 48 30 29 88
2 47 30 29 88
2 48 30 29 88
2 50 90 87 88
2 48 30 29 88
2 47 30 29 88
2 45 30 29 88
2 43 180 175 88
2 45 30 29 88
2 47 30 29 88
2 48 23 22 88
2 47 22 21 88
2 48 23 22 88
2 47 22 21 88
2 48 23 22 88
2 47 22 21 88
2 48 23 22 88
2 47 22 21 88
2 45 30 29 88
2 47 30 29 88
2 48 150 116 88
2 60 30 29 88
2 62 30 29 88
2 64 30 29 88
2 65 150 116 88
2 64 30 29 88
2 62 30 29 88
2 60 30 29 88
2 59 150 116 88
2 47 30 29 88
2 48 30 29 88
2 50 30 29 88
2 52 150 116 88
2 50 30 29 88
2 48 30 29 88
2 47 30 29 88
2 45 60 58 88
2 47 30 29 88
2 48 30 29 88
2 50 30 29 88
2 52 30 29 88
2 54 30 29 88
2 56 30 29 88
2 57 360 353 88
2 56 60 58 88
2 54 60 58 88
2 52 120 116 88
2 50 120 116 88
2 48 240 234 88
2 53 240 234 88
2 44 600 234 88
2 50 120 116 88
2 47 120 116 88
2 52 120 116 88
2 48 120 116 88
2 45 120 116 88
2 40 120 116 88
2 43 120 116 88
2 41 30 29 88
2 40 30 29 88
2 38 120 116 88
2 40 30 29 88
2 41 30 15 88
2 41 23 22 88
2 40 22 21 88
2 41 23 22 88
2 40 22 21 88
2 41 23 22 88
2 40 22 21 88
2 41 23 22 88
2 40 22 21 88
2 38 30 29 88
2 40 30 29 88
2 33 0 470 88
