0 0 19200 0 0
0 70 960 945 88
0 75 720 470 88
0 75 240 234 88
0 74 240 234 88
0 79 480 470 88
0 77 240 234 88
0 75 240 225 88
0 75 120 116 88
0 74 120 116 88
0 75 240 234 88
0 79 240 234 88
0 72 240 234 88
0 77 480 470 88
0 75 240 234 88
0 74 240 225 88
0 74 120 116 88
0 72 120 116 88
0 74 240 234 88
0 77 240 234 88
0 70 240 225 88
0 70 120 116 88
0 69 120 116 88
0 70 240 234 88
0 74 240 234 88
0 67 240 234 88
0 69 240 234 88
0 70 960 950 88
0 69 480 470 88
0 70 240 234 88
0 74 120 116 88
0 75 120 116 88
0 77 240 234 88
0 74 240 234 88
0 70 240 234 88
0 75 120 116 88
0 77 120 116 88
0 79 240 234 88
0 75 240 234 88
0 77 240 234 88
0 75 120 116 88
0 74 120 116 88
0 72 240 234 88
0 74 240 234 88
0 75 4800 234 88
0 75 960 945 88
0 82 720 470 88
0 80 240 234 88
0 79 240 234 88
0 84 480 470 88
0 82 240 234 88
0 80 240 225 88
0 80 120 116 88
0 79 120 116 88
0 80 240 234 88
0 84 240 234 88
0 77 240 234 88
0 82 480 470 88
0 80 240 234 88
0 79 240 225 88
0 79 120 116 88
0 77 120 116 88
0 79 240 234 88
0 82 240 234 88
0 75 240 225 88
0 75 120 116 88
0 74 120 116 88
0 75 240 234 88
0 79 240 234 88
0 72 240 234 88
0 74 120 116 88
0 75 120 116 88
0 77 960 950 88
0 75 120 116 88
0 74 120 116 88
0 75 120 116 88
0 77 120 116 88
0 74 240 234 88
0 79 480 470 88
0 77 240 234 88
0 76 240 234 88
0 72 240 234 88
0 77 960 950 88
0 75 960 950 88
0 74 120 116 88
0 72 120 116 88
0 74 120 116 88
0 75 120 116 88
0 72 240 234 88
0 77 480 470 88
0 75 240 234 88
0 74 240 234 88
0 70 240 234 88
0 75 960 950 88
0 73 720 714 88
0 72 240 234 88
0 70 480 470 88
0 68 3840 470 88
0 70 960 945 88
0 75 720 470 88
0 75 240 234 88
0 74 240 234 88
0 79 480 470 88
0 77 240 234 88
0 75 240 225 88
0 75 120 116 88
0 74 120 116 88
0 75 240 234 88
0 79 240 234 88
0 72 240 234 88
0 77 480 470 88
0 75 240 234 88
0 74 240 225 88
0 74 120 116 88
0 72 120 116 88
0 74 240 234 88
0 77 240 234 88
0 70 240 234 88
0 75 240 234 88
0 73 720 714 88
0 72 240 234 88
0 70 720 714 88
0 68 120 116 88
0 67 120 116 88
0 68 960 950 88
0 66 480 470 88
0 65 960 945 88
1 0 12480 0 0
1 63 960 945 88
1 70 720 470 88
1 68 240 234 88
1 67 240 234 88
1 72 480 470 88
1 70 240 234 88
1 68 240 225 88
1 68 120 116 88
1 67 120 116 88
1 68 240 234 88
1 72 240 234 88
1 65 240 234 88
1 70 480 470 88
1 68 240 234 88
1 67 240 225 88
1 67 120 116 88
1 65 120 116 88
1 67 240 234 88
1 70 240 234 88
1 63 240 234 88
1 65 120 116 88
1 63 120 116 88
1 65 240 234 88
1 68 240 234 88
1 62 240 234 88
1 63 480 470 88
1 62 240 234 88
1 60 240 234 88
1 67 240 234 88
1 72 720 714 88
1 70 120 116 88
1 69 120 116 88
1 70 960 950 88
1 69 240 234 88
1 67 240 234 88
1 69 360 353 88
1 70 60 58 88
1 69 60 58 88
1 67 240 234 88
1 69 240 234 88
1 70 720 470 88
1 65 240 234 88
1 67 720 470 88
1 62 240 234 88
1 63 240 234 88
1 65 240 234 88
1 67 480 470 88
1 65 720 708 88
1 63 240 234 88
1 62 240 234 88
1 65 120 116 88
1 67 120 116 88
1 68 720 714 88
1 67 120 116 88
1 68 120 116 88
1 70 240 234 88
1 67 240 234 88
1 65 240 234 88
1 70 240 234 88
1 68 240 234 88
1 70 240 234 88
1 58 3840 234 88
1 70 960 945 88
1 75 720 470 88
1 75 240 234 88
1 74 240 234 88
1 79 480 470 88
1 77 240 234 88
1 75 240 225 88
1 75 120 116 88
1 74 120 116 88
1 75 240 234 88
1 79 240 234 88
1 72 240 234 88
1 77 480 470 88
1 75 240 234 88
1 74 240 225 88
1 74 120 116 88
1 72 120 116 88
1 74 240 234 88
1 77 240 234 88
1 70 240 225 88
1 70 120 116 88
1 68 120 116 88
1 70 240 234 88
1 74 240 234 88
1 67 240 234 88
1 69 120 116 88
1 71 120 116 88
1 72 240 234 88
1 71 240 234 88
1 72 600 590 88
1 71 120 116 88
1 72 120 116 88
1 74 120 116 88
1 71 240 234 88
1 67 240 234 88
1 72 960 950 88
1 70 960 950 88
1 68 120 116 88
1 67 120 116 88
1 68 120 116 88
1 70 120 116 88
1 67 240 234 88
1 72 480 470 88
1 70 240 234 88
1 69 240 234 88
1 65 240 234 88
1 70 960 950 88
1 68 960 950 88
1 67 120 116 88
1 65 120 116 88
1 67 120 116 88
1 68 120 116 88
1 65 240 234 88
1 70 480 470 88
1 68 240 234 88
1 70 240 234 88
1 68 480 470 88
1 67 480 474 88
1 65 120 116 88
1 67 120 116 88
1 68 720 714 88
1 65 240 234 88
1 70 240 234 88
1 68 240 234 88
1 67 240 225 88
1 67 120 116 88
1 65 120 116 88
1 67 240 234 88
1 70 240 234 88
1 63 240 234 88
1 68 480 470 88
1 67 240 234 88
1 65 240 225 88
1 65 120 116 88
1 63 120 116 88
1 65 240 234 88
1 67 120 116 88
1 65 120 116 88
1 63 240 234 88
1 67 120 116 88
1 65 120 116 88
1 67 240 234 88
1 69 120 116 88
1 67 120 116 88
1 65 240 234 88
1 70 120 116 88
1 68 120 116 88
1 70 240 234 88
1 74 240 234 88
1 75 240 234 88
1 72 240 234 88
1 67 480 470 88
1 68 240 225 88
1 68 480 470 88
1 67 240 234 88
1 68 240 234 88
1 65 240 234 88
1 70 1200 714 88
1 68 240 234 88
1 67 720 470 88
1 65 240 234 88
1 63 720 708 88
1 62 120 116 88
1 60 120 116 88
1 62 240 234 88
1 58 240 234 88
1 63 960 950 88
1 62 480 470 88
2 0 5760 0 0
2 58 960 945 88
2 63 720 470 88
2 63 240 234 88
2 62 240 234 88
2 67 480 470 88
2 65 240 234 88
2 63 240 225 88
2 63 120 116 88
2 62 120 116 88
2 63 240 234 88
2 67 240 234 88
2 60 240 234 88
2 65 480 470 88
2 63 240 234 88
2 62 240 225 88
2 62 120 116 88
2 60 120 116 88
2 62 240 234 88
2 65 240 234 88
2 58 240 225 88
2 58 120 116 88
2 56 120 116 88
2 58 240 234 88
2 62 240 234 88
2 55 240 234 88
2 56 120 116 88
2 58 120 116 88
2 60 240 234 88
2 58 120 116 88
2 60 120 116 88
2 62 240 234 88
2 65 240 234 88
2 58 240 234 88
2 62 240 234 88
2 63 1440 1430 88
2 62 240 234 88
2 60 240 234 88
2 62 360 353 88
2 63 60 58 88
2 62 60 58 88
2 60 240 234 88
2 62 240 234 88
2 63 240 234 88
2 58 120 116 88
2 56 120 116 88
2 58 720 714 88
2 56 120 116 88
2 55 120 116 88
2 56 720 714 88
2 55 240 234 88
2 53 240 234 88
2 58 240 234 88
2 55 480 470 88
2 53 720 714 88
2 50 240 234 88
2 55 720 714 88
2 60 120 116 88
2 58 120 116 88
2 60 840 833 88
2 62 60 58 88
2 60 60 58 88
2 58 240 234 88
2 60 240 234 88
2 62 720 470 88
2 60 240 234 88
2 62 720 470 88
2 56 240 234 88
2 58 240 234 88
2 60 240 234 88
2 61 480 470 88
2 60 240 234 88
2 58 240 234 88
2 60 480 470 88
2 58 480 465 88
2 58 480 470 88
2 63 720 470 88
2 63 240 234 88
2 62 240 234 88
2 67 480 470 88
2 65 240 234 88
2 63 240 225 88
2 63 120 116 88
2 62 120 116 88
2 63 240 234 88
2 67 240 234 88
2 60 240 234 88
2 65 480 470 88
2 63 240 234 88
2 62 240 225 88
2 62 120 116 88
2 60 120 116 88
2 62 240 234 88
2 65 240 234 88
2 58 240 225 88
2 58 120 116 88
2 56 120 116 88
2 58 240 234 88
2 62 240 234 88
2 55 480 470 88
2 67 720 705 88
2 67 120 116 88
2 65 120 116 88
2 67 240 234 88
2 69 240 234 88
2 70 240 234 88
2 62 120 116 88
2 60 120 116 88
2 62 240 234 88
2 65 240 234 88
2 67 240 225 88
2 67 120 116 88
2 65 120 116 88
2 67 720 714 88
2 60 240 234 88
2 65 720 705 88
2 65 120 116 88
2 63 120 116 88
2 65 720 714 88
2 58 240 234 88
2 63 9600 234 88
2 58 480 470 88
2 63 720 470 88
2 61 240 234 88
2 60 240 234 88
2 65 480 470 88
2 63 240 234 88
2 61 240 225 88
2 61 120 116 88
2 60 120 116 88
2 61 240 234 88
2 65 240 234 88
2 58 240 234 88
2 63 480 470 88
2 61 240 234 88
2 60 240 225 88
2 60 120 116 88
2 58 120 116 88
2 60 240 234 88
2 63 240 234 88
2 56 240 225 88
2 56 120 116 88
2 55 120 116 88
2 56 240 234 88
2 58 120 116 88
2 56 120 116 88
2 55 240 234 88
2 58 120 116 88
2 56 120 116 88
2 58 240 234 88
2 60 240 234 88
2 62 240 225 88
2 62 120 116 88
2 60 120 116 88
2 62 240 234 88
2 65 240 234 88
2 70 240 234 88
2 67 240 234 88
2 63 720 714 88
2 60 120 116 88
2 58 120 116 88
2 60 240 234 88
2 63 240 234 88
2 65 240 234 88
2 62 240 234 88
2 67 240 234 88
2 62 240 234 88
2 63 720 234 88
2 65 240 234 88
2 63 720 470 88
2 62 240 234 88
2 60 720 708 88
2 56 240 234 88
2 53 720 470 88
2 60 240 234 88
2 53 240 225 88
2 53 120 116 88
2 51 120 116 88
2 53 240 234 88
2 58 240 234 88
3 51 960 945 88
3 58 720 470 88
3 56 240 234 88
3 55 240 234 88
3 60 480 470 88
3 58 240 234 88
3 56 240 225 88
3 56 120 116 88
3 55 120 116 88
3 56 240 234 88
3 60 240 234 88
3 53 240 234 88
3 58 480 470 88
3 56 240 234 88
3 55 240 225 88
3 55 120 116 88
3 53 120 116 88
3 55 240 234 88
3 58 240 234 88
3 51 240 225 88
3 51 120 116 88
3 50 120 116 88
3 51 240 234 88
3 55 240 234 88
3 48 240 234 88
3 50 120 116 88
3 51 120 116 88
3 53 480 470 88
3 46 480 470 88
3 58 960 950 88
3 57 240 234 88
3 55 240 234 88
3 57 360 353 88
3 58 60 58 88
3 57 60 58 88
3 55 240 234 88
3 57 240 234 88
3 58 240 234 88
3 46 240 234 88
3 58 240 234 88
3 56 240 234 88
3 55 240 234 88
3 43 240 234 88
3 55 240 234 88
3 53 240 234 88
3 51 240 234 88
3 53 120 116 88
3 55 120 116 88
3 56 720 714 88
3 55 120 116 88
3 53 120 116 88
3 55 240 234 88
3 58 240 234 88
3 51 240 234 88
3 56 120 116 88
3 55 120 116 88
3 56 240 234 88
3 60 240 234 88
3 53 720 708 88
3 55 120 116 88
3 56 120 116 88
3 58 960 945 88
3 51 720 708 88
3 50 240 234 88
3 48 720 470 88
3 53 240 234 88
3 46 1440 1430 88
3 45 480 470 88
3 46 720 470 88
3 43 240 234 88
3 48 720 470 88
3 51 240 234 88
3 53 720 470 88
3 53 240 234 88
3 58 240 234 88
3 53 240 234 88
3 58 240 234 88
3 57 240 234 88
3 55 240 234 88
3 50 240 234 88
3 55 240 234 88
3 53 240 234 88
3 51 720 708 88
3 52 240 234 88
3 53 960 945 88
3 46 1440 470 88
3 51 480 470 88
3 58 720 470 88
3 56 240 234 88
3 55 240 234 88
3 60 480 470 88
3 58 240 234 88
3 56 240 225 88
3 56 120 116 88
3 55 120 116 88
3 56 240 234 88
3 60 240 234 88
3 53 240 234 88
3 58 480 470 88
3 56 240 234 88
3 55 240 225 88
3 55 120 116 88
3 53 120 116 88
3 55 240 234 88
3 58 240 234 88
3 51 240 225 88
3 51 120 116 88
3 50 120 116 88
3 51 240 234 88
3 55 240 234 88
3 48 480 470 88
3 60 480 470 88
3 58 240 225 88
3 58 120 116 88
3 56 120 116 88
3 58 240 234 88
3 62 240 234 88
3 63 720 470 88
3 64 240 234 88
3 65 240 234 88
3 53 120 116 88
3 52 120 116 88
3 53 240 234 88
3 57 240 234 88
3 58 720 470 88
3 62 240 234 88
3 63 240 234 88
3 51 240 234 88
3 63 120 116 88
3 62 120 116 88
3 60 120 116 88
3 58 120 116 88
3 60 240 234 88
3 48 240 234 88
3 60 120 116 88
3 58 120 116 88
3 56 120 116 88
3 55 120 116 88
3 56 240 234 88
3 44 240 234 88
3 56 240 234 88
3 55 120 116 88
3 53 120 116 88
3 55 1080 1076 88
3 53 120 116 88
3 55 120 116 88
3 56 120 116 88
3 55 120 116 88
3 53 120 116 88
3 52 120 116 88
3 50 120 116 88
3 48 1080 1076 88
3 46 120 116 88
3 48 120 116 88
3 50 120 116 88
3 48 120 116 88
3 46 120 116 88
3 45 120 116 88
3 43 120 116 88
3 41 1080 1076 88
3 51 120 116 88
3 53 120 116 88
3 55 120 116 88
3 53 120 116 88
3 51 120 116 88
3 50 120 116 88
3 48 120 116 88
3 46 1080 1076 88
3 56 120 116 88
3 58 120 116 88
3 60 120 116 88
3 58 120 116 88
3 56 120 116 88
3 55 120 116 88
3 53 120 116 88
3 55 240 234 88
3 56 240 234 88
3 50 240 234 88
3 52 240 234 88
3 53 600 590 88
3 51 120 116 88
3 49 120 116 88
3 48 120 116 88
3 46 600 585 88
3 46 120 116 88
3 48 120 116 88
3 49 120 116 88
3 51 600 590 88
3 39 120 116 88
3 41 120 116 88
3 43 120 116 88
3 44 120 116 88
3 46 120 116 88
3 48 120 116 88
3 50 120 116 88
3 51 960 950 88
3 50 480 470 88
3 51 960 945 88
3 58 720 470 88
3 56 240 234 88
3 55 240 234 88
3 60 480 470 88
3 58 240 234 88
3 56 240 225 88
3 56 120 116 88
3 55 120 116 88
3 56 240 234 88
3 60 240 234 88
3 53 240 234 88
3 58 480 470 88
3 56 240 234 88
3 55 240 225 88
3 55 120 116 88
3 53 120 116 88
3 55 240 234 88
3 58 240 234 88
3 51 240 225 88
3 51 120 116 88
3 50 120 116 88
3 51 240 234 88
3 55 240 234 88
3 48 240 234 88
3 50 120 116 88
3 51 120 116 88
3 53 480 470 88
3 46 480 470 88
3 45 480 470 88
3 46 960 945 88
