0 0 600 0 0
0 68 120 116 88
0 72 120 116 88
0 68 120 116 88
0 73 240 116 88
0 71 240 116 88
0 70 60 58 88
0 68 60 58 88
0 66 180 175 88
0 68 60 58 88
0 70 60 58 88
0 66 60 58 88
0 68 240 116 88
0 73 240 116 88
0 73 240 116 88
0 72 360 116 88
0 73 120 116 88
0 77 120 116 88
0 73 120 116 88
0 80 240 116 88
0 78 240 116 88
0 77 60 58 88
0 75 60 58 88
0 73 180 175 88
0 75 60 58 88
0 77 60 58 88
0 73 120 58 88
0 75 60 58 88
0 78 60 58 88
0 75 60 58 88
0 80 240 116 88
0 78 240 116 88
0 77 180 165 88
0 77 60 58 88
0 79 120 116 88
0 80 180 165 88
0 80 60 58 88
0 79 120 116 88
0 80 1080 116 88
0 65 120 116 88
0 68 120 116 88
0 65 120 116 88
0 70 240 116 88
0 68 240 116 88
0 66 60 58 88
0 68 60 58 88
0 70 60 58 88
0 72 60 58 88
0 74 60 58 88
0 75 60 58 88
0 77 30 29 88
0 75 30 29 88
0 74 60 58 88
0 75 360 116 88
0 75 120 116 88
0 72 120 116 88
0 75 120 116 88
0 68 120 116 88
0 73 120 116 88
0 70 240 116 88
0 72 240 116 88
0 73 120 116 88
0 80 120 116 88
0 77 120 116 88
0 80 120 116 88
0 73 300 116 88
0 71 60 58 88
0 70 60 58 88
0 68 60 58 88
0 70 300 285 88
0 70 60 58 88
0 75 120 116 88
0 68 300 285 88
0 68 60 58 88
0 73 120 116 88
0 66 300 294 88
0 65 60 58 88
0 66 120 116 88
0 65 300 294 88
0 63 60 58 88
0 65 300 285 88
0 65 60 58 88
0 63 240 234 88
0 65 360 116 88
0 77 120 116 88
0 73 120 116 88
0 77 120 116 88
0 70 360 116 88
0 82 120 116 88
0 79 120 116 88
0 82 120 116 88
0 75 240 116 88
0 77 240 116 88
0 78 60 58 88
0 80 60 58 88
0 82 180 175 88
0 80 60 58 88
0 78 60 58 88
0 80 60 58 88
0 77 60 58 88
0 78 60 58 88
0 80 180 175 88
0 78 60 58 88
0 77 60 58 88
0 78 60 58 88
0 75 60 58 88
0 80 60 58 88
0 78 60 58 88
0 77 60 58 88
0 75 60 58 88
0 73 60 58 88
0 72 30 29 88
0 73 30 29 88
0 75 60 58 88
0 73 60 58 88
0 70 60 58 88
0 72 60 58 88
0 73 60 58 88
0 75 60 58 88
0 77 60 58 88
0 78 30 29 88
0 77 30 29 88
0 75 60 58 88
0 73 60 58 88
0 72 60 58 88
0 70 60 58 88
0 68 60 58 88
0 73 240 116 88
0 70 240 116 88
0 78 300 116 88
0 78 60 58 88
0 77 60 58 88
0 75 60 58 88
0 77 60 58 88
0 80 60 58 88
0 73 60 58 88
0 77 60 58 88
0 70 60 58 88
0 77 60 58 88
0 75 60 58 88
0 73 60 58 88
0 75 60 58 88
0 78 60 58 88
0 72 60 58 88
0 75 60 58 88
0 68 60 58 88
0 75 60 58 88
0 73 60 58 88
0 72 60 58 88
0 73 60 58 88
0 77 60 58 88
0 68 60 58 88
0 71 60 58 88
0 70 180 175 88
0 66 60 58 88
0 68 180 175 88
0 65 60 58 88
0 66 180 175 88
0 63 60 58 88
0 65 540 534 88
0 63 60 58 88
0 66 60 58 88
0 63 60 58 88
0 60 120 105 88
0 60 60 58 88
0 63 60 58 88
0 68 180 175 88
0 66 60 58 88
0 65 120 105 88
0 65 60 58 88
0 68 60 58 88
0 73 180 175 88
0 71 60 58 88
0 70 120 105 88
0 70 60 58 88
0 73 60 58 88
0 78 300 298 88
0 70 60 58 88
0 72 60 58 88
0 73 60 58 88
0 75 60 58 88
0 77 60 58 88
0 78 30 29 88
0 77 30 29 88
0 75 60 58 88
0 77 60 58 88
0 78 60 58 88
0 77 60 58 88
0 75 60 58 88
0 73 60 58 88
0 72 60 58 88
0 70 30 29 88
0 72 30 29 88
0 73 60 58 88
0 72 120 116 88
0 80 120 116 88
0 77 120 116 88
0 80 120 116 88
0 73 60 58 88
0 77 60 58 88
0 78 60 58 88
0 80 60 58 88
0 82 60 58 88
0 84 60 58 88
0 85 60 58 88
0 82 60 58 88
0 78 60 58 88
0 80 60 58 88
0 78 60 58 88
0 77 60 58 88
0 75 60 58 88
0 73 60 58 88
0 72 60 58 88
0 75 60 58 88
0 68 540 538 88
0 61 60 58 88
0 63 60 58 88
0 65 60 58 88
0 66 60 58 88
0 68 60 58 88
0 70 60 58 88
0 66 60 58 88
0 63 60 58 88
0 65 60 58 88
0 66 60 58 88
0 68 60 58 88
0 70 60 58 88
0 72 60 58 88
0 73 60 58 88
0 70 60 58 88
0 72 120 116 88
0 75 120 116 88
0 72 120 116 88
0 75 120 116 88
0 68 120 116 88
0 73 120 116 88
0 76 120 116 88
0 73 120 116 88
0 78 60 58 88
0 81 60 58 88
0 80 60 58 88
0 78 60 58 88
0 76 60 58 88
0 75 60 58 88
0 73 30 29 88
0 75 30 29 88
0 76 60 58 88
0 67 60 58 88
0 68 60 58 88
0 70 60 58 88
0 72 60 58 88
0 73 60 58 88
0 75 60 58 88
0 76 30 29 88
0 75 30 29 88
0 73 60 58 88
0 72 120 116 88
0 75 120 116 88
0 80 480 470 88
0 78 480 474 88
0 77 390 382 88
0 75 30 29 88
0 73 30 29 88
0 71 30 29 88
0 70 30 29 88
0 68 30 29 88
0 66 30 29 88
0 65 30 29 88
0 66 480 473 88
0 65 150 135 88
0 65 30 29 88
0 63 30 29 88
0 61 30 29 88
0 63 480 476 88
0 61 180 165 88
0 61 60 58 88
0 60 120 116 88
0 61 300 294 88
0 56 60 58 88
0 59 60 58 88
0 56 60 58 88
0 58 300 285 88
0 58 60 58 88
0 61 60 58 88
0 58 60 58 88
0 63 300 294 88
0 65 60 58 88
0 66 180 178 88
0 65 60 58 88
0 63 60 58 88
0 66 120 116 88
0 70 60 58 88
0 68 60 58 88
0 66 60 58 88
1 0 27720 0 0
1 67 120 116 88
1 68 360 116 88
1 77 120 116 88
1 74 120 116 88
1 77 120 116 88
1 70 120 116 88
1 75 120 116 88
1 72 120 116 88
1 75 120 116 88
1 68 120 116 88
1 73 120 116 88
1 70 60 58 88
1 73 60 58 88
1 66 270 116 88
1 65 30 29 88
1 63 30 29 88
1 61 30 29 88
1 60 60 58 88
1 63 60 58 88
2 0 1080 0 0
2 68 120 116 88
2 65 120 116 88
2 68 120 116 88
2 61 240 116 88
2 63 240 116 88
2 65 60 58 88
2 66 60 58 88
2 68 180 175 88
2 66 60 58 88
2 65 60 58 88
2 68 60 58 88
2 63 60 58 88
2 65 60 58 88
2 66 180 175 88
2 65 60 58 88
2 63 60 58 88
2 66 60 58 88
2 65 600 116 88
2 68 120 116 88
2 72 120 116 88
2 68 120 116 88
2 73 240 116 88
2 71 240 116 88
2 70 300 116 88
2 70 60 58 88
2 74 60 58 88
2 70 60 58 88
2 75 300 116 88
2 75 60 58 88
2 73 180 175 88
2 72 120 105 88
2 72 60 58 88
2 70 180 175 88
2 73 60 58 88
2 72 600 116 88
2 56 120 116 88
2 60 120 116 88
2 56 120 116 88
2 61 240 116 88
2 59 240 116 88
2 58 60 58 88
2 60 60 58 88
2 62 60 58 88
2 63 60 58 88
2 65 60 58 88
2 66 60 58 88
2 68 30 29 88
2 66 30 29 88
2 65 60 58 88
2 66 240 116 88
2 65 360 116 88
2 70 120 116 88
2 66 120 116 88
2 70 120 116 88
2 63 120 116 88
2 66 120 116 88
2 65 120 116 88
2 68 180 165 88
2 68 60 58 88
2 66 60 58 88
2 65 60 58 88
2 63 60 58 88
2 61 60 58 88
2 60 30 29 88
2 61 30 29 88
2 63 60 58 88
2 56 360 116 88
2 61 120 116 88
2 65 120 116 88
2 61 120 116 88
2 68 300 116 88
2 68 60 58 88
2 66 60 58 88
2 65 60 58 88
2 66 180 165 88
2 66 120 105 88
2 66 60 58 88
2 65 60 58 88
2 63 60 58 88
2 65 180 165 88
2 65 120 105 88
2 65 60 58 88
2 63 60 58 88
2 61 60 58 88
2 63 180 165 88
2 63 120 105 88
2 63 60 58 88
2 61 60 58 88
2 60 60 58 88
2 61 180 175 88
2 60 60 58 88
2 58 60 58 88
2 57 60 58 88
2 58 180 175 88
2 61 60 58 88
2 60 60 58 88
2 58 60 58 88
2 57 600 116 88
2 58 120 116 88
2 62 120 116 88
2 58 120 116 88
2 63 240 116 88
2 61 240 116 88
2 60 60 58 88
2 58 60 58 88
2 56 180 175 88
2 58 60 58 88
2 59 60 58 88
2 56 60 58 88
2 58 60 58 88
2 60 60 58 88
2 61 60 58 88
2 58 60 58 88
2 60 60 58 88
2 61 60 58 88
2 63 60 58 88
2 60 60 58 88
2 61 600 585 88
2 61 120 116 88
2 60 120 116 88
2 65 120 116 88
2 58 360 353 88
2 63 120 116 88
2 56 300 234 88
2 68 60 58 88
2 65 60 58 88
2 68 60 58 88
2 61 300 116 88
2 60 60 58 88
2 56 60 58 88
2 60 60 58 88
2 61 120 116 88
2 56 120 116 88
2 61 360 356 88
2 58 120 116 88
2 54 360 353 88
2 56 120 116 88
2 53 120 116 88
2 65 180 178 88
2 61 60 58 88
2 63 180 175 88
2 60 60 58 88
2 61 180 175 88
2 58 60 58 88
2 60 180 116 88
2 61 60 58 88
2 56 60 58 88
2 59 60 58 88
2 58 540 470 88
2 56 240 234 88
2 61 60 58 88
2 60 180 116 88
2 61 240 234 88
2 66 60 58 88
2 65 180 116 88
2 66 240 234 88
2 71 60 58 88
2 70 60 58 88
2 75 60 58 88
2 68 540 116 88
2 60 60 58 88
2 61 60 58 88
2 63 60 58 88
2 65 60 58 88
2 67 60 58 88
2 68 60 58 88
2 67 60 58 88
2 68 240 116 88
2 61 240 234 88
2 65 240 234 88
2 61 240 234 88
2 66 360 116 88
2 66 180 175 88
2 70 60 58 88
2 68 60 58 88
2 66 60 58 88
2 65 60 58 88
2 63 60 58 88
2 61 60 58 88
2 65 60 58 88
2 58 360 234 88
2 63 120 116 88
2 58 120 116 88
2 63 120 116 88
2 54 120 116 88
2 66 180 178 88
2 68 60 58 88
2 66 60 58 88
2 64 60 58 88
2 63 60 58 88
2 61 60 58 88
2 60 30 29 88
2 61 30 29 88
2 63 60 58 88
2 64 60 58 88
2 66 60 58 88
2 64 60 58 88
2 63 60 58 88
2 61 60 58 88
2 60 60 58 88
2 58 30 29 88
2 60 30 29 88
2 61 60 58 88
2 60 120 116 88
2 63 120 116 88
2 61 120 116 88
2 64 120 116 88
2 58 120 116 88
2 61 120 116 88
2 64 240 234 88
2 63 1980 116 88
2 63 300 294 88
2 61 270 255 88
2 61 30 29 88
2 60 30 29 88
2 58 30 29 88
2 60 300 298 88
2 56 120 116 88
2 55 60 58 88
2 56 180 175 88
2 54 120 105 88
2 54 60 58 88
2 53 60 58 88
2 51 60 58 88
2 53 300 298 88
2 56 60 58 88
2 54 60 58 88
2 53 60 58 88
2 54 660 470 88
2 56 60 58 88
2 58 240 234 88
2 60 240 234 88
3 0 29910 0 0
3 54 30 29 88
3 53 30 29 88
3 51 30 29 88
3 53 30 29 88
3 51 30 29 88
3 49 30 29 88
3 48 30 29 88
3 49 240 116 88
3 55 120 116 88
3 56 2640 234 88
4 0 120 0 0
4 49 120 116 88
4 53 120 116 88
4 49 120 116 88
4 56 240 116 88
4 54 240 116 88
4 53 60 58 88
4 51 60 58 88
4 49 180 175 88
4 51 60 58 88
4 53 60 58 88
4 49 60 58 88
4 54 240 116 88
4 42 360 116 88
4 49 120 116 88
4 46 120 116 88
4 49 120 116 88
4 42 120 116 88
4 46 120 116 88
4 39 120 116 88
4 44 120 116 88
4 37 360 116 88
4 61 120 116 88
4 60 120 116 88
4 63 120 116 88
4 56 360 116 88
4 49 120 116 88
4 53 120 116 88
4 49 120 116 88
4 54 240 116 88
4 53 300 116 88
4 51 60 58 88
4 48 60 58 88
4 51 60 58 88
4 45 120 116 88
4 46 120 116 88
4 39 120 116 88
4 41 120 116 88
4 37 120 116 88
4 39 240 116 88
4 44 120 116 88
4 48 120 116 88
4 44 120 116 88
4 49 240 116 88
4 48 240 116 88
4 46 60 58 88
4 48 60 58 88
4 49 60 58 88
4 51 60 58 88
4 53 60 58 88
4 54 60 58 88
4 56 30 29 88
4 54 30 29 88
4 53 60 58 88
4 54 240 116 88
4 50 240 116 88
4 51 360 116 88
4 58 120 116 88
4 54 120 116 88
4 58 120 116 88
4 51 120 116 88
4 55 120 116 88
4 56 60 58 88
4 44 60 58 88
4 46 60 58 88
4 48 60 58 88
4 49 60 58 88
4 51 60 58 88
4 53 30 29 88
4 51 30 29 88
4 49 60 58 88
4 54 120 116 88
4 51 240 116 88
4 56 120 116 88
4 53 120 116 88
4 56 120 116 88
4 49 360 116 88
4 49 120 116 88
4 53 120 116 88
4 49 120 116 88
4 54 120 116 88
4 58 120 116 88
4 51 120 116 88
4 54 120 116 88
4 48 120 116 88
4 56 120 116 88
4 49 120 116 88
4 53 120 116 88
4 46 120 116 88
4 54 120 116 88
4 48 120 116 88
4 51 120 116 88
4 45 120 116 88
4 41 120 116 88
4 46 120 116 88
4 44 120 116 88
4 42 120 116 88
4 41 120 116 88
4 44 26 25 88
4 42 27 26 88
4 44 26 25 88
4 42 26 25 88
4 44 26 25 88
4 42 23 22 88
4 44 22 22 88
4 42 23 22 88
4 41 22 22 88
4 42 19 18 88
4 41 120 116 88
4 53 120 116 88
4 57 120 116 88
4 53 120 116 88
4 58 240 116 88
4 56 240 116 88
4 55 60 58 88
4 53 60 58 88
4 51 180 175 88
4 53 60 58 88
4 55 60 58 88
4 51 60 58 88
4 56 1080 116 88
4 49 120 116 88
4 53 120 116 88
4 49 120 116 88
4 56 600 585 88
4 56 120 116 88
4 54 360 345 88
4 54 120 116 88
4 53 300 116 88
4 58 60 58 88
4 54 60 58 88
4 58 60 58 88
4 51 240 116 88
4 49 300 116 88
4 49 60 58 88
4 53 60 58 88
4 49 60 58 88
4 54 360 116 88
4 51 120 116 88
4 48 360 116 88
4 49 120 116 88
4 42 120 116 88
4 54 120 116 88
4 53 120 116 88
4 46 120 116 88
4 51 120 116 88
4 44 120 116 88
4 49 120 116 88
4 37 120 116 88
4 42 60 58 88
4 49 60 58 88
4 46 60 58 88
4 49 60 58 88
4 54 360 345 88
4 54 120 116 88
4 53 120 116 88
4 56 120 116 88
4 49 120 116 88
4 59 120 116 88
4 58 120 116 88
4 61 120 116 88
4 54 120 116 88
4 53 120 116 88
4 51 120 116 88
4 54 120 116 88
4 48 120 116 88
4 56 120 116 88
4 60 120 116 88
4 56 120 116 88
4 61 240 116 88
4 58 300 116 88
4 56 60 58 88
4 58 60 58 88
4 60 60 58 88
4 61 60 58 88
4 63 60 58 88
4 65 60 58 88
4 61 60 58 88
4 58 120 105 88
4 58 120 116 88
4 61 120 116 88
4 58 120 116 88
4 63 120 116 88
4 51 120 116 88
4 48 120 116 88
4 51 120 116 88
4 53 120 116 88
4 41 120 116 88
4 37 120 116 88
4 41 120 116 88
4 42 240 234 88
4 51 240 234 88
4 54 240 234 88
4 51 240 234 88
4 56 1980 1978 88
4 58 60 58 88
4 56 60 58 88
4 54 60 58 88
4 53 60 58 88
4 51 60 58 88
4 50 30 29 88
4 51 30 29 88
4 53 60 58 88
4 46 60 58 88
4 58 60 58 88
4 60 60 58 88
4 62 60 58 88
4 63 60 58 88
4 65 60 58 88
4 66 30 29 88
4 65 30 29 88
4 63 60 58 88
4 68 60 58 88
4 66 60 58 88
4 65 60 58 88
4 63 60 58 88
4 61 60 58 88
4 59 60 58 88
4 58 30 29 88
4 59 30 29 88
4 61 60 58 88
4 54 120 116 88
4 39 120 116 88
4 42 120 116 88
4 39 120 116 88
4 44 390 382 88
4 46 30 29 88
4 44 30 29 88
4 43 30 29 88
4 44 270 265 88
4 46 30 29 88
4 48 30 29 88
4 49 30 29 88
4 51 30 29 88
4 53 30 29 88
4 54 30 29 88
4 51 30 29 88
4 53 120 116 88
4 52 120 116 88
4 51 240 234 88
4 49 1020 1005 88
4 49 60 58 88
4 48 60 58 88
4 46 60 58 88
4 48 240 234 88
4 49 240 234 88
4 51 240 234 88
5 0 30960 0 0
5 44 240 234 88
