0 0 2040 0 0
0 79 60 58 88
0 78 60 58 88
0 79 120 116 88
0 72 120 116 88
0 75 120 116 88
0 79 60 58 88
0 78 60 58 88
0 79 120 116 88
0 81 120 116 88
0 74 120 116 88
0 79 60 58 88
0 78 60 58 88
0 79 120 116 88
0 81 120 116 88
0 72 60 58 88
0 74 60 58 88
0 75 240 234 88
0 74 60 58 88
0 72 60 58 88
0 70 120 116 88
0 75 60 58 88
0 74 60 58 88
0 75 120 116 88
0 67 120 116 88
0 68 120 116 88
0 77 60 58 88
0 75 60 58 88
0 77 120 116 88
0 69 120 116 88
0 70 120 116 88
0 79 60 58 88
0 77 60 58 88
0 79 120 116 88
0 71 120 116 88
0 72 120 116 88
0 74 60 58 88
0 75 60 58 88
0 77 360 356 88
0 75 60 58 88
0 74 60 58 88
0 72 60 58 88
0 70 60 58 88
0 68 60 58 88
0 67 60 58 88
0 65 120 116 88
0 80 120 116 88
0 79 120 116 88
0 77 120 116 88
0 75 120 116 88
0 74 120 116 88
0 75 120 116 88
0 77 120 116 88
0 71 120 116 88
0 72 120 116 88
0 74 120 116 88
0 71 120 116 88
0 72 120 116 88
0 79 60 58 88
0 78 60 58 88
0 79 120 116 88
0 74 120 116 88
0 75 360 234 88
0 76 120 116 88
0 77 120 101 88
0 77 60 58 88
0 76 60 58 88
0 77 120 116 88
0 72 120 116 88
0 74 360 234 88
0 74 120 116 88
0 75 120 101 88
0 75 60 58 88
0 74 60 58 88
0 75 120 116 88
0 70 120 116 88
0 72 120 116 88
0 75 60 58 88
0 74 60 58 88
0 75 120 116 88
0 77 120 116 88
0 70 120 116 88
0 75 60 58 88
0 74 60 58 88
0 75 120 116 88
0 77 120 116 88
0 68 60 58 88
0 70 60 58 88
0 72 240 234 88
0 70 60 58 88
0 68 60 58 88
0 67 60 58 88
0 63 60 58 88
0 65 60 58 88
0 67 60 58 88
0 68 60 58 88
0 70 60 58 88
0 72 60 58 88
0 74 60 58 88
0 75 60 58 88
0 74 60 58 88
0 72 60 58 88
0 74 60 58 88
0 75 60 58 88
0 77 60 58 88
0 79 60 58 88
0 81 60 58 88
0 82 60 58 88
0 65 60 58 88
0 67 60 58 88
0 68 60 58 88
0 70 60 58 88
0 72 60 58 88
0 74 60 58 88
0 76 60 58 88
0 77 60 58 88
0 75 60 58 88
0 74 60 58 88
0 75 60 58 88
0 77 60 58 88
0 79 60 58 88
0 81 60 58 88
0 83 60 58 88
0 84 120 116 88
0 83 60 58 88
0 81 60 58 88
0 79 60 58 88
0 77 60 58 88
0 75 60 58 88
0 74 60 58 88
0 72 120 116 88
0 75 120 116 88
0 74 120 116 88
0 72 120 116 88
0 70 120 116 88
0 69 120 116 88
0 70 120 116 88
0 72 120 116 88
0 66 120 116 88
0 67 120 116 88
0 69 120 116 88
0 66 120 116 88
0 67 120 116 88
0 74 60 58 88
0 72 60 58 88
0 74 360 116 88
0 76 60 58 88
0 74 60 58 88
0 76 360 116 88
0 78 60 58 88
0 76 60 58 88
0 78 360 116 88
0 67 60 58 88
0 65 60 58 88
0 67 360 116 88
0 69 60 58 88
0 67 60 58 88
0 69 360 116 88
0 71 60 58 88
0 69 60 58 88
0 71 360 116 88
0 72 60 58 88
0 71 60 58 88
0 72 120 116 88
0 67 120 116 88
0 68 120 116 88
0 72 60 58 88
0 71 60 58 88
0 72 120 116 88
0 74 120 116 88
0 67 120 116 88
0 72 60 58 88
0 71 60 58 88
0 72 120 116 88
0 74 120 116 88
0 65 60 58 88
0 67 60 58 88
0 68 240 234 88
0 67 60 58 88
0 65 60 58 88
0 63 120 116 88
0 72 60 58 88
0 71 60 58 88
0 72 120 116 88
0 67 120 116 88
0 68 360 234 88
0 69 120 116 88
0 70 120 101 88
0 70 60 58 88
0 69 60 58 88
0 70 120 116 88
0 65 120 116 88
0 67 360 234 88
0 67 240 236 88
0 68 60 58 88
0 70 60 58 88
0 72 60 58 88
0 71 60 58 88
0 72 60 58 88
0 68 60 58 88
0 65 600 596 88
0 74 60 58 88
0 72 60 58 88
0 74 120 116 88
0 65 120 116 88
0 63 120 116 88
0 75 60 58 88
0 74 60 58 88
0 75 120 116 88
0 67 120 116 88
0 65 120 116 88
0 77 60 58 88
0 75 60 58 88
0 77 120 116 88
0 68 120 116 88
0 67 60 58 88
0 77 60 58 88
0 75 60 58 88
0 74 60 58 88
0 72 60 58 88
0 71 60 58 88
0 69 60 58 88
0 67 60 58 88
0 72 120 116 88
0 77 120 116 88
0 75 120 116 88
0 74 240 116 88
0 68 120 116 88
0 67 120 116 88
0 65 120 116 88
0 67 120 116 88
0 65 60 58 88
0 63 60 58 88
0 65 120 116 88
0 62 120 116 88
0 68 120 116 88
0 67 240 116 88
0 69 120 116 88
0 71 120 116 88
0 72 120 116 88
0 65 60 58 88
0 63 60 58 88
0 62 60 58 88
0 60 60 41 88
0 60 120 116 88
0 72 60 58 88
0 71 60 58 88
0 72 120 116 88
0 67 120 116 88
0 68 120 116 88
0 72 60 58 88
0 71 60 58 88
0 72 120 116 88
0 68 0 116 88
0 71 0 116 88
0 74 120 116 88
0 67 120 116 88
0 72 60 58 88
0 71 60 58 88
0 72 120 116 88
0 74 120 116 88
0 65 60 58 88
0 67 60 58 88
0 68 240 234 88
0 67 60 58 88
0 65 60 58 88
1 0 120 0 0
1 72 60 58 88
1 71 60 58 88
1 72 120 116 88
1 67 120 116 88
1 68 120 116 88
1 72 60 58 88
1 71 60 58 88
1 72 120 116 88
1 74 120 116 88
1 67 120 116 88
1 72 60 58 88
1 71 60 58 88
1 72 120 116 88
1 74 120 116 88
1 65 60 58 88
1 67 60 58 88
1 68 240 234 88
1 67 60 58 88
1 65 60 58 88
1 63 60 58 88
1 72 60 58 88
1 71 60 58 88
1 69 60 58 88
1 67 60 58 88
1 65 60 58 88
1 63 60 58 88
1 62 60 58 88
1 60 120 116 88
1 75 120 116 88
1 74 120 116 88
1 72 120 116 88
1 70 120 116 88
1 69 120 116 88
1 70 120 116 88
1 72 120 116 88
1 66 120 116 88
1 67 120 116 88
1 69 120 116 88
1 66 120 116 88
1 67 300 234 88
1 60 60 58 88
1 62 60 58 88
1 63 60 58 88
1 65 60 58 88
1 67 60 58 88
1 68 180 175 88
1 62 60 58 88
1 63 60 58 88
1 65 60 58 88
1 67 60 58 88
1 69 60 58 88
1 70 180 175 88
1 63 60 58 88
1 65 60 58 88
1 67 60 58 88
1 68 60 58 88
1 67 60 58 88
1 65 60 58 88
1 63 60 58 88
1 62 120 116 88
1 72 60 58 88
1 71 60 58 88
1 72 600 234 88
1 77 120 116 88
1 75 120 116 88
1 74 240 116 88
1 68 120 116 88
1 67 120 116 88
1 65 120 116 88
1 67 120 116 88
1 65 60 58 88
1 63 60 58 88
1 65 120 116 88
1 62 120 116 88
1 67 360 234 88
1 71 120 116 88
1 72 120 101 88
1 72 60 58 88
1 71 60 58 88
1 72 120 116 88
1 67 120 116 88
1 68 360 234 88
1 69 120 116 88
1 70 120 101 88
1 70 60 58 88
1 69 60 58 88
1 70 120 116 88
1 65 120 116 88
1 67 360 234 88
1 67 120 116 88
1 68 120 101 88
1 68 120 116 88
1 67 120 116 88
1 65 240 116 88
1 56 120 116 88
1 58 120 116 88
1 60 240 116 88
1 56 60 58 88
1 55 60 58 88
1 56 120 116 88
1 53 120 116 88
1 58 120 116 88
1 60 120 116 88
1 58 120 116 88
1 56 120 116 88
1 58 120 116 88
1 55 120 116 88
1 53 120 116 88
1 51 120 116 88
1 53 120 116 88
1 61 120 116 88
1 60 120 116 88
1 58 120 116 88
1 60 120 116 88
1 56 120 116 88
1 55 120 116 88
1 53 120 116 88
1 55 120 116 88
1 67 60 58 88
1 66 60 58 88
1 67 120 116 88
1 60 120 116 88
1 63 120 116 88
1 67 60 58 88
1 66 60 58 88
1 67 120 116 88
1 69 120 116 88
1 62 120 116 88
1 67 60 58 88
1 66 60 58 88
1 67 120 116 88
1 69 120 116 88
1 60 60 58 88
1 62 60 58 88
1 63 240 234 88
1 62 60 58 88
1 60 60 58 88
1 58 300 116 88
1 62 60 58 88
1 64 60 58 88
1 66 60 58 88
1 67 60 58 88
1 69 60 58 88
1 70 180 175 88
1 64 60 58 88
1 65 60 58 88
1 67 60 58 88
1 69 60 58 88
1 70 60 58 88
1 72 180 175 88
1 66 60 58 88
1 67 60 58 88
1 69 60 58 88
1 70 120 116 88
1 63 60 58 88
1 62 60 58 88
1 63 120 116 88
1 55 120 116 88
1 56 120 116 88
1 65 60 58 88
1 63 60 58 88
1 65 120 116 88
1 57 120 116 88
1 58 120 116 88
1 67 60 58 88
1 65 60 58 88
1 67 120 116 88
1 59 120 116 88
1 60 60 58 88
1 65 60 58 88
1 63 60 58 88
1 62 60 58 88
1 60 60 58 88
1 58 60 58 88
1 56 60 58 88
1 55 60 58 88
1 53 120 116 88
1 68 120 116 88
1 67 120 116 88
1 65 120 116 88
1 63 120 116 88
1 62 120 116 88
1 63 120 116 88
1 65 120 116 88
1 59 120 116 88
1 60 120 116 88
1 62 120 116 88
1 59 120 116 88
1 60 360 234 88
1 64 120 116 88
1 65 120 101 88
1 65 60 58 88
1 64 60 58 88
1 65 120 116 88
1 60 120 116 88
1 62 360 234 88
1 62 120 116 88
1 63 120 101 88
1 63 60 58 88
1 62 60 58 88
1 63 120 116 88
1 58 120 116 88
1 60 600 590 88
1 62 60 58 88
1 63 60 58 88
1 65 60 58 88
1 63 60 58 88
1 65 60 58 88
1 62 60 58 88
1 59 360 116 88
1 59 120 116 88
1 60 360 116 88
1 63 120 116 88
1 62 360 116 88
1 65 480 234 88
1 65 120 116 88
1 63 120 116 88
1 68 120 116 88
1 67 120 116 88
1 65 120 116 88
1 63 120 116 88
1 62 120 116 88
1 63 120 116 88
1 65 120 116 88
1 59 120 116 88
1 60 120 116 88
1 62 120 116 88
1 59 120 101 88
1 59 120 116 88
1 60 240 116 88
1 60 120 116 88
1 65 60 58 88
1 62 60 58 88
1 63 60 58 88
1 60 180 175 88
1 59 120 116 88
1 60 360 234 88
1 64 120 116 88
1 65 360 234 88
1 65 120 101 88
1 65 120 116 88
1 63 60 58 88
1 62 60 58 88
1 63 120 116 88
1 65 0 116 88
1 68 120 116 88
1 59 0 116 88
1 62 240 116 88
1 59 0 116 88
1 62 240 116 88
1 55 0 470 88
2 0 5880 0 0
2 60 60 58 88
2 59 60 58 88
2 60 120 116 88
2 55 120 116 88
2 56 120 116 88
2 60 60 58 88
2 59 60 58 88
2 60 120 116 88
2 62 120 116 88
2 55 120 116 88
2 60 60 58 88
2 59 60 58 88
2 60 120 116 88
2 62 120 116 88
2 53 60 58 88
2 55 60 58 88
2 56 240 234 88
2 55 60 58 88
2 53 60 58 88
2 51 60 58 88
2 60 60 58 88
2 59 60 58 88
2 57 60 58 88
2 55 60 58 88
2 53 60 58 88
2 51 60 58 88
2 50 60 58 88
2 48 60 58 88
2 50 60 58 88
2 51 60 58 88
2 50 60 58 88
2 48 60 58 88
2 46 60 58 88
2 44 60 58 88
2 43 60 58 88
2 41 60 58 88
2 58 60 58 88
2 56 60 58 88
2 55 60 58 88
2 53 60 58 88
2 51 60 58 88
2 50 60 58 88
2 48 60 58 88
2 46 60 58 88
2 48 60 58 88
2 50 60 58 88
2 48 60 58 88
2 46 60 58 88
2 44 60 58 88
2 43 60 58 88
2 41 60 58 88
2 39 60 58 88
2 56 60 58 88
2 55 60 58 88
2 53 60 58 88
2 51 60 58 88
2 49 60 58 88
2 48 60 58 88
2 46 60 58 88
2 44 120 116 88
2 60 120 116 88
2 58 120 116 88
2 56 120 116 88
2 55 120 116 88
2 53 120 116 88
2 55 120 116 88
2 56 120 116 88
2 50 120 116 88
2 51 120 116 88
2 53 120 116 88
2 50 120 116 88
2 51 120 116 88
2 56 120 116 88
2 55 120 116 88
2 53 120 116 88
2 55 120 116 88
2 51 120 116 88
2 50 120 116 88
2 48 120 116 88
2 50 120 116 88
2 58 120 116 88
2 56 120 116 88
2 55 120 116 88
2 56 120 116 88
2 53 120 116 88
2 51 120 116 88
2 50 120 116 88
2 51 600 116 88
2 48 120 116 88
2 46 120 116 88
2 45 240 116 88
2 51 120 116 88
2 50 120 116 88
2 48 120 116 88
2 50 120 116 88
2 48 60 58 88
2 46 60 58 88
2 48 120 116 88
2 50 120 116 88
2 43 120 116 88
2 58 60 58 88
2 57 60 58 88
2 58 120 116 88
2 50 120 116 88
2 51 120 116 88
2 60 60 58 88
2 58 60 58 88
2 60 120 116 88
2 52 120 116 88
2 53 120 116 88
2 62 60 58 88
2 60 60 58 88
2 62 120 116 88
2 54 120 116 88
2 55 300 234 88
2 43 60 58 88
2 45 60 58 88
2 47 60 58 88
2 48 60 58 88
2 50 60 58 88
2 51 180 175 88
2 45 60 58 88
2 46 60 58 88
2 48 60 58 88
2 50 60 58 88
2 51 60 58 88
2 53 180 175 88
2 47 60 58 88
2 48 60 58 88
2 50 60 58 88
2 51 360 116 88
2 52 120 116 88
2 53 120 116 88
2 41 120 116 88
2 39 120 116 88
2 38 240 116 88
2 44 120 116 88
2 43 120 116 88
2 41 120 116 88
2 43 120 116 88
2 41 60 58 88
2 39 60 58 88
2 41 120 116 88
2 43 120 116 88
2 48 60 58 88
2 50 60 58 88
2 51 60 58 88
2 50 60 58 88
2 48 60 58 88
2 46 60 58 88
2 44 60 58 88
2 43 60 58 88
2 41 60 58 88
2 58 60 58 88
2 56 60 58 88
2 55 60 58 88
2 53 60 58 88
2 51 60 58 88
2 50 60 58 88
2 48 60 58 88
2 46 60 58 88
2 48 60 58 88
2 50 60 58 88
2 48 60 58 88
2 46 60 58 88
2 44 60 58 88
2 43 60 58 88
2 41 60 58 88
2 39 60 58 88
2 56 60 58 88
2 55 60 58 88
2 53 60 58 88
2 51 60 58 88
2 50 60 58 88
2 48 60 58 88
2 46 60 58 88
2 44 60 58 88
2 46 60 58 88
2 48 60 58 88
2 46 60 58 88
2 44 60 58 88
2 43 60 58 88
2 41 60 58 88
2 39 60 58 88
2 38 60 58 88
2 55 60 58 88
2 53 60 58 88
2 51 60 58 88
2 50 60 58 88
2 48 60 58 88
2 47 60 58 88
2 45 60 58 88
2 43 540 234 88
2 43 60 58 88
2 45 60 58 88
2 47 60 58 88
2 48 60 58 88
2 50 60 58 88
2 51 60 58 88
2 53 60 58 88
2 55 60 58 88
2 53 60 58 88
2 56 60 58 88
2 55 60 58 88
2 53 60 58 88
2 51 60 58 88
2 50 60 58 88
2 48 60 58 88
2 47 120 116 88
2 48 60 58 88
2 47 60 58 88
2 48 120 116 88
2 43 120 116 88
2 44 120 116 88
2 48 60 58 88
2 47 60 58 88
2 48 120 116 88
2 50 120 116 88
2 43 120 116 88
2 48 60 58 88
2 47 60 58 88
2 48 120 116 88
2 50 120 116 88
2 41 60 58 88
2 43 60 58 88
2 44 240 234 88
2 43 60 58 88
2 41 60 58 88
2 39 360 234 88
2 51 120 116 88
2 50 120 116 88
2 48 120 116 88
2 55 120 116 88
2 43 120 116 88
2 36 0 2385 88
