0 0 1560 0 0
0 67 120 116 88
0 70 120 116 88
0 62 120 116 88
0 62 15 15 88
0 61 23 22 88
0 62 22 21 88
0 61 23 22 88
0 62 15 14 88
0 61 142 138 88
0 62 360 234 88
0 64 60 58 88
0 65 60 58 88
0 67 120 116 88
0 65 60 58 88
0 64 60 58 88
0 65 120 116 88
0 67 60 58 88
0 69 60 58 88
0 70 120 116 88
0 69 60 58 88
0 67 60 58 88
0 69 120 116 88
0 70 60 58 88
0 72 60 58 88
0 74 120 116 88
0 72 60 58 88
0 70 60 58 88
0 72 240 234 88
0 70 240 234 88
0 69 120 116 88
0 74 60 58 88
0 72 60 58 88
0 70 120 116 88
0 72 60 58 88
0 74 60 58 88
0 75 120 116 88
0 72 120 116 88
0 69 120 116 88
0 78 120 116 88
0 79 600 234 88
0 64 120 116 88
0 69 120 116 88
0 65 120 116 88
0 62 240 234 88
0 61 120 116 88
0 64 240 236 88
0 62 120 116 88
0 67 300 294 88
0 66 60 58 88
0 67 60 58 88
0 69 60 58 88
0 70 480 474 88
0 69 300 294 88
0 62 60 58 88
0 64 60 58 88
0 66 60 58 88
0 67 360 356 88
0 66 60 58 88
0 67 60 58 88
0 69 120 116 88
0 67 60 58 88
0 66 60 58 88
0 67 360 353 88
0 72 120 116 88
0 65 120 116 88
0 67 60 58 88
0 69 60 58 88
0 70 480 465 88
0 70 38 36 88
0 69 22 21 88
0 70 23 22 88
0 69 22 21 88
0 70 23 22 88
0 69 22 21 88
0 70 23 22 88
0 69 22 21 88
0 67 23 22 88
0 69 22 21 88
0 70 3000 234 88
0 72 120 116 88
0 74 120 116 88
0 65 120 105 88
0 65 15 15 88
0 64 23 22 88
0 65 22 21 88
0 64 15 15 88
0 65 15 15 88
0 64 15 15 88
0 65 15 15 88
0 64 120 116 88
0 65 360 234 88
0 67 60 58 88
0 69 60 58 88
0 70 120 116 88
0 69 60 58 88
0 67 60 58 88
0 69 120 116 88
0 70 60 58 88
0 72 60 58 88
0 74 120 116 88
0 72 60 58 88
0 70 60 58 88
0 72 120 116 88
0 74 60 58 88
0 72 60 58 88
0 70 120 116 88
0 72 60 58 88
0 74 60 58 88
0 75 120 116 88
0 77 60 58 88
0 75 60 58 88
0 74 120 116 88
0 75 60 58 88
0 77 60 58 88
0 79 120 116 88
0 75 120 116 88
0 72 120 116 88
0 81 120 116 88
0 82 600 116 88
0 79 60 58 88
0 80 60 58 88
0 82 120 116 88
0 80 60 58 88
0 79 60 58 88
0 80 120 105 88
0 80 60 58 88
0 79 60 58 88
0 77 120 116 88
0 79 60 58 88
0 80 60 58 88
0 74 120 116 88
0 79 240 234 88
0 77 60 58 88
0 75 60 58 88
0 74 360 353 88
0 72 60 58 88
0 71 60 58 88
0 72 240 234 88
0 71 120 116 88
0 74 120 116 88
0 67 120 116 88
0 79 120 116 88
0 80 120 116 88
0 72 120 116 88
0 72 15 15 88
0 71 23 22 88
0 72 22 21 88
0 71 15 15 88
0 72 15 15 88
0 71 15 15 88
0 72 15 15 88
0 71 120 116 88
0 72 360 234 88
0 74 60 58 88
0 75 60 58 88
0 77 120 116 88
0 75 60 58 88
0 74 60 58 88
0 75 60 58 88
0 74 60 58 88
0 75 60 58 88
0 77 60 58 88
0 79 360 116 88
0 74 60 58 88
0 72 60 58 88
0 70 120 116 88
0 72 60 58 88
0 74 60 58 88
0 75 60 58 88
0 74 60 58 88
0 72 60 58 88
0 70 60 58 88
0 69 120 116 88
0 78 120 116 88
0 79 300 116 88
0 74 60 58 88
0 72 60 58 88
0 70 60 58 88
0 69 300 294 88
0 70 60 58 88
0 72 60 58 88
0 74 60 58 88
0 67 300 294 88
0 70 60 58 88
0 68 60 58 88
0 67 60 58 88
0 65 300 294 88
0 67 60 58 88
0 68 60 58 88
0 70 60 58 88
0 63 300 294 88
0 67 60 58 88
0 65 60 58 88
0 63 60 58 88
0 62 300 285 88
0 62 60 58 88
0 64 60 58 88
0 66 60 58 88
0 67 300 294 88
0 70 60 58 88
0 69 60 58 88
0 67 60 58 88
0 66 120 116 88
0 74 120 116 88
0 75 120 116 88
0 67 120 105 88
0 67 15 15 88
0 66 23 22 88
0 67 22 21 88
0 66 15 15 88
0 67 15 15 88
0 66 15 15 88
0 67 15 15 88
0 66 120 116 88
0 67 360 234 88
0 69 60 58 88
0 70 60 58 88
0 72 120 116 88
0 70 60 58 88
0 69 60 58 88
0 74 1080 116 88
0 74 60 58 88
0 75 60 58 88
0 77 120 116 88
0 75 60 58 88
0 74 60 58 88
0 75 300 294 88
0 74 60 58 88
0 72 60 58 88
0 70 60 58 88
0 69 360 234 88
0 75 60 58 88
0 74 60 58 88
0 72 120 116 88
0 74 60 58 88
0 75 60 58 88
0 74 120 116 88
0 76 60 58 88
0 78 60 58 88
0 79 120 116 88
0 78 60 58 88
0 79 60 58 88
0 81 360 356 88
0 74 120 116 88
0 79 120 116 88
0 77 120 116 88
0 75 120 116 88
0 74 120 116 88
0 72 120 116 88
0 70 120 116 88
0 69 480 470 88
1 0 120 0 0
1 62 120 116 88
1 63 120 116 88
1 55 120 105 88
1 55 15 15 88
1 54 23 22 88
1 55 22 21 88
1 54 23 22 88
1 55 15 14 88
1 54 142 138 88
1 55 360 234 88
1 57 60 58 88
1 58 60 58 88
1 60 120 116 88
1 58 60 58 88
1 57 60 58 88
1 58 240 234 88
1 55 360 234 88
1 57 60 58 88
1 55 60 58 88
1 53 120 116 88
1 55 60 58 88
1 57 60 58 88
1 58 120 116 88
1 55 120 116 88
1 52 120 116 88
1 61 120 116 88
1 62 360 353 88
1 64 120 116 88
1 65 120 116 88
1 64 120 116 88
1 65 120 116 88
1 67 120 116 88
1 69 120 116 88
1 67 60 58 88
1 66 60 58 88
1 67 120 116 88
1 61 120 116 88
1 62 120 116 88
1 69 240 234 88
1 67 60 58 88
1 66 60 58 88
1 67 240 234 88
1 66 120 116 88
1 69 120 116 88
1 74 5400 234 88
1 65 120 116 88
1 67 120 116 88
1 58 120 105 88
1 58 15 15 88
1 57 23 22 88
1 58 22 21 88
1 57 15 15 88
1 58 15 15 88
1 57 15 15 88
1 58 15 15 88
1 57 120 116 88
1 58 360 234 88
1 60 60 58 88
1 62 60 58 88
1 63 120 116 88
1 62 60 58 88
1 60 60 58 88
1 62 60 58 88
1 64 60 58 88
1 62 60 58 88
1 64 60 58 88
1 65 120 116 88
1 64 60 58 88
1 62 60 58 88
1 67 360 353 88
1 65 60 58 88
1 64 60 58 88
1 65 240 234 88
1 64 120 116 88
1 70 240 236 88
1 69 240 234 88
1 67 60 58 88
1 69 60 58 88
1 70 120 116 88
1 69 60 58 88
1 67 60 58 88
1 69 360 356 88
1 67 60 58 88
1 65 60 58 88
1 64 120 116 88
1 60 240 234 88
1 62 60 58 88
1 63 60 58 88
1 65 180 175 88
1 67 60 58 88
1 69 240 234 88
1 67 360 234 88
1 72 120 116 88
1 74 120 116 88
1 65 120 116 88
1 63 240 234 88
1 65 360 234 88
1 65 60 58 88
1 67 60 58 88
1 68 120 116 88
1 67 60 58 88
1 65 60 58 88
1 67 600 116 88
1 77 60 58 88
1 75 60 58 88
1 74 120 116 88
1 75 60 58 88
1 77 60 58 88
1 71 120 116 88
1 75 60 58 88
1 74 60 58 88
1 72 120 116 88
1 74 60 58 88
1 75 60 58 88
1 65 120 116 88
1 67 60 58 88
1 65 60 58 88
1 63 120 116 88
1 65 60 58 88
1 67 60 58 88
1 68 120 116 88
1 65 120 116 88
1 62 120 116 88
1 71 120 116 88
1 72 360 234 88
1 63 120 116 88
1 62 120 116 88
1 63 60 58 88
1 65 60 58 88
1 67 120 116 88
1 69 60 58 88
1 71 60 58 88
1 72 120 116 88
1 71 60 58 88
1 72 60 58 88
1 74 120 116 88
1 67 240 236 88
1 72 60 58 88
1 74 60 58 88
1 75 120 116 88
1 67 120 116 88
1 66 240 234 88
1 67 360 356 88
1 69 60 58 88
1 70 60 58 88
1 72 120 116 88
1 70 60 58 88
1 69 60 58 88
1 70 60 58 88
1 62 60 58 88
1 64 60 58 88
1 66 60 58 88
1 67 300 285 88
1 67 60 58 88
1 65 60 58 88
1 63 60 58 88
1 62 300 294 88
1 58 60 58 88
1 60 60 58 88
1 62 60 58 88
1 63 300 285 88
1 63 60 58 88
1 62 60 58 88
1 60 60 58 88
1 58 300 294 88
1 55 60 58 88
1 57 60 58 88
1 59 60 58 88
1 60 300 285 88
1 60 60 58 88
1 58 60 58 88
1 57 60 58 88
1 55 300 285 88
1 55 60 58 88
1 57 60 58 88
1 58 60 58 88
1 60 120 116 88
1 61 120 116 88
1 62 600 234 88
1 74 60 58 88
1 72 60 58 88
1 70 120 116 88
1 72 60 58 88
1 74 60 58 88
1 75 120 116 88
1 74 120 116 88
1 72 120 116 88
1 75 120 116 88
1 69 600 116 88
1 66 60 58 88
1 67 60 58 88
1 69 120 116 88
1 67 60 58 88
1 66 60 58 88
1 67 1080 950 88
1 74 120 116 88
1 75 120 116 88
1 67 120 116 88
1 67 15 15 88
1 66 23 22 88
1 67 22 21 88
1 66 15 15 88
1 67 15 15 88
1 66 15 15 88
1 67 15 15 88
1 66 120 116 88
1 67 360 234 88
1 69 60 58 88
1 70 60 58 88
1 72 120 116 88
1 70 60 58 88
1 69 60 58 88
1 70 360 353 88
1 67 0 116 88
1 71 120 116 88
1 69 0 116 88
1 72 240 116 88
1 62 0 116 88
1 67 240 116 88
1 63 0 234 88
1 67 240 234 88
1 62 0 225 88
1 66 240 234 88
2 0 5400 0 0
2 55 120 116 88
2 58 120 116 88
2 50 120 116 88
2 50 15 15 88
2 49 23 22 88
2 50 22 21 88
2 49 15 15 88
2 50 15 15 88
2 49 15 15 88
2 50 15 15 88
2 49 120 116 88
2 50 360 234 88
2 52 60 58 88
2 53 60 58 88
2 55 120 116 88
2 53 60 58 88
2 52 60 58 88
2 53 120 116 88
2 55 60 58 88
2 57 60 58 88
2 58 120 116 88
2 57 60 58 88
2 55 60 58 88
2 57 120 116 88
2 58 60 58 88
2 60 60 58 88
2 62 120 116 88
2 60 60 58 88
2 58 60 58 88
2 60 720 708 88
2 58 120 116 88
2 63 120 116 88
2 57 60 58 88
2 58 60 58 88
2 57 60 58 88
2 58 60 58 88
2 60 120 116 88
2 58 60 58 88
2 57 60 58 88
2 58 120 116 88
2 60 60 58 88
2 62 60 58 88
2 63 480 474 88
2 62 240 234 88
2 60 480 470 88
2 62 600 234 88
2 53 60 58 88
2 51 60 58 88
2 50 120 116 88
2 51 60 58 88
2 53 60 58 88
2 55 120 116 88
2 51 120 116 88
2 48 120 116 88
2 57 120 116 88
2 58 600 596 88
2 60 60 58 88
2 58 60 58 88
2 57 120 116 88
2 58 60 58 88
2 60 60 58 88
2 62 120 116 88
2 58 120 116 88
2 55 120 116 88
2 64 120 116 88
2 65 180 175 88
2 63 60 58 88
2 62 240 234 88
2 60 360 353 88
2 62 60 58 88
2 60 60 58 88
2 58 480 470 88
2 57 300 234 88
2 58 60 58 88
2 60 60 58 88
2 62 60 58 88
2 63 120 116 88
2 65 60 58 88
2 63 60 58 88
2 62 120 116 88
2 55 240 234 88
2 53 120 116 88
2 58 120 116 88
2 56 120 116 88
2 55 240 234 88
2 57 120 116 88
2 60 120 116 88
2 53 9720 116 88
2 62 120 116 88
2 63 120 116 88
2 55 120 116 88
2 55 15 15 88
2 54 23 22 88
2 55 22 21 88
2 54 15 15 88
2 55 15 15 88
2 54 15 15 88
2 55 15 15 88
2 54 120 116 88
2 55 360 234 88
2 57 60 58 88
2 58 60 58 88
2 60 120 116 88
2 58 60 58 88
2 57 60 58 88
2 58 600 590 88
2 59 60 58 88
2 57 60 58 88
2 55 120 116 88
2 57 60 58 88
2 59 60 58 88
2 60 2040 234 88
2 62 120 116 88
2 63 120 116 88
2 55 120 105 88
2 55 15 15 88
2 54 23 22 88
2 55 22 21 88
2 54 15 15 88
2 55 15 15 88
2 54 15 15 88
2 55 15 15 88
2 54 120 116 88
2 55 360 234 88
2 57 60 58 88
2 58 60 58 88
2 60 120 116 88
2 58 60 58 88
2 57 60 58 88
3 0 3960 0 0
3 50 120 116 88
3 51 120 116 88
3 43 120 105 88
3 43 15 15 88
3 42 23 22 88
3 43 22 21 88
3 42 15 15 88
3 43 15 15 88
3 42 15 15 88
3 43 15 15 88
3 42 120 116 88
3 43 360 234 88
3 45 60 58 88
3 46 60 58 88
3 48 120 116 88
3 46 60 58 88
3 45 60 58 88
3 46 240 234 88
3 43 360 234 88
3 45 60 58 88
3 43 60 58 88
3 41 120 116 88
3 43 60 58 88
3 45 60 58 88
3 46 120 116 88
3 43 120 116 88
3 40 120 116 88
3 49 120 116 88
3 50 960 945 88
3 52 120 116 88
3 57 60 58 88
3 55 60 58 88
3 54 120 116 88
3 55 60 58 88
3 57 60 58 88
3 46 120 116 88
3 48 60 58 88
3 50 60 58 88
3 51 120 116 88
3 50 60 58 88
3 48 60 58 88
3 50 480 470 88
3 43 360 353 88
3 45 120 116 88
3 46 120 116 88
3 53 120 116 88
3 55 120 116 88
3 50 120 116 88
3 51 120 116 88
3 50 60 58 88
3 51 60 58 88
3 53 120 116 88
3 41 120 116 88
3 46 1560 234 88
3 46 120 116 88
3 50 120 116 88
3 41 120 116 88
3 41 15 15 88
3 40 23 22 88
3 41 22 21 88
3 40 15 15 88
3 41 15 15 88
3 40 15 15 88
3 41 15 15 88
3 40 120 116 88
3 41 360 234 88
3 43 60 58 88
3 45 60 58 88
3 46 120 116 88
3 45 60 58 88
3 43 60 58 88
3 45 240 234 88
3 46 360 234 88
3 48 60 58 88
3 46 60 58 88
3 45 120 116 88
3 46 60 58 88
3 48 60 58 88
3 50 120 116 88
3 46 120 116 88
3 43 120 116 88
3 52 120 116 88
3 53 600 585 88
3 53 120 116 88
3 55 120 116 88
3 46 120 105 88
3 46 15 15 88
3 45 23 22 88
3 46 22 21 88
3 45 15 15 88
3 46 15 15 88
3 45 15 15 88
3 46 15 15 88
3 45 120 116 88
3 46 360 234 88
3 48 60 58 88
3 50 60 58 88
3 51 120 116 88
3 50 60 58 88
3 48 60 58 88
3 50 120 116 88
3 48 60 58 88
3 46 60 58 88
3 48 120 116 88
3 50 120 116 88
3 51 120 116 88
3 50 60 58 88
3 48 60 58 88
3 50 120 116 88
3 52 120 116 88
3 53 120 116 88
3 41 60 58 88
3 43 60 58 88
3 44 120 116 88
3 43 60 58 88
3 41 60 58 88
3 43 120 116 88
3 55 120 116 88
3 56 120 116 88
3 48 120 105 88
3 48 15 15 88
3 47 23 22 88
3 48 22 21 88
3 47 15 15 88
3 48 15 15 88
3 47 15 15 88
3 48 15 15 88
3 47 120 116 88
3 48 360 234 88
3 50 60 58 88
3 51 60 58 88
3 53 120 116 88
3 51 60 58 88
3 50 60 58 88
3 51 120 116 88
3 52 120 116 88
3 53 120 116 88
3 54 120 116 88
3 55 60 58 88
3 56 60 58 88
3 55 60 58 88
3 53 60 58 88
3 51 120 116 88
3 53 60 58 88
3 55 60 58 88
3 56 120 116 88
3 53 120 116 88
3 50 120 116 88
3 59 120 116 88
3 60 300 294 88
3 62 60 58 88
3 60 60 58 88
3 58 60 58 88
3 57 60 58 88
3 50 60 58 88
3 48 60 58 88
3 50 60 58 88
3 51 60 58 88
3 50 60 58 88
3 48 60 58 88
3 46 60 58 88
3 45 120 116 88
3 48 120 116 88
3 50 120 116 88
3 38 120 116 88
3 43 120 116 88
3 55 60 58 88
3 57 60 58 88
3 58 120 116 88
3 57 60 58 88
3 55 60 58 88
3 62 120 116 88
3 50 60 58 88
3 51 60 58 88
3 53 120 116 88
3 51 60 58 88
3 50 60 58 88
3 39 120 116 88
3 51 60 58 88
3 53 60 58 88
3 55 120 116 88
3 53 60 58 88
3 51 60 58 88
3 58 120 116 88
3 46 60 58 88
3 48 60 58 88
3 50 120 116 88
3 48 60 58 88
3 46 60 58 88
3 36 120 116 88
3 48 60 58 88
3 50 60 58 88
3 51 120 116 88
3 50 60 58 88
3 48 60 58 88
3 55 120 116 88
3 43 60 58 88
3 45 60 58 88
3 46 120 116 88
3 45 60 58 88
3 43 60 58 88
3 53 30 29 88
3 51 23 22 88
3 53 22 21 88
3 51 23 22 88
3 53 22 21 88
3 51 23 22 88
3 53 22 21 88
3 51 23 22 88
3 53 22 21 88
3 51 23 22 88
3 53 22 21 88
3 51 23 22 88
3 53 22 21 88
3 51 23 22 88
3 53 22 21 88
3 51 23 22 88
3 53 22 21 88
3 51 15 15 88
3 53 15 15 88
3 51 15 15 88
3 53 15 15 88
3 51 30 29 88
3 50 1080 234 88
3 50 120 116 88
3 51 120 116 88
3 43 120 105 88
3 43 15 15 88
3 42 23 22 88
3 43 22 21 88
3 42 15 15 88
3 43 15 15 88
3 42 15 15 88
3 43 15 15 88
3 42 120 116 88
3 45 240 234 88
3 38 120 116 88
3 50 60 58 88
3 48 60 58 88
3 46 120 116 88
3 48 60 58 88
3 50 60 58 88
3 51 600 585 88
3 51 60 58 88
3 50 60 58 88
3 48 120 116 88
3 50 60 58 88
3 51 60 58 88
3 42 120 116 88
3 45 60 58 88
3 43 60 58 88
3 42 120 116 88
3 43 60 58 88
3 45 60 58 88
3 38 120 116 88
3 50 60 58 88
3 48 60 58 88
3 46 120 116 88
3 48 60 58 88
3 50 60 58 88
3 51 120 116 88
3 48 120 116 88
3 45 120 116 88
3 54 120 116 88
3 55 120 116 88
3 53 120 116 88
3 51 120 116 88
3 50 120 116 88
3 48 120 116 88
3 46 120 116 88
3 45 120 116 88
3 43 120 116 88
3 48 120 116 88
3 45 120 116 88
3 50 120 116 88
3 38 120 116 88
