0 0 120 0 0
0 65 120 116 88
0 67 120 116 88
0 65 120 116 88
0 70 120 116 88
0 62 120 116 88
0 60 120 116 88
0 69 60 58 88
0 67 60 58 88
0 70 60 58 88
0 69 60 58 88
0 67 60 58 88
0 65 60 58 88
0 72 120 116 88
0 63 120 116 88
0 62 120 116 88
0 70 60 58 88
0 72 60 58 88
0 69 60 58 88
0 70 60 58 88
0 72 60 58 88
0 74 60 58 88
0 75 60 58 88
0 74 60 58 88
0 72 60 58 88
0 75 60 58 88
0 74 60 58 88
0 72 60 58 88
0 70 60 58 88
0 72 60 58 88
0 69 60 58 88
0 70 60 58 88
0 72 60 58 88
0 74 60 58 88
0 75 60 58 88
0 74 60 58 88
0 72 60 58 88
0 75 60 58 88
0 74 180 175 88
0 72 60 58 88
0 70 60 58 88
0 69 60 58 88
0 70 60 58 88
0 72 60 58 88
0 74 120 116 88
0 77 240 236 88
0 70 120 116 88
0 69 120 116 88
0 70 120 116 88
0 76 120 116 88
0 79 240 236 88
0 69 60 58 88
0 70 60 58 88
0 72 120 101 88
0 72 120 101 88
0 72 120 101 88
0 72 120 116 88
0 72 60 58 88
0 70 60 58 88
0 69 60 58 88
0 70 60 58 88
0 72 120 101 88
0 72 120 101 88
0 72 120 101 88
0 72 120 116 88
0 72 540 234 88
0 74 60 58 88
0 70 60 58 88
0 74 60 58 88
0 75 540 116 88
0 75 60 58 88
0 72 60 58 88
0 75 60 58 88
0 77 360 116 88
0 69 60 58 88
0 70 60 58 88
0 72 60 58 88
0 70 60 58 88
0 69 60 58 88
0 72 60 58 88
0 70 360 234 88
0 69 60 58 88
0 70 60 58 88
0 72 60 58 88
0 70 60 58 88
0 69 60 58 88
0 72 60 58 88
0 70 120 101 88
0 70 120 116 88
0 74 120 116 88
0 70 120 116 88
0 77 120 116 88
0 69 120 116 88
0 67 120 116 88
0 76 60 58 88
0 74 60 58 88
0 77 60 58 88
0 76 60 58 88
0 74 60 58 88
0 72 60 58 88
0 79 120 116 88
0 70 120 116 88
0 69 120 116 88
0 77 60 58 88
0 79 60 58 88
0 76 60 58 88
0 77 60 58 88
0 79 60 58 88
0 81 60 58 88
0 82 60 58 88
0 81 60 58 88
0 79 60 58 88
0 82 60 58 88
0 81 60 58 88
0 79 60 58 88
0 77 60 58 88
0 79 60 58 88
0 76 60 58 88
0 77 60 58 88
0 79 60 58 88
0 81 60 58 88
0 82 60 58 88
0 81 60 58 88
0 79 60 58 88
0 82 60 58 88
0 81 60 58 88
0 82 60 58 88
0 81 60 58 88
0 79 60 58 88
0 78 60 58 88
0 79 60 58 88
0 81 60 58 88
0 82 60 58 88
0 84 60 58 88
0 82 60 58 88
0 81 60 58 88
0 84 60 58 88
0 82 60 58 88
0 81 60 58 88
0 79 60 58 88
0 81 60 58 88
0 78 60 58 88
0 79 60 58 88
0 81 60 58 88
0 82 60 58 88
0 84 60 58 88
0 82 60 58 88
0 81 60 58 88
0 84 60 58 88
0 82 60 58 88
0 81 60 58 88
0 79 60 58 88
0 77 60 58 88
0 75 60 58 88
0 77 60 58 88
0 79 60 58 88
0 81 60 58 88
0 82 60 58 88
0 81 60 58 88
0 79 60 58 88
0 82 60 58 88
0 81 60 58 88
0 79 60 58 88
0 77 60 58 88
0 75 60 58 88
0 74 60 58 88
0 75 60 58 88
0 77 60 58 88
0 79 60 58 88
0 81 60 58 88
0 79 60 58 88
0 77 60 58 88
0 81 60 58 88
0 79 60 58 88
0 77 60 58 88
0 75 60 58 88
0 74 60 58 88
0 72 60 58 88
0 74 60 58 88
0 75 60 58 88
0 77 60 58 88
0 79 60 58 88
0 78 60 58 88
0 76 60 58 88
0 79 60 58 88
0 78 60 58 88
0 76 60 58 88
0 74 60 58 88
0 72 60 58 88
0 70 60 58 88
0 69 60 58 88
0 70 60 58 88
0 72 60 58 88
0 74 120 116 88
0 79 240 236 88
0 72 120 116 88
0 70 120 116 88
0 72 120 116 88
0 78 120 116 88
0 81 240 236 88
0 70 60 58 88
0 72 60 58 88
0 74 120 101 88
0 74 120 101 88
0 74 120 101 88
0 74 120 116 88
0 74 60 58 88
0 72 60 58 88
0 70 60 58 88
0 72 60 58 88
0 74 120 101 88
0 74 120 101 88
0 74 120 101 88
0 74 120 116 88
0 74 540 116 88
0 75 60 58 88
0 72 60 58 88
0 75 60 58 88
0 77 540 116 88
0 77 60 58 88
0 74 60 58 88
0 77 60 58 88
0 79 360 116 88
0 71 60 58 88
0 72 60 58 88
0 74 60 58 88
0 72 60 58 88
0 71 60 58 88
0 74 60 58 88
0 72 360 116 88
0 71 60 58 88
0 72 60 58 88
0 74 60 58 88
0 72 60 58 88
0 71 60 58 88
0 74 60 58 88
0 72 120 116 88
0 75 120 116 88
0 74 120 116 88
0 75 120 116 88
0 72 120 116 88
0 81 120 116 88
0 82 120 116 88
0 74 120 116 88
0 72 120 116 88
0 74 120 116 88
0 70 120 116 88
0 79 120 116 88
0 81 120 116 88
0 72 120 116 88
0 70 120 116 88
0 72 120 116 88
0 69 120 116 88
0 78 120 116 88
0 79 60 58 88
0 77 60 58 88
0 76 60 58 88
0 74 60 58 88
0 73 60 58 88
0 74 60 58 88
0 76 60 58 88
0 77 60 58 88
0 79 60 58 88
0 77 60 58 88
0 76 60 58 88
0 79 60 58 88
0 77 60 58 88
0 75 60 58 88
0 74 60 58 88
0 72 60 58 88
0 71 60 58 88
0 72 60 58 88
0 74 60 58 88
0 75 60 58 88
0 77 60 58 88
0 75 60 58 88
0 74 60 58 88
0 77 60 58 88
0 75 60 58 88
0 72 60 58 88
0 71 60 58 88
0 69 60 58 88
0 67 60 58 88
0 65 60 58 88
0 67 60 58 88
0 72 60 58 88
0 75 360 356 88
0 68 120 116 88
0 67 120 116 88
0 68 120 116 88
0 74 120 116 88
0 77 240 236 88
0 70 120 116 88
0 72 120 116 88
0 70 120 116 88
0 75 120 116 88
0 67 120 116 88
0 65 120 116 88
0 74 60 58 88
0 72 60 58 88
0 75 60 58 88
0 74 60 58 88
0 72 60 58 88
0 70 60 58 88
0 77 120 116 88
0 68 120 116 88
0 67 120 116 88
0 75 60 58 88
0 77 60 58 88
0 74 60 58 88
0 75 60 58 88
0 77 60 58 88
0 79 60 58 88
0 80 60 58 88
0 79 60 58 88
0 77 60 58 88
0 80 60 58 88
0 79 60 58 88
0 77 60 58 88
0 75 60 58 88
0 77 60 58 88
0 74 60 58 88
0 75 60 58 88
0 77 60 58 88
0 79 60 58 88
0 80 60 58 88
0 79 60 58 88
0 77 60 58 88
0 80 60 58 88
0 79 180 175 88
0 77 60 58 88
0 75 60 58 88
0 74 60 58 88
0 75 60 58 88
0 77 60 58 88
0 79 120 116 88
0 82 240 236 88
0 75 120 116 88
0 74 120 116 88
0 75 120 116 88
0 81 120 116 88
0 84 240 236 88
0 74 60 58 88
0 75 60 58 88
0 77 120 101 88
0 77 120 101 88
0 77 120 101 88
0 77 120 116 88
0 77 60 58 88
0 75 60 58 88
0 74 60 58 88
0 75 60 58 88
0 77 120 101 88
0 77 120 101 88
0 77 120 101 88
0 77 120 116 88
0 77 360 116 88
0 69 60 58 88
0 70 60 58 88
0 72 60 58 88
0 70 60 58 88
0 69 60 58 88
0 72 60 58 88
0 70 360 116 88
0 69 60 58 88
0 70 60 58 88
0 72 60 58 88
0 70 60 58 88
0 69 60 58 88
0 72 60 58 88
0 70 120 116 88
0 79 120 116 88
0 74 240 234 88
0 72 240 234 88
1 0 3000 0 0
1 58 120 116 88
1 62 120 116 88
1 58 120 116 88
1 65 120 116 88
1 57 120 116 88
1 55 120 116 88
1 64 60 58 88
1 62 60 58 88
1 65 60 58 88
1 64 60 58 88
1 62 60 58 88
1 60 60 58 88
1 67 120 116 88
1 58 120 116 88
1 57 120 116 88
1 65 60 58 88
1 67 60 58 88
1 64 60 58 88
1 65 60 58 88
1 67 60 58 88
1 69 60 58 88
1 70 60 58 88
1 69 60 58 88
1 67 60 58 88
1 70 60 58 88
1 69 60 58 88
1 67 60 58 88
1 65 60 58 88
1 67 60 58 88
1 64 60 58 88
1 65 60 58 88
1 67 60 58 88
1 69 60 58 88
1 70 60 58 88
1 69 60 58 88
1 67 60 58 88
1 70 60 58 88
1 69 180 175 88
1 67 60 58 88
1 65 60 58 88
1 63 60 58 88
1 62 60 58 88
1 63 60 58 88
1 65 120 116 88
1 70 240 236 88
1 63 120 116 88
1 62 120 116 88
1 63 120 116 88
1 69 120 116 88
1 72 240 236 88
1 62 60 58 88
1 63 60 58 88
1 65 120 101 88
1 65 120 101 88
1 65 120 101 88
1 65 120 116 88
1 65 60 58 88
1 63 60 58 88
1 62 60 58 88
1 63 60 58 88
1 65 120 101 88
1 65 120 101 88
1 65 120 101 88
1 65 120 116 88
1 65 540 234 88
1 57 60 58 88
1 53 60 58 88
1 57 60 58 88
1 58 540 116 88
1 58 60 58 88
1 55 60 58 88
1 58 60 58 88
1 60 360 116 88
1 52 60 58 88
1 53 60 58 88
1 55 60 58 88
1 53 60 58 88
1 52 60 58 88
1 55 60 58 88
1 53 360 116 88
1 52 60 58 88
1 53 60 58 88
1 55 60 58 88
1 53 60 58 88
1 52 60 58 88
1 55 60 58 88
1 53 60 58 88
1 57 60 58 88
1 58 60 58 88
1 60 60 58 88
1 62 120 101 88
1 62 120 101 88
1 62 120 101 88
1 62 120 116 88
1 62 60 58 88
1 60 60 58 88
1 58 60 58 88
1 60 60 58 88
1 62 120 101 88
1 62 120 101 88
1 62 120 101 88
1 62 120 116 88
1 62 2280 116 88
1 62 120 116 88
1 63 120 116 88
1 62 120 116 88
1 67 120 116 88
1 58 120 116 88
1 57 120 116 88
1 66 60 58 88
1 64 60 58 88
1 67 60 58 88
1 66 60 58 88
1 64 60 58 88
1 62 60 58 88
1 69 120 116 88
1 60 120 116 88
1 58 120 116 88
1 67 60 58 88
1 69 60 58 88
1 66 60 58 88
1 67 60 58 88
1 69 60 58 88
1 70 60 58 88
1 72 60 58 88
1 70 60 58 88
1 69 60 58 88
1 72 60 58 88
1 70 60 58 88
1 69 60 58 88
1 67 60 58 88
1 69 60 58 88
1 66 60 58 88
1 67 60 58 88
1 69 60 58 88
1 70 60 58 88
1 72 60 58 88
1 70 60 58 88
1 69 60 58 88
1 72 60 58 88
1 70 60 58 88
1 72 60 58 88
1 74 60 58 88
1 75 60 58 88
1 74 60 58 88
1 72 60 58 88
1 70 60 58 88
1 68 60 58 88
1 67 120 116 88
1 72 240 236 88
1 65 120 116 88
1 63 120 116 88
1 65 120 116 88
1 71 120 116 88
1 74 240 236 88
1 63 60 58 88
1 65 60 58 88
1 67 120 101 88
1 67 120 101 88
1 67 120 101 88
1 67 120 116 88
1 67 60 58 88
1 65 60 58 88
1 63 60 58 88
1 65 60 58 88
1 67 120 101 88
1 67 120 101 88
1 67 120 101 88
1 67 120 116 88
1 67 600 116 88
1 75 120 116 88
1 77 600 116 88
1 74 120 116 88
1 75 600 116 88
1 72 120 116 88
1 74 120 116 88
1 58 120 116 88
1 57 120 116 88
1 58 120 116 88
1 55 120 116 88
1 61 120 116 88
1 62 120 116 88
1 56 120 116 88
1 55 120 116 88
1 56 120 116 88
1 53 120 116 88
1 59 120 116 88
1 60 120 101 88
1 60 120 116 88
1 63 120 116 88
1 60 120 116 88
1 67 120 116 88
1 58 120 116 88
1 56 120 116 88
1 62 60 58 88
1 60 60 58 88
1 63 60 58 88
1 62 60 58 88
1 60 60 58 88
1 58 60 58 88
1 65 120 116 88
1 56 120 116 88
1 55 60 58 88
1 58 60 58 88
1 60 60 58 88
1 62 60 58 88
1 63 60 58 88
1 62 60 58 88
1 63 60 58 88
1 65 60 58 88
1 67 120 116 88
1 63 240 236 88
1 56 120 116 88
1 55 120 116 88
1 56 120 116 88
1 62 120 116 88
1 65 240 236 88
1 55 60 58 88
1 56 60 58 88
1 58 120 101 88
1 58 120 101 88
1 58 120 101 88
1 58 120 116 88
1 58 60 58 88
1 56 60 58 88
1 55 60 58 88
1 56 60 58 88
1 58 120 101 88
1 58 120 101 88
1 58 120 101 88
1 58 120 116 88
1 58 120 116 88
1 63 120 116 88
1 67 120 116 88
1 63 120 116 88
1 70 120 116 88
1 62 120 116 88
1 60 120 116 88
1 69 60 58 88
1 67 60 58 88
1 70 60 58 88
1 69 60 58 88
1 67 60 58 88
1 65 60 58 88
1 72 120 116 88
1 63 120 116 88
1 62 120 116 88
1 70 60 58 88
1 72 60 58 88
1 69 60 58 88
1 70 60 58 88
1 72 60 58 88
1 74 60 58 88
1 75 60 58 88
1 74 60 58 88
1 72 60 58 88
1 75 60 58 88
1 74 60 58 88
1 72 60 58 88
1 70 60 58 88
1 72 60 58 88
1 69 60 58 88
1 70 60 58 88
1 72 60 58 88
1 74 60 58 88
1 75 60 58 88
1 74 60 58 88
1 72 60 58 88
1 75 60 58 88
1 74 120 116 88
1 53 60 58 88
1 55 60 58 88
1 57 60 58 88
1 58 60 58 88
1 60 60 58 88
1 62 60 58 88
1 63 60 58 88
1 62 60 58 88
1 60 60 58 88
1 63 60 58 88
1 62 60 58 88
1 60 60 58 88
1 58 60 58 88
1 60 60 58 88
1 57 60 58 88
1 58 60 58 88
1 60 60 58 88
1 62 60 58 88
1 63 60 58 88
1 62 60 58 88
1 60 60 58 88
1 63 60 58 88
1 62 120 116 88
1 70 120 101 88
1 70 240 234 88
1 69 120 116 88
1 63 120 116 88
2 0 5880 0 0
2 53 120 116 88
2 55 120 116 88
2 53 120 116 88
2 58 120 116 88
2 50 120 116 88
2 48 120 116 88
2 57 60 58 88
2 55 60 58 88
2 58 60 58 88
2 57 60 58 88
2 55 60 58 88
2 53 60 58 88
2 60 120 116 88
2 51 120 116 88
2 50 120 116 88
2 58 60 58 88
2 60 60 58 88
2 57 60 58 88
2 58 60 58 88
2 60 60 58 88
2 62 60 58 88
2 63 60 58 88
2 62 60 58 88
2 60 60 58 88
2 63 60 58 88
2 62 60 58 88
2 60 60 58 88
2 58 60 58 88
2 60 60 58 88
2 57 60 58 88
2 58 60 58 88
2 60 60 58 88
2 62 60 58 88
2 63 60 58 88
2 62 60 58 88
2 60 60 58 88
2 63 60 58 88
2 62 120 116 88
2 50 60 58 88
2 48 60 58 88
2 46 60 58 88
2 45 60 58 88
2 46 60 58 88
2 48 60 58 88
2 50 120 116 88
2 53 240 236 88
2 46 120 116 88
2 45 120 116 88
2 46 120 116 88
2 52 120 116 88
2 55 240 236 88
2 45 60 58 88
2 46 60 58 88
2 48 120 101 88
2 48 120 101 88
2 48 120 101 88
2 48 120 116 88
2 48 60 58 88
2 46 60 58 88
2 45 60 58 88
2 46 60 58 88
2 48 120 101 88
2 48 120 101 88
2 48 120 101 88
2 48 120 116 88
2 41 360 116 88
2 54 60 58 88
2 55 60 58 88
2 57 60 58 88
2 55 60 58 88
2 54 60 58 88
2 57 60 58 88
2 55 360 116 88
2 54 60 58 88
2 55 60 58 88
2 57 60 58 88
2 55 60 58 88
2 54 60 58 88
2 57 60 58 88
2 55 120 116 88
2 50 120 116 88
2 48 120 116 88
2 50 120 116 88
2 43 120 116 88
2 51 120 116 88
2 53 120 116 88
2 48 120 116 88
2 46 120 116 88
2 48 120 116 88
2 41 120 116 88
2 50 120 116 88
2 51 120 116 88
2 46 120 116 88
2 45 120 116 88
2 46 120 116 88
2 39 120 116 88
2 48 120 116 88
2 50 540 116 88
2 55 60 58 88
2 51 60 58 88
2 55 60 58 88
2 48 540 116 88
2 57 60 58 88
2 54 60 58 88
2 57 60 58 88
2 50 360 116 88
2 42 60 58 88
2 43 60 58 88
2 45 60 58 88
2 43 60 58 88
2 42 60 58 88
2 45 60 58 88
2 43 360 116 88
2 42 60 58 88
2 43 60 58 88
2 45 60 58 88
2 43 60 58 88
2 42 60 58 88
2 45 60 58 88
2 43 120 116 88
2 55 120 116 88
2 58 120 116 88
2 55 120 116 88
2 60 120 116 88
2 51 120 116 88
2 50 120 116 88
2 59 60 58 88
2 57 60 58 88
2 60 60 58 88
2 59 60 58 88
2 57 60 58 88
2 55 60 58 88
2 62 120 116 88
2 53 120 116 88
2 51 120 116 88
2 60 60 58 88
2 62 60 58 88
2 59 60 58 88
2 60 60 58 88
2 62 60 58 88
2 63 60 58 88
2 65 60 58 88
2 63 60 58 88
2 62 60 58 88
2 65 60 58 88
2 63 60 58 88
2 62 60 58 88
2 60 60 58 88
2 62 60 58 88
2 59 60 58 88
2 60 60 58 88
2 62 60 58 88
2 63 60 58 88
2 65 60 58 88
2 63 60 58 88
2 62 60 58 88
2 65 60 58 88
2 63 60 58 88
2 62 60 58 88
2 60 60 58 88
2 58 60 58 88
2 57 60 58 88
2 58 60 58 88
2 60 60 58 88
2 62 60 58 88
2 63 60 58 88
2 62 60 58 88
2 60 60 58 88
2 63 60 58 88
2 62 60 58 88
2 60 60 58 88
2 58 60 58 88
2 57 60 58 88
2 55 60 58 88
2 57 60 58 88
2 58 60 58 88
2 60 60 58 88
2 62 60 58 88
2 60 60 58 88
2 58 60 58 88
2 62 60 58 88
2 60 60 58 88
2 58 60 58 88
2 57 60 58 88
2 55 60 58 88
2 54 60 58 88
2 55 60 58 88
2 57 60 58 88
2 58 60 58 88
2 60 60 58 88
2 58 60 58 88
2 57 60 58 88
2 60 60 58 88
2 58 120 116 88
2 55 120 116 88
2 53 120 116 88
2 55 120 116 88
2 52 240 234 88
2 50 120 116 88
2 53 120 116 88
2 51 120 116 88
2 53 120 116 88
2 50 240 234 88
2 48 540 116 88
2 48 60 58 88
2 51 60 58 88
2 48 60 58 88
2 53 540 116 88
2 46 60 58 88
2 50 60 58 88
2 46 60 58 88
2 51 540 116 88
2 51 60 58 88
2 55 60 58 88
2 51 60 58 88
2 58 540 116 88
2 58 60 58 88
2 62 60 58 88
2 58 60 58 88
2 63 360 116 88
2 50 60 58 88
2 51 60 58 88
2 53 60 58 88
2 51 60 58 88
2 50 60 58 88
2 53 60 58 88
2 51 360 116 88
2 50 60 58 88
2 51 60 58 88
2 53 60 58 88
2 51 60 58 88
2 50 60 58 88
2 53 60 58 88
2 51 540 116 88
2 51 60 58 88
2 55 60 58 88
2 51 60 58 88
2 53 540 116 88
2 53 60 58 88
2 57 60 58 88
2 53 60 58 88
2 58 360 116 88
2 57 60 58 88
2 58 60 58 88
2 60 60 58 88
2 58 60 58 88
2 57 60 58 88
2 60 60 58 88
2 58 360 116 88
2 57 60 58 88
2 58 60 58 88
2 60 60 58 88
2 58 60 58 88
2 57 60 58 88
2 60 60 58 88
2 58 60 58 88
2 53 60 58 88
2 50 60 58 88
2 51 60 58 88
2 53 120 101 88
2 53 120 101 88
2 53 120 101 88
2 53 120 116 88
2 53 60 58 88
2 51 60 58 88
2 50 60 58 88
2 51 60 58 88
2 53 120 101 88
2 53 120 101 88
2 53 120 101 88
2 53 120 116 88
2 53 60 58 88
2 51 60 58 88
2 50 60 58 88
2 51 60 58 88
2 53 120 116 88
2 51 120 116 88
2 53 120 116 88
2 41 120 116 88
