0 0 2400 0 0
0 70 240 234 88
0 75 360 356 88
0 78 120 116 88
0 77 120 116 88
0 75 120 116 88
0 73 120 116 88
0 75 120 116 88
0 77 240 234 88
0 70 240 234 88
0 75 360 353 88
0 73 120 109 88
0 73 38 36 88
0 72 30 29 88
0 73 30 29 88
0 72 30 29 88
0 73 22 21 88
0 72 23 22 88
0 73 22 21 88
0 72 45 44 88
0 70 120 116 88
0 72 120 116 88
0 73 600 590 88
0 71 120 116 88
0 70 240 234 88
0 75 360 353 88
0 74 120 116 88
0 75 120 116 88
0 77 120 116 88
0 78 240 234 88
0 77 120 116 88
0 78 120 116 88
0 80 120 116 88
0 77 120 116 88
0 78 120 116 88
0 80 120 116 88
0 82 120 116 88
0 80 120 116 88
0 78 120 116 88
0 77 120 116 88
0 78 240 234 88
0 77 120 116 88
0 75 120 116 88
0 74 120 116 88
0 75 240 234 88
0 74 120 116 88
0 75 120 116 88
0 73 120 116 88
0 71 360 356 88
0 70 60 58 88
0 68 60 58 88
0 70 120 116 88
0 71 60 58 88
0 73 60 58 88
0 75 120 116 88
0 77 60 58 88
0 78 60 58 88
0 77 180 175 88
0 75 60 58 88
0 74 240 234 88
0 75 120 116 88
0 73 120 116 88
0 71 120 116 88
0 70 120 116 88
0 68 120 116 88
0 66 120 116 88
0 65 120 116 88
0 66 120 116 88
0 68 360 353 88
0 66 60 58 88
0 65 60 58 88
0 66 120 116 88
0 68 120 116 88
0 70 240 234 88
0 71 120 116 88
0 73 60 58 88
0 75 60 58 88
0 68 360 234 88
0 70 120 116 88
0 71 120 116 88
0 73 120 116 88
0 75 120 116 88
0 77 120 116 88
0 78 120 116 88
0 80 120 116 88
0 82 120 116 88
0 83 240 236 88
0 73 120 116 88
0 78 480 470 88
0 77 480 474 88
0 75 120 116 88
0 73 120 116 88
0 72 120 116 88
0 74 120 116 88
0 75 120 116 88
0 77 120 116 88
0 78 240 234 88
0 77 120 116 88
0 75 120 116 88
0 73 120 116 88
0 75 120 116 88
0 77 120 116 88
0 78 120 116 88
0 73 240 229 88
0 73 38 36 88
0 72 30 29 88
0 73 30 29 88
0 72 30 29 88
0 73 22 21 88
0 72 23 22 88
0 73 22 21 88
0 72 45 44 88
0 70 480 234 88
0 70 240 234 88
0 77 360 353 88
0 78 120 116 88
0 77 120 116 88
0 75 120 116 88
0 73 120 116 88
0 75 120 116 88
0 77 240 234 88
0 70 240 234 88
0 75 360 356 88
0 73 120 109 88
0 73 38 36 88
0 72 30 29 88
0 73 30 29 88
0 72 30 29 88
0 73 22 21 88
0 72 23 22 88
0 73 22 21 88
0 72 45 44 88
0 70 360 234 88
0 80 240 236 88
0 78 120 116 88
0 77 300 294 88
0 75 60 58 88
0 77 60 58 88
0 78 60 58 88
0 77 30 29 88
0 75 23 22 88
0 77 22 21 88
0 75 23 22 88
0 77 22 21 88
0 75 60 58 88
0 77 60 58 88
0 77 240 234 88
0 82 360 353 88
0 83 120 116 88
0 82 120 116 88
0 80 120 116 88
0 79 120 116 88
0 80 120 116 88
0 82 240 234 88
0 75 240 234 88
0 80 360 356 88
0 78 120 116 88
0 77 480 470 88
0 75 480 474 88
0 80 360 353 88
0 82 120 116 88
0 80 120 116 88
0 78 120 116 88
0 77 120 116 88
0 78 120 116 88
0 80 240 234 88
0 73 240 234 88
0 78 360 356 88
0 76 120 116 88
0 75 120 116 88
0 80 120 116 88
0 73 120 116 88
0 78 240 234 88
0 77 120 116 88
0 78 240 234 88
0 73 360 353 88
0 71 120 116 88
0 73 120 116 88
0 75 120 116 88
0 77 120 116 88
0 75 120 116 88
0 73 240 234 88
0 80 240 234 88
0 73 360 356 88
0 75 120 116 88
0 77 240 234 88
0 78 600 596 88
0 77 120 116 88
0 75 120 116 88
0 73 120 116 88
0 72 240 234 88
0 74 240 234 88
0 75 480 470 88
0 73 480 470 88
0 71 120 116 88
0 73 120 116 88
0 75 120 116 88
0 76 120 116 88
0 70 120 116 88
0 71 120 116 88
0 73 120 116 88
0 75 120 116 88
0 71 120 116 88
0 70 120 116 88
0 68 120 116 88
0 66 120 116 88
0 65 240 234 88
0 66 120 116 88
0 68 120 116 88
0 70 240 234 88
0 72 120 116 88
0 74 120 116 88
0 75 360 353 88
0 73 120 116 88
0 72 120 116 88
0 74 120 116 88
0 75 480 470 88
0 74 240 234 88
0 75 240 234 88
0 74 120 116 88
0 75 120 116 88
0 77 120 116 88
0 80 120 116 88
0 78 120 116 88
0 77 120 116 88
0 75 120 116 88
0 73 120 116 88
0 71 120 116 88
0 70 60 58 88
0 71 60 58 88
0 70 120 116 88
0 72 120 116 88
0 74 120 116 88
0 75 120 116 88
0 77 120 116 88
0 70 120 116 88
0 82 120 116 88
0 80 120 116 88
0 78 120 116 88
0 80 120 116 88
0 82 120 116 88
0 83 120 116 88
0 77 240 234 88
0 79 240 234 88
0 80 120 116 88
0 78 120 116 88
0 77 120 116 88
0 75 120 116 88
0 74 240 234 88
0 75 360 353 88
0 73 120 116 88
0 71 120 116 88
0 70 120 116 88
0 71 120 116 88
0 70 120 116 88
0 68 360 353 88
0 66 60 58 88
0 65 60 58 88
0 66 120 116 88
0 68 120 116 88
0 70 240 234 88
0 63 360 353 88
0 62 120 116 88
0 63 120 116 88
0 65 120 116 88
0 66 120 116 88
0 65 120 116 88
0 63 240 234 88
0 70 240 234 88
0 63 360 356 88
0 65 120 116 88
0 67 240 234 88
0 68 240 234 88
0 80 240 234 88
0 75 360 353 88
0 73 120 116 88
0 75 360 353 88
0 77 120 116 88
0 78 360 353 88
0 77 120 116 88
0 75 240 234 88
0 82 240 234 88
0 75 360 349 88
0 75 120 116 88
0 74 120 116 88
0 75 120 116 88
0 77 120 116 88
0 74 120 116 88
0 75 120 116 88
0 77 120 116 88
0 78 120 116 88
0 80 120 116 88
0 82 120 116 88
0 70 120 116 88
0 75 120 116 88
0 77 120 116 88
0 74 480 234 88
0 70 240 234 88
0 75 360 356 88
0 76 120 116 88
0 75 120 116 88
0 73 120 116 88
0 71 120 116 88
0 73 120 116 88
0 75 240 234 88
0 68 120 116 88
0 70 60 58 88
0 71 60 58 88
0 70 120 116 88
0 71 120 116 88
0 73 240 234 88
0 66 360 356 88
0 65 120 116 88
0 66 120 116 88
0 68 120 116 88
0 70 120 116 88
0 68 120 116 88
0 66 240 234 88
0 76 600 590 88
0 74 120 116 88
0 75 360 356 88
0 78 120 116 88
0 77 120 116 88
0 75 120 116 88
0 74 120 116 88
0 77 120 116 88
0 82 360 356 88
0 83 120 116 88
0 82 120 116 88
0 80 120 116 88
0 78 120 116 88
0 80 120 116 88
0 82 240 234 88
0 75 240 234 88
0 80 360 353 88
0 78 120 109 88
0 78 38 36 88
0 77 30 29 88
0 78 30 29 88
0 77 30 29 88
0 78 22 21 88
0 77 23 22 88
0 78 22 21 88
0 77 45 44 88
0 75 240 229 88
0 75 38 36 88
0 73 30 29 88
0 75 30 29 88
0 73 30 29 88
0 75 22 21 88
0 73 23 22 88
0 75 22 21 88
0 73 45 44 88
0 71 240 234 88
0 70 240 234 88
0 68 240 234 88
0 66 240 234 88
0 65 360 234 88
0 72 120 116 88
0 74 120 116 88
0 75 120 116 88
0 77 360 353 88
0 75 120 116 88
0 73 60 58 88
0 71 60 58 88
0 73 60 58 88
0 79 60 58 88
0 80 60 58 88
0 82 60 58 88
0 83 240 234 88
0 82 60 58 88
0 80 60 58 88
0 82 120 116 88
0 75 120 116 88
0 77 120 116 88
0 79 120 116 88
0 80 480 234 88
0 82 240 234 88
0 75 360 356 88
0 71 120 116 88
0 73 120 116 88
0 75 120 116 88
0 76 120 116 88
0 75 120 116 88
0 73 240 234 88
0 80 240 234 88
0 75 360 353 88
0 77 120 116 88
0 80 38 36 88
0 79 30 29 88
0 80 30 29 88
0 79 30 29 88
0 80 22 21 88
0 79 23 22 88
0 80 22 21 88
0 79 45 44 88
0 80 120 116 88
0 82 120 116 88
0 80 120 116 88
0 78 120 116 88
0 77 120 116 88
0 78 120 116 88
0 80 360 356 88
0 78 120 116 88
0 77 120 116 88
0 78 60 58 88
0 80 60 58 88
0 82 60 58 88
0 80 60 58 88
0 82 240 234 88
0 80 60 58 88
0 78 60 58 88
0 77 120 116 88
0 78 240 234 88
0 77 120 116 88
0 78 120 116 88
0 73 120 116 88
0 78 360 356 88
0 80 120 116 88
0 78 120 116 88
0 76 120 116 88
0 75 120 116 88
0 76 120 116 88
0 78 240 234 88
0 71 240 234 88
0 76 360 353 88
0 75 120 116 88
0 73 240 234 88
0 71 240 234 88
0 76 360 353 88
0 74 120 116 88
0 75 480 474 88
0 80 360 349 88
0 80 120 116 88
0 79 120 116 88
0 78 240 229 88
0 78 120 116 88
0 77 120 116 88
0 76 120 116 88
0 75 240 234 88
0 73 240 234 88
0 71 360 349 88
0 71 120 116 88
0 70 360 353 88
0 78 120 116 88
0 68 600 590 88
0 66 60 58 88
0 65 60 58 88
0 66 120 116 88
0 68 120 116 88
0 70 480 234 88
0 77 480 470 88
0 82 720 708 88
0 83 240 234 88
0 82 240 234 88
0 80 240 234 88
0 78 240 234 88
0 80 240 234 88
0 82 480 470 88
0 75 480 470 88
0 80 720 708 88
0 78 240 234 88
0 76 480 470 88
0 75 600 596 88
0 71 120 116 88
0 68 360 353 88
0 70 120 116 88
0 71 360 356 88
0 68 120 116 88
0 65 360 353 88
0 66 120 116 88
0 68 360 356 88
0 65 120 116 88
0 62 360 349 88
0 62 120 116 88
0 63 120 116 88
0 65 120 116 88
0 66 120 116 88
0 67 120 116 88
0 68 120 116 88
0 70 120 116 88
0 71 120 116 88
0 72 120 116 88
0 74 120 116 88
0 75 120 116 88
0 75 240 234 88
0 74 240 234 88
1 63 240 234 88
1 70 360 353 88
1 71 120 116 88
1 70 120 116 88
1 68 120 116 88
1 66 120 116 88
1 68 120 116 88
1 70 240 234 88
1 63 240 234 88
1 68 360 356 88
1 66 120 109 88
1 66 41 40 88
1 65 27 26 88
1 66 26 25 88
1 65 26 25 88
1 66 26 25 88
1 65 23 22 88
1 66 22 22 88
1 65 49 47 88
1 63 360 353 88
1 65 120 116 88
1 66 240 234 88
1 68 240 234 88
1 70 360 353 88
1 68 120 116 88
1 66 120 116 88
1 65 120 116 88
1 66 120 116 88
1 65 60 58 88
1 63 60 58 88
1 65 120 116 88
1 70 240 234 88
1 69 120 116 88
1 70 360 353 88
1 68 120 116 88
1 67 120 116 88
1 63 120 116 88
1 68 360 356 88
1 66 120 116 88
1 65 120 116 88
1 63 120 116 88
1 65 240 234 88
1 66 120 116 88
1 68 120 116 88
1 70 120 116 88
1 72 120 116 88
1 74 120 116 88
1 75 120 116 88
1 77 120 116 88
1 74 120 116 88
1 75 120 116 88
1 77 120 116 88
1 78 120 116 88
1 77 120 116 88
1 75 120 116 88
1 74 120 116 88
1 75 120 116 88
1 73 120 116 88
1 71 240 234 88
1 70 240 234 88
1 68 240 234 88
1 66 240 234 88
1 68 120 116 88
1 66 120 116 88
1 65 360 353 88
1 63 60 58 88
1 65 60 58 88
1 66 120 116 88
1 68 60 58 88
1 70 60 49 88
1 70 30 29 88
1 68 30 29 88
1 70 30 29 88
1 68 30 29 88
1 70 30 29 88
1 68 30 29 88
1 66 30 29 88
1 68 30 29 88
1 70 120 116 88
1 68 120 116 88
1 66 120 116 88
1 65 120 116 88
1 63 240 234 88
1 62 120 116 88
1 63 120 116 88
1 65 120 116 88
1 63 120 116 88
1 62 120 116 88
1 60 120 116 88
1 62 240 234 88
1 63 120 116 88
1 65 120 116 88
1 66 240 234 88
1 68 120 116 88
1 66 120 116 88
1 65 120 116 88
1 61 120 116 88
1 66 480 474 88
1 65 480 470 88
1 63 240 234 88
1 61 120 116 88
1 65 120 116 88
1 66 120 116 88
1 68 120 116 88
1 70 120 116 88
1 71 120 116 88
1 73 120 116 88
1 71 120 116 88
1 70 120 116 88
1 68 120 116 88
1 66 120 116 88
1 65 120 116 88
1 63 120 116 88
1 65 120 116 88
1 66 120 116 88
1 70 120 116 88
1 75 120 116 88
1 73 120 116 88
1 72 480 470 88
1 70 480 474 88
1 69 240 234 88
1 58 240 234 88
1 65 360 356 88
1 66 120 116 88
1 65 120 116 88
1 63 120 116 88
1 61 120 116 88
1 63 120 116 88
1 65 240 234 88
1 58 360 234 88
1 63 240 234 88
1 61 120 109 88
1 61 41 40 88
1 60 27 26 88
1 61 26 25 88
1 60 26 25 88
1 61 26 25 88
1 60 23 22 88
1 61 22 22 88
1 60 49 47 88
1 58 360 234 88
1 68 240 234 88
1 66 120 116 88
1 65 240 234 88
1 63 360 234 88
1 61 120 116 88
1 70 120 116 88
1 69 120 116 88
1 70 240 234 88
1 69 240 234 88
1 70 240 234 88
1 75 360 353 88
1 77 120 116 88
1 75 360 353 88
1 73 120 116 88
1 72 360 353 88
1 73 120 116 88
1 75 240 234 88
1 68 240 234 88
1 73 480 470 88
1 72 480 234 88
1 68 240 234 88
1 73 360 356 88
1 75 120 116 88
1 73 120 116 88
1 71 120 116 88
1 70 120 116 88
1 71 120 116 88
1 73 240 234 88
1 66 240 234 88
1 71 360 353 88
1 70 120 109 88
1 70 41 40 88
1 68 27 26 88
1 70 26 25 88
1 68 26 25 88
1 70 26 25 88
1 68 23 22 88
1 70 22 22 88
1 68 49 47 88
1 66 120 116 88
1 65 120 116 88
1 66 120 116 88
1 68 120 116 88
1 70 120 116 88
1 68 120 116 88
1 70 120 116 88
1 72 120 116 88
1 73 120 116 88
1 71 240 234 88
1 70 120 116 88
1 71 120 116 88
1 70 120 116 88
1 68 120 116 88
1 71 120 116 88
1 70 600 590 88
1 72 120 116 88
1 73 120 116 88
1 75 120 116 88
1 68 240 234 88
1 70 360 353 88
1 68 120 116 88
1 66 120 116 88
1 65 120 116 88
1 63 120 116 88
1 66 120 116 88
1 71 360 353 88
1 70 120 116 88
1 68 120 116 88
1 67 120 116 88
1 68 720 708 88
1 67 240 234 88
1 68 240 234 88
1 63 360 353 88
1 62 120 116 88
1 63 120 116 88
1 65 120 116 88
1 66 120 116 88
1 65 120 116 88
1 63 240 234 88
1 70 240 234 88
1 63 360 356 88
1 65 120 116 88
1 66 240 234 88
1 68 480 470 88
1 66 120 116 88
1 68 120 116 88
1 70 120 116 88
1 72 120 116 88
1 74 120 116 88
1 58 120 116 88
1 60 120 116 88
1 62 120 116 88
1 63 360 353 88
1 65 120 116 88
1 66 240 234 88
1 65 120 116 88
1 63 120 116 88
1 62 120 116 88
1 63 120 116 88
1 65 360 353 88
1 63 60 58 88
1 62 60 58 88
1 63 360 356 88
1 61 120 116 88
1 59 120 116 88
1 58 120 116 88
1 59 120 116 88
1 63 120 116 88
1 68 360 356 88
1 66 120 116 88
1 65 120 116 88
1 63 120 116 88
1 65 240 234 88
1 67 240 234 88
1 68 120 116 88
1 66 120 116 88
1 65 120 116 88
1 63 120 116 88
1 62 240 234 88
1 63 120 116 88
1 65 120 116 88
1 66 120 116 88
1 65 120 116 88
1 66 120 116 88
1 68 120 116 88
1 70 120 116 88
1 68 120 116 88
1 66 120 116 88
1 65 60 58 88
1 63 60 58 88
1 62 120 116 88
1 68 240 234 88
1 66 60 58 88
1 65 60 58 88
1 67 120 116 88
1 68 120 116 88
1 70 120 116 88
1 61 120 116 88
1 59 120 116 88
1 61 120 116 88
1 63 120 116 88
1 64 120 116 88
1 63 240 234 88
1 56 360 356 88
1 55 120 116 88
1 56 120 116 88
1 58 120 116 88
1 59 120 116 88
1 58 120 116 88
1 56 240 234 88
1 63 240 234 88
1 58 360 353 88
1 59 120 116 88
1 61 360 356 88
1 73 120 116 88
1 71 120 116 88
1 70 120 116 88
1 68 120 116 88
1 66 120 116 88
1 68 120 116 88
1 65 120 116 88
1 66 120 116 88
1 68 120 116 88
1 70 120 116 88
1 68 240 234 88
1 66 60 58 88
1 65 60 58 88
1 66 120 116 88
1 68 120 116 88
1 70 240 234 88
1 58 240 234 88
1 63 360 353 88
1 64 120 116 88
1 63 120 116 88
1 61 120 116 88
1 59 120 116 88
1 61 120 116 88
1 63 240 234 88
1 56 120 116 88
1 54 120 116 88
1 53 240 234 88
1 61 240 234 88
1 54 360 353 88
1 53 120 116 88
1 54 120 116 88
1 56 120 116 88
1 58 120 116 88
1 56 120 116 88
1 54 240 234 88
1 59 120 116 88
1 58 120 116 88
1 56 240 234 88
1 73 240 234 88
1 66 480 470 88
1 71 120 116 88
1 70 120 116 88
1 68 120 116 88
1 66 120 116 88
1 65 120 116 88
1 63 120 116 88
1 62 120 116 88
1 65 120 116 88
1 58 120 116 88
1 68 120 116 88
1 66 120 116 88
1 65 120 116 88
1 63 240 234 88
1 75 120 116 88
1 73 120 116 88
1 71 120 116 88
1 70 120 116 88
1 68 120 116 88
1 71 120 116 88
1 70 120 116 88
1 75 240 234 88
1 73 240 236 88
1 71 240 234 88
1 70 240 234 88
1 68 240 234 88
1 66 240 236 88
1 65 240 234 88
1 63 120 116 88
1 62 120 116 88
1 65 120 116 88
1 70 360 356 88
1 71 120 116 88
1 70 120 116 88
1 68 120 116 88
1 66 120 116 88
1 68 120 116 88
1 70 240 234 88
1 63 240 234 88
1 68 360 353 88
1 67 120 116 88
1 65 120 116 88
1 64 120 116 88
1 63 120 116 88
1 71 120 116 88
1 70 120 116 88
1 68 120 116 88
1 67 120 116 88
1 63 60 58 88
1 65 60 58 88
1 67 120 116 88
1 68 60 58 88
1 70 60 58 88
1 71 360 353 88
1 70 120 116 88
1 68 120 116 88
1 67 120 116 88
1 68 120 116 88
1 70 120 116 88
1 63 120 116 88
1 65 120 116 88
1 67 120 116 88
1 68 120 116 88
1 70 60 58 88
1 71 60 58 88
1 73 240 234 88
1 71 60 58 88
1 70 60 58 88
1 71 480 234 88
1 68 480 470 88
1 73 720 708 88
1 75 240 234 88
1 73 240 234 88
1 71 240 234 88
1 70 240 234 88
1 71 240 234 88
1 73 480 470 88
1 66 480 470 88
1 71 720 708 88
1 70 240 234 88
1 68 480 470 88
1 66 240 234 88
1 71 360 356 88
1 75 120 116 88
1 73 120 116 88
1 71 120 116 88
1 70 120 116 88
1 71 120 116 88
1 73 240 234 88
1 68 240 234 88
1 73 360 353 88
1 71 120 116 88
1 70 360 356 88
1 63 120 116 88
1 68 360 349 88
1 68 120 116 88
1 66 360 349 88
1 66 120 116 88
1 64 120 116 88
1 63 120 116 88
1 62 240 234 88
1 63 360 356 88
1 62 60 58 88
1 60 60 58 88
1 62 120 116 88
1 65 120 116 88
1 70 360 353 88
1 71 120 116 88
1 70 360 353 88
1 68 120 116 88
1 66 360 353 88
1 68 120 116 88
1 70 480 470 88
1 63 240 234 88
1 68 360 356 88
1 66 120 116 88
1 65 240 234 88
1 67 120 116 88
1 58 120 116 88
1 63 360 356 88
1 64 120 116 88
1 63 120 116 88
1 61 120 116 88
1 59 120 116 88
1 61 120 116 88
1 63 240 234 88
1 56 240 234 88
1 61 360 353 88
1 59 120 116 88
1 58 240 234 88
1 56 360 353 88
1 58 120 116 88
1 59 120 116 88
1 58 120 116 88
1 56 120 116 88
1 54 120 116 88
1 53 360 353 88
1 54 120 116 88
1 56 120 116 88
1 54 120 116 88
1 53 120 116 88
1 51 120 116 88
1 50 360 353 88
1 51 120 116 88
1 53 240 234 88
1 54 120 116 88
1 56 120 116 88
1 58 120 109 88
1 58 120 116 88
1 59 120 116 88
1 61 120 116 88
1 63 120 109 88
1 63 120 116 88
1 65 120 116 88
1 66 120 116 88
1 65 120 116 88
1 71 120 116 88
1 70 120 116 88
1 68 120 116 88
2 0 6720 0 0
2 51 240 234 88
2 58 360 353 88
2 59 120 116 88
2 58 120 116 88
2 56 120 116 88
2 54 120 116 88
2 56 120 116 88
2 58 240 234 88
2 51 240 234 88
2 56 360 356 88
2 54 120 109 88
2 54 15 15 88
2 53 38 36 88
2 54 30 29 88
2 53 157 153 88
2 51 240 234 88
2 63 240 234 88
2 62 240 234 88
2 61 240 234 88
2 60 240 234 88
2 59 240 234 88
2 58 120 116 88
2 46 120 116 88
2 51 360 353 88
2 54 120 116 88
2 53 120 116 88
2 51 120 116 88
2 50 120 116 88
2 51 120 116 88
2 53 240 234 88
2 46 240 234 88
2 51 360 356 88
2 49 120 116 88
2 47 480 470 88
2 46 240 234 88
2 44 120 116 88
2 46 120 116 88
2 47 120 116 88
2 49 120 116 88
2 51 120 116 88
2 53 120 116 88
2 54 120 116 88
2 56 120 116 88
2 58 120 116 88
2 56 120 116 88
2 58 120 116 88
2 59 120 116 88
2 61 240 234 88
2 49 240 234 88
2 42 240 234 88
2 54 360 353 88
2 53 120 116 88
2 51 120 116 88
2 49 120 116 88
2 48 120 116 88
2 46 120 116 88
2 45 120 116 88
2 41 120 116 88
2 46 120 116 88
2 48 120 116 88
2 49 120 116 88
2 51 120 116 88
2 53 120 116 88
2 51 120 116 88
2 53 120 116 88
2 41 120 116 88
2 46 120 116 88
2 45 120 116 88
2 46 120 116 88
2 48 120 116 88
2 49 120 116 88
2 48 120 116 88
2 49 120 116 88
2 51 120 116 88
2 53 120 116 88
2 51 120 116 88
2 49 120 116 88
2 51 60 58 88
2 53 60 58 88
2 54 60 58 88
2 53 60 58 88
2 54 120 116 88
2 45 240 234 88
2 46 240 234 88
2 48 240 234 88
2 49 120 116 88
2 46 120 116 88
2 53 120 116 88
2 51 120 116 88
2 50 120 116 88
2 51 240 234 88
2 50 120 116 88
2 51 120 116 88
2 60 120 116 88
2 57 120 116 88
2 58 120 116 88
2 54 120 116 88
2 53 120 116 88
2 54 240 234 88
2 53 480 234 88
2 54 240 234 88
2 59 360 356 88
2 61 120 116 88
2 59 120 116 88
2 58 120 116 88
2 56 120 116 88
2 55 120 116 88
2 56 120 116 88
2 58 120 116 88
2 60 240 234 88
2 61 120 116 88
2 59 120 116 88
2 58 120 116 88
2 56 120 116 88
2 55 120 116 88
2 51 120 116 88
2 56 120 116 88
2 58 120 116 88
2 56 120 116 88
2 54 120 116 88
2 53 120 116 88
2 54 120 116 88
2 53 120 116 88
2 51 120 116 88
2 49 120 116 88
2 59 120 116 88
2 58 120 116 88
2 56 120 116 88
2 54 120 116 88
2 56 120 116 88
2 54 120 116 88
2 52 120 116 88
2 51 120 116 88
2 49 120 116 88
2 47 120 116 88
2 44 120 116 88
2 46 120 116 88
2 42 120 116 88
2 49 120 116 88
2 37 120 116 88
2 42 120 116 88
2 44 120 116 88
2 46 120 116 88
2 44 120 116 88
2 42 120 116 88
2 54 120 116 88
2 53 120 116 88
2 51 120 116 88
2 49 240 234 88
2 54 480 470 88
2 53 240 234 88
2 54 120 116 88
2 53 120 116 88
2 51 120 116 88
2 50 120 116 88
2 51 240 234 88
2 46 120 116 88
2 48 120 116 88
2 49 240 234 88
2 42 240 234 88
2 44 240 234 88
2 46 240 234 88
2 47 120 116 88
2 46 120 116 88
2 44 120 116 88
2 42 120 116 88
2 40 240 234 88
2 39 240 234 88
2 44 120 116 88
2 46 120 116 88
2 47 120 116 88
2 49 120 116 88
2 51 360 234 88
2 51 120 116 88
2 56 120 116 88
2 58 120 116 88
2 59 120 116 88
2 56 120 116 88
2 58 120 116 88
2 56 120 116 88
2 54 120 116 88
2 53 120 116 88
2 51 240 234 88
2 56 360 353 88
2 55 60 58 88
2 53 60 58 88
2 55 240 234 88
2 56 120 116 88
2 54 120 116 88
2 53 120 116 88
2 51 120 116 88
2 53 120 116 88
2 54 120 116 88
2 56 120 116 88
2 58 120 116 88
2 51 60 58 88
2 63 60 58 88
2 61 60 58 88
2 59 60 58 88
2 58 360 353 88
2 54 120 116 88
2 56 120 116 88
2 58 120 116 88
2 59 120 116 88
2 58 120 116 88
2 56 240 234 88
2 63 240 234 88
2 58 360 356 88
2 60 120 116 88
2 62 240 234 88
2 63 120 116 88
2 59 120 116 88
2 54 120 116 88
2 56 120 116 88
2 58 240 234 88
2 51 240 234 88
2 56 120 116 88
2 58 120 116 88
2 59 240 234 88
2 58 1440 470 88
2 46 240 234 88
2 39 360 356 88
2 38 120 116 88
2 39 120 116 88
2 41 120 116 88
2 42 120 116 88
2 41 120 116 88
2 39 240 234 88
2 46 240 234 88
2 39 360 353 88
2 41 120 116 88
2 43 240 234 88
2 44 240 234 88
2 46 240 234 88
2 47 120 116 88
2 49 120 116 88
2 47 120 116 88
2 46 120 116 88
2 44 120 116 88
2 46 120 116 88
2 47 120 116 88
2 52 60 58 88
2 49 60 58 88
2 56 240 234 88
2 47 120 116 88
2 49 120 116 88
2 51 120 116 88
2 50 120 116 88
2 51 120 116 88
2 53 120 116 88
2 54 120 116 88
2 56 120 116 88
2 53 120 116 88
2 55 120 116 88
2 56 120 116 88
2 58 120 116 88
2 56 120 116 88
2 54 120 116 88
2 53 120 116 88
2 51 120 116 88
2 50 120 116 88
2 59 120 116 88
2 58 120 116 88
2 56 120 116 88
2 54 120 116 88
2 53 120 116 88
2 51 120 116 88
2 49 120 109 88
2 49 38 36 88
2 47 30 29 88
2 49 30 29 88
2 47 30 29 88
2 49 22 21 88
2 47 23 22 88
2 49 22 21 88
2 47 45 44 88
2 46 240 234 88
2 51 360 353 88
2 52 120 116 88
2 51 120 116 88
2 49 120 116 88
2 47 120 116 88
2 49 120 116 88
2 51 240 234 88
2 44 120 116 88
2 46 120 116 88
2 47 240 234 88
2 49 240 234 88
2 42 360 353 88
2 41 120 116 88
2 42 120 116 88
2 44 120 116 88
2 46 120 116 88
2 44 120 116 88
2 42 120 116 88
2 52 120 116 88
2 51 600 596 88
2 49 120 116 88
2 47 120 116 88
2 46 120 116 88
2 47 240 234 88
2 59 120 116 88
2 58 120 116 88
2 56 120 116 88
2 58 120 116 88
2 59 120 116 88
2 56 120 116 88
2 58 360 353 88
2 56 120 116 88
2 54 120 116 88
2 56 120 116 88
2 58 240 234 88
2 51 120 116 88
2 53 120 116 88
2 55 240 234 88
2 56 120 116 88
2 54 120 116 88
2 53 120 116 88
2 51 120 116 88
2 50 120 116 88
2 51 120 116 88
2 46 120 116 88
2 58 120 116 88
2 59 120 116 88
2 51 120 116 88
2 53 120 116 88
2 55 120 116 88
2 56 120 116 88
2 53 120 116 88
2 50 120 116 88
2 51 120 116 88
2 48 120 116 88
2 50 120 116 88
2 51 120 116 88
2 39 120 116 88
2 46 480 234 88
2 58 480 470 88
2 63 720 714 88
2 64 240 234 88
2 63 240 234 88
2 61 240 234 88
2 59 240 234 88
2 61 240 234 88
2 63 480 470 88
2 56 480 470 88
2 61 720 714 88
2 59 240 234 88
2 58 480 470 88
2 56 240 234 88
2 61 360 353 88
2 63 120 116 88
2 61 120 116 88
2 59 120 116 88
2 58 120 116 88
2 59 120 116 88
2 61 240 234 88
2 54 240 234 88
2 59 360 356 88
2 58 120 109 88
2 58 38 36 88
2 56 30 29 88
2 58 30 29 88
2 56 30 29 88
2 58 22 21 88
2 56 23 22 88
2 58 22 21 88
2 56 45 44 88
2 54 120 116 88
2 52 120 116 88
2 51 60 58 88
2 49 60 58 88
2 51 60 58 88
2 52 60 58 88
2 46 120 116 88
2 42 120 116 88
2 44 120 116 88
2 46 120 116 88
2 47 120 116 88
2 49 120 116 88
2 51 120 116 88
2 52 60 58 88
2 54 60 58 88
2 56 120 116 88
2 58 60 58 88
2 59 60 58 88
2 49 120 116 88
2 51 60 58 88
2 52 60 58 88
2 42 120 116 88
2 54 240 234 88
2 55 120 116 88
2 56 120 116 88
2 55 120 116 88
2 56 120 116 88
2 58 120 116 88
2 59 120 116 88
2 58 120 116 88
2 56 120 116 88
2 54 120 116 88
2 53 120 116 88
2 54 120 116 88
2 53 120 116 88
2 51 120 116 88
2 50 120 116 88
2 62 60 58 88
2 63 60 58 88
2 64 120 116 88
2 58 120 116 88
2 59 120 116 88
2 61 15 15 88
2 60 23 22 88
2 58 22 21 88
2 60 60 58 88
2 61 120 116 88
2 58 120 116 88
2 55 120 116 88
2 56 240 234 88
2 55 120 116 88
2 56 120 116 88
2 54 120 116 88
2 52 120 116 88
2 51 120 116 88
2 49 120 116 88
2 50 120 116 88
2 51 120 116 88
2 46 120 116 88
2 47 120 116 88
2 48 120 116 88
2 49 120 116 88
2 44 120 116 88
2 46 600 596 88
2 53 120 116 88
2 58 360 353 88
2 59 120 116 88
2 58 120 116 88
2 56 120 116 88
2 54 120 116 88
2 56 120 116 88
2 58 240 234 88
2 51 120 116 88
2 53 60 58 88
2 54 60 58 88
2 56 360 356 88
2 54 120 116 88
2 53 120 116 88
2 62 120 116 88
2 63 120 116 88
2 65 60 58 88
2 66 60 58 88
2 65 120 116 88
2 63 120 116 88
2 62 120 116 88
2 63 240 234 88
2 61 240 234 88
2 63 60 58 88
2 64 60 58 88
2 63 120 116 88
2 61 120 116 88
2 59 120 116 88
2 61 120 116 88
2 59 120 116 88
2 58 120 116 88
2 56 120 116 88
2 54 120 116 88
2 52 120 116 88
2 51 120 116 88
2 49 120 116 88
2 61 60 58 88
2 59 60 58 88
2 58 120 116 88
2 56 120 116 88
2 55 120 116 88
2 56 240 234 88
2 54 120 116 88
2 53 600 590 88
2 54 120 116 88
2 53 120 116 88
2 51 120 116 88
2 50 600 590 88
2 51 120 116 88
2 50 120 116 88
2 48 120 116 88
2 46 600 590 88
2 44 120 116 88
2 42 120 116 88
2 41 120 116 88
2 39 120 116 88
2 49 120 116 88
2 47 120 116 88
2 46 120 116 88
2 44 120 116 88
2 54 120 116 88
2 53 120 116 88
2 51 120 116 88
2 58 240 234 88
2 46 240 234 88
