0 69 480 116 88
0 68 120 116 88
0 73 120 116 88
0 69 120 116 88
0 74 120 116 88
0 71 120 116 88
0 76 120 116 88
0 73 120 116 88
0 78 120 116 88
0 76 120 116 88
0 81 120 116 88
0 74 240 234 88
0 73 120 116 88
0 75 120 116 88
0 80 120 116 88
0 76 120 116 88
0 81 120 116 88
0 80 240 234 88
0 78 120 116 88
0 71 120 116 88
0 76 120 116 88
0 74 240 236 88
0 73 120 116 88
0 75 120 116 88
0 76 120 116 88
0 71 120 116 88
0 76 240 234 88
0 78 240 234 88
0 80 240 234 88
0 81 120 116 88
0 80 240 234 88
0 78 120 116 88
0 80 120 116 88
0 81 360 356 88
0 80 120 116 88
0 83 120 116 88
0 76 240 234 88
0 75 120 116 88
0 76 480 476 88
0 74 120 116 88
0 73 120 116 88
0 74 240 234 88
0 73 120 116 88
0 71 480 476 88
0 69 120 116 88
0 73 120 116 88
0 66 420 412 88
0 68 60 58 88
0 69 23 22 88
0 68 22 21 88
0 69 23 22 88
0 68 22 21 88
0 69 23 22 88
0 68 22 21 88
0 69 23 22 88
0 68 22 21 88
0 66 30 29 88
0 68 30 29 88
0 69 480 116 88
0 68 120 116 88
0 73 120 116 88
0 69 120 116 88
0 74 120 116 88
0 71 120 116 88
0 76 120 116 88
0 73 120 116 88
0 78 120 116 88
0 76 120 116 88
0 81 120 116 88
0 74 240 234 88
0 73 120 116 88
0 75 120 116 88
0 76 480 470 88
0 74 120 116 88
0 79 120 116 88
0 73 120 116 88
0 78 120 116 88
0 74 120 116 88
0 71 480 470 88
0 69 120 116 88
0 74 120 116 88
0 68 120 116 88
0 73 120 116 88
0 71 120 116 88
0 69 480 470 88
0 68 120 116 88
0 66 120 116 88
0 74 480 476 88
0 73 120 116 88
0 78 240 234 88
0 76 120 116 88
0 74 120 116 88
0 73 480 476 88
0 71 120 116 88
0 70 120 116 88
0 71 240 234 88
0 73 120 116 88
0 66 120 116 88
0 71 120 116 88
0 70 120 116 88
0 71 120 116 88
0 74 360 353 88
0 73 120 116 88
0 78 240 234 88
0 76 120 116 88
0 81 240 236 88
0 80 60 58 88
0 78 60 58 88
0 80 240 234 88
0 78 120 116 88
0 76 240 234 88
0 75 120 116 88
0 78 120 116 88
0 71 600 590 88
0 69 240 234 88
0 68 360 356 88
0 66 120 116 88
0 69 120 116 88
0 63 120 116 88
0 71 120 116 88
0 68 120 116 88
0 73 120 116 88
0 68 23 22 88
0 66 26 25 88
0 68 26 25 88
0 66 23 22 88
0 68 22 21 88
0 66 120 116 88
0 64 120 116 88
0 76 120 116 88
0 71 120 116 88
0 73 120 116 88
0 78 120 116 88
0 73 120 116 88
0 74 480 476 88
0 71 120 116 88
0 76 120 116 88
0 73 120 116 88
0 78 120 116 88
0 74 120 116 88
0 80 120 116 88
0 76 120 116 88
0 81 120 116 88
0 78 240 234 88
0 83 120 116 88
0 76 120 116 88
0 81 360 353 88
0 80 240 234 88
0 81 2160 116 88
0 64 480 116 88
0 61 120 116 88
0 66 120 116 88
0 64 120 116 88
0 69 120 116 88
0 66 120 116 88
0 71 120 116 88
0 68 120 116 88
0 73 120 116 88
0 69 120 116 88
0 74 120 116 88
0 73 120 116 88
0 78 120 116 88
0 75 240 234 88
0 76 60 58 88
0 78 60 58 88
0 80 60 58 88
0 76 60 58 88
0 80 60 58 88
0 81 60 58 88
0 83 1920 116 88
0 83 60 58 88
0 81 60 58 88
0 80 60 58 88
0 78 60 58 88
0 76 60 58 88
0 78 60 58 88
0 80 60 58 88
0 76 60 58 88
0 74 60 58 88
0 73 60 58 88
0 74 60 58 88
0 73 60 58 88
0 74 60 58 88
0 78 60 58 88
0 76 60 58 88
0 74 60 58 88
0 73 120 116 88
0 69 120 116 88
0 74 120 116 88
0 73 120 116 88
0 81 120 116 88
0 74 120 116 88
0 71 120 116 88
0 76 120 116 88
0 73 120 116 88
0 74 480 116 88
0 64 120 116 88
0 69 120 116 88
0 66 120 116 88
0 71 120 116 88
0 73 240 236 88
0 74 120 116 88
0 79 240 234 88
0 78 120 116 88
0 76 120 116 88
0 69 120 116 88
0 74 120 116 88
0 73 120 116 88
0 74 120 116 88
0 78 60 58 88
0 76 60 58 88
0 74 60 58 88
0 73 60 58 88
0 71 120 116 88
0 76 360 353 88
0 74 360 356 88
0 73 300 234 88
0 71 60 58 88
0 70 60 58 88
0 71 60 58 88
0 73 60 58 88
0 74 60 58 88
0 76 60 58 88
0 74 60 58 88
0 76 60 58 88
0 78 60 58 88
0 79 60 58 88
0 76 60 58 88
0 82 60 58 88
0 78 60 58 88
0 83 60 58 88
0 81 60 58 88
0 79 60 58 88
0 78 60 58 88
0 76 60 58 88
0 74 60 58 88
0 73 60 58 88
0 71 60 58 88
0 70 60 58 88
0 71 60 58 88
0 79 60 58 88
0 78 60 58 88
0 76 60 58 88
0 74 60 58 88
0 73 60 58 88
0 71 60 58 88
0 71 120 116 88
0 74 360 353 88
0 71 120 116 88
0 76 120 116 88
0 73 120 116 88
0 78 120 116 88
0 75 120 116 88
0 71 480 470 88
0 68 120 116 88
0 73 120 116 88
0 69 480 476 88
0 71 360 353 88
0 69 120 116 88
0 65 120 116 88
0 66 480 476 88
0 63 120 116 88
0 68 120 116 88
0 65 60 58 88
0 61 60 58 88
0 63 60 58 88
0 65 60 58 88
0 66 60 58 88
0 68 60 58 88
0 69 60 58 88
0 66 60 58 88
0 68 60 58 88
0 69 60 58 88
0 71 60 58 88
0 73 60 58 88
0 74 60 58 88
0 71 60 58 88
0 73 60 58 88
0 75 60 58 88
0 77 60 58 88
0 78 60 58 88
0 74 60 58 88
0 76 60 58 88
0 74 60 58 88
0 73 60 58 88
0 71 60 58 88
0 69 60 58 88
0 68 60 58 88
0 71 60 58 88
0 69 60 58 88
0 68 60 58 88
0 66 60 58 88
0 65 60 58 88
0 71 420 412 88
0 69 60 58 88
0 71 60 58 88
0 68 60 58 88
0 69 180 175 88
0 71 60 58 88
0 69 26 25 88
0 68 27 26 88
0 69 22 21 88
0 68 23 22 88
0 69 22 21 88
0 68 60 58 88
0 66 60 58 88
0 66 120 116 88
0 61 120 116 88
0 66 120 116 88
0 64 240 234 88
0 69 120 116 88
0 66 120 116 88
0 71 120 116 88
0 68 120 116 88
0 73 120 116 88
0 69 120 116 88
0 74 240 234 88
0 73 120 116 88
0 71 120 116 88
0 64 120 116 88
0 69 360 356 88
0 68 120 116 88
0 71 120 116 88
0 64 120 116 88
0 69 240 234 88
0 68 120 116 88
0 73 120 116 88
0 69 120 116 88
0 74 360 353 88
0 73 120 116 88
0 78 360 353 88
0 76 120 116 88
0 74 240 236 88
0 73 360 353 88
0 71 120 116 88
0 69 240 234 88
0 68 120 116 88
0 71 120 116 88
0 76 600 590 88
0 74 240 234 88
0 73 360 356 88
0 71 120 116 88
0 74 120 116 88
0 68 120 116 88
0 76 120 116 88
0 73 120 116 88
0 78 120 116 88
0 71 240 234 88
0 69 120 116 88
0 76 60 58 88
0 74 60 58 88
0 73 60 58 88
0 71 60 58 88
0 69 60 58 88
0 71 60 58 88
0 73 60 58 88
0 69 60 58 88
0 67 60 58 88
0 66 60 58 88
0 67 60 58 88
0 66 60 58 88
0 67 60 58 88
0 71 60 58 88
0 69 60 58 88
0 67 60 58 88
0 66 120 116 88
0 62 120 116 88
0 69 120 116 88
0 68 120 116 88
0 76 120 116 88
0 69 120 116 88
0 78 120 116 88
0 71 120 116 88
0 80 120 116 88
0 81 120 116 88
0 76 360 353 88
0 74 120 116 88
0 78 120 116 88
0 71 480 476 88
0 69 120 116 88
0 67 120 116 88
0 66 360 353 88
0 71 120 116 88
0 64 120 116 88
0 69 120 116 88
0 62 480 470 88
0 61 120 116 88
0 69 240 219 88
0 69 120 116 88
0 68 120 116 88
1 0 1080 0 0
1 64 480 116 88
1 61 120 116 88
1 66 120 116 88
1 64 120 116 88
1 69 120 116 88
1 66 120 116 88
1 71 120 116 88
1 68 120 116 88
1 73 120 116 88
1 71 120 116 88
1 76 120 116 88
1 69 240 234 88
1 68 120 116 88
1 71 120 116 88
1 64 120 116 88
1 69 120 116 88
1 66 120 116 88
1 68 360 353 88
1 73 120 116 88
1 69 120 116 88
1 74 120 116 88
1 71 120 116 88
1 76 120 116 88
1 74 240 234 88
1 73 240 234 88
1 71 120 116 88
1 76 120 116 88
1 78 120 116 88
1 71 120 116 88
1 76 120 116 88
1 74 240 234 88
1 73 60 58 88
1 71 60 58 88
1 73 60 58 88
1 69 60 58 88
1 68 120 116 88
1 73 120 116 88
1 69 120 116 88
1 66 120 116 88
1 71 120 116 88
1 69 240 234 88
1 68 120 116 88
1 69 120 116 88
1 62 480 476 88
1 61 120 116 88
1 64 120 116 88
1 57 360 353 88
1 62 480 476 88
1 61 120 116 88
1 66 120 116 88
1 59 120 116 88
1 64 120 116 88
1 68 240 234 88
1 66 120 116 88
1 68 240 236 88
1 69 120 116 88
1 71 120 116 88
1 73 360 353 88
1 71 240 234 88
1 69 240 236 88
1 68 120 116 88
1 73 120 116 88
1 66 120 116 88
1 71 360 353 88
1 69 240 234 88
1 68 480 470 88
1 66 360 353 88
1 65 120 116 88
1 68 240 236 88
1 66 120 116 88
1 64 120 116 88
1 62 240 234 88
1 61 240 234 88
1 59 120 116 88
1 71 120 116 88
1 65 120 116 88
1 66 240 234 88
1 68 120 116 88
1 70 120 116 88
1 71 120 116 88
1 64 360 353 88
1 62 240 234 88
1 67 120 116 88
1 66 120 116 88
1 64 240 234 88
1 62 240 234 88
1 61 120 116 88
1 62 120 116 88
1 66 120 116 88
1 71 120 116 88
1 68 240 234 88
1 73 120 116 88
1 71 120 116 88
1 76 120 116 88
1 73 120 116 88
1 71 480 470 88
1 69 120 116 88
1 73 120 116 88
1 66 480 476 88
1 64 120 116 88
1 68 120 116 88
1 61 360 353 88
1 66 120 116 88
1 59 120 116 88
1 64 120 116 88
1 61 360 353 88
1 59 240 234 88
1 64 360 353 88
1 63 120 116 88
1 64 480 116 88
1 69 120 116 88
1 64 120 116 88
1 66 120 116 88
1 71 120 116 88
1 66 120 116 88
1 68 360 234 88
1 64 120 116 88
1 69 120 116 88
1 66 120 116 88
1 71 120 116 88
1 68 120 116 88
1 73 120 116 88
1 69 120 116 88
1 74 360 353 88
1 73 120 116 88
1 78 120 116 88
1 71 180 175 88
1 78 60 58 88
1 76 60 58 88
1 74 60 58 88
1 73 60 58 88
1 74 60 58 88
1 76 60 58 88
1 73 60 58 88
1 71 60 58 88
1 69 60 58 88
1 68 60 58 88
1 69 60 58 88
1 71 60 58 88
1 68 60 58 88
1 66 60 58 88
1 64 60 58 88
1 66 60 58 88
1 64 60 58 88
1 66 60 58 88
1 69 60 58 88
1 68 60 58 88
1 66 60 58 88
1 68 60 58 88
1 71 60 58 88
1 69 60 58 88
1 68 60 58 88
1 69 60 58 88
1 71 60 58 88
1 73 60 58 88
1 71 60 58 88
1 73 60 58 88
1 74 60 58 88
1 76 60 58 88
1 78 60 58 88
1 80 60 58 88
1 83 60 58 88
1 81 60 58 88
1 80 60 58 88
1 78 60 58 88
1 81 60 58 88
1 80 60 58 88
1 81 60 58 88
1 83 60 58 88
1 78 60 58 88
1 76 60 58 88
1 74 60 58 88
1 73 480 116 88
1 73 120 116 88
1 69 120 116 88
1 74 120 116 88
1 71 120 116 88
1 76 120 116 88
1 73 120 116 88
1 78 120 116 88
1 76 120 116 88
1 81 120 116 88
1 80 23 22 88
1 78 30 29 88
1 80 30 29 88
1 78 22 21 88
1 80 23 22 88
1 78 22 21 88
1 80 23 22 88
1 78 22 21 88
1 76 23 22 88
1 78 22 21 88
1 76 480 116 88
1 63 120 116 88
1 68 120 116 88
1 64 120 116 88
1 69 120 116 88
1 66 120 116 88
1 71 120 116 88
1 68 120 116 88
1 73 120 116 88
1 71 120 116 88
1 76 120 116 88
1 69 240 234 88
1 66 120 116 88
1 71 120 116 88
1 68 2280 116 88
1 57 120 116 88
1 62 240 234 88
1 61 120 116 88
1 66 120 116 88
1 62 120 116 88
1 67 120 116 88
1 64 120 116 88
1 69 120 116 88
1 66 120 116 88
1 71 120 116 88
1 69 120 116 88
1 74 120 116 88
1 67 240 234 88
1 66 120 116 88
1 64 120 116 88
1 66 420 116 88
1 74 60 58 88
1 73 60 58 88
1 71 60 58 88
1 70 60 58 88
1 68 60 58 88
1 66 60 58 88
1 73 60 58 88
1 71 60 58 88
1 69 60 58 88
1 67 60 58 88
1 66 60 58 88
1 64 60 58 88
1 71 60 58 88
1 70 60 58 88
1 68 60 58 88
1 66 60 58 88
1 64 60 58 88
1 62 120 116 88
1 64 240 234 88
1 66 120 116 88
1 71 240 234 88
1 73 120 116 88
1 66 240 234 88
1 67 120 116 88
1 64 120 116 88
1 66 120 116 88
1 59 120 116 88
1 58 360 234 88
1 66 120 116 88
1 71 120 116 88
1 68 480 470 88
1 73 120 116 88
1 69 240 236 88
1 68 120 116 88
1 63 120 116 88
1 64 480 470 88
1 61 120 116 88
1 66 120 116 88
1 63 120 116 88
1 68 120 116 88
1 65 120 116 88
1 61 480 470 88
1 57 120 116 88
1 62 120 116 88
1 59 480 470 88
1 57 120 116 88
1 59 120 116 88
1 53 1560 116 88
1 68 120 116 88
1 63 120 116 88
1 65 120 116 88
1 61 120 116 88
1 66 240 234 88
1 65 240 234 88
1 66 480 116 88
1 56 120 116 88
1 61 120 116 88
1 57 120 116 88
1 62 120 116 88
1 59 120 116 88
1 64 120 116 88
1 61 120 116 88
1 66 120 116 88
1 64 120 116 88
1 69 120 116 88
1 62 240 234 88
1 61 120 116 88
1 63 120 116 88
1 64 120 116 88
1 59 120 116 88
1 62 240 234 88
1 61 120 116 88
1 63 120 116 88
1 64 240 234 88
1 66 240 236 88
1 71 120 116 88
1 64 240 234 88
1 62 120 116 88
1 61 120 116 88
1 59 120 116 88
1 68 120 116 88
1 71 120 116 88
1 64 480 470 88
1 62 120 116 88
1 66 120 116 88
1 59 480 476 88
1 57 120 116 88
1 61 120 116 88
1 66 360 353 88
1 71 120 116 88
1 64 120 116 88
1 69 120 116 88
1 66 360 353 88
1 64 240 234 88
1 69 240 219 88
1 69 120 116 88
1 68 120 116 88
1 69 2280 116 88
1 73 360 353 88
1 71 120 116 88
1 69 240 234 88
1 68 120 116 88
1 64 120 116 88
1 61 120 116 88
1 62 120 116 88
1 64 240 234 88
1 57 120 116 88
1 62 240 234 88
1 61 360 356 88
1 59 120 116 88
1 62 120 116 88
1 56 120 116 88
1 64 120 116 88
1 61 120 116 88
1 66 120 116 88
1 59 240 234 88
2 0 3240 0 0
2 57 480 116 88
2 56 120 116 88
2 61 120 116 88
2 57 120 116 88
2 62 120 116 88
2 59 120 116 88
2 64 120 116 88
2 61 120 116 88
2 66 120 116 88
2 64 120 116 88
2 69 120 116 88
2 62 240 234 88
2 61 120 116 88
2 63 120 116 88
2 52 480 116 88
2 49 120 116 88
2 54 120 116 88
2 52 120 116 88
2 57 120 116 88
2 54 120 116 88
2 59 120 116 88
2 56 120 116 88
2 61 120 116 88
2 59 120 116 88
2 64 120 116 88
2 57 240 234 88
2 56 120 116 88
2 59 120 116 88
2 49 480 470 88
2 45 120 116 88
2 50 120 116 88
2 47 120 116 88
2 52 120 116 88
2 40 120 116 88
2 45 120 116 88
2 57 360 353 88
2 56 120 116 88
2 52 120 116 88
2 54 120 116 88
2 47 120 116 88
2 52 120 116 88
2 49 120 116 88
2 54 120 116 88
2 50 120 116 88
2 57 120 116 88
2 54 120 116 88
2 59 120 116 88
2 52 120 116 88
2 57 120 116 88
2 54 120 116 88
2 61 240 234 88
2 59 120 116 88
2 58 120 116 88
2 59 120 116 88
2 52 120 116 88
2 54 480 476 88
2 53 120 116 88
2 56 120 116 88
2 45 240 234 88
2 47 120 116 88
2 49 240 234 88
2 37 120 116 88
2 42 480 116 88
2 53 120 116 88
2 57 120 116 88
2 54 120 116 88
2 59 120 116 88
2 56 120 116 88
2 61 120 116 88
2 57 120 116 88
2 62 120 116 88
2 61 120 116 88
2 66 120 116 88
2 59 240 234 88
2 56 120 116 88
2 58 120 116 88
2 59 120 116 88
2 47 120 116 88
2 52 120 116 88
2 50 120 116 88
2 55 120 116 88
2 52 120 116 88
2 54 240 234 88
2 42 120 116 88
2 47 480 116 88
2 52 120 116 88
2 57 120 116 88
2 56 120 116 88
2 61 120 116 88
2 57 120 116 88
2 63 120 116 88
2 59 120 116 88
2 64 120 116 88
2 57 480 470 88
2 59 120 116 88
2 54 120 116 88
2 56 480 470 88
2 49 120 116 88
2 54 120 116 88
2 51 120 116 88
2 52 240 234 88
2 45 480 470 88
2 44 120 116 88
2 49 120 116 88
2 45 120 116 88
2 47 240 234 88
2 40 3240 116 88
2 45 480 116 88
2 44 120 116 88
2 49 120 116 88
2 45 120 116 88
2 50 120 116 88
2 47 120 116 88
2 52 120 116 88
2 49 120 116 88
2 54 120 116 88
2 52 120 116 88
2 57 120 116 88
2 50 240 234 88
2 49 120 116 88
2 51 120 116 88
2 52 120 116 88
2 54 120 116 88
2 56 120 116 88
2 57 480 116 88
2 45 120 116 88
2 50 120 116 88
2 47 120 116 88
2 52 120 116 88
2 49 120 116 88
2 54 120 116 88
2 50 120 116 88
2 57 120 116 88
2 54 120 116 88
2 59 60 58 88
2 57 60 58 88
2 56 60 58 88
2 54 60 58 88
2 56 60 58 88
2 57 60 58 88
2 59 60 58 88
2 56 60 58 88
2 54 60 58 88
2 52 60 58 88
2 51 60 58 88
2 52 60 58 88
2 54 60 58 88
2 51 60 58 88
2 49 60 58 88
2 47 60 58 88
2 49 60 58 88
2 47 60 58 88
2 49 60 58 88
2 52 60 58 88
2 51 60 58 88
2 49 60 58 88
2 51 60 58 88
2 54 60 58 88
2 52 60 58 88
2 51 60 58 88
2 52 60 58 88
2 54 60 58 88
2 56 60 58 88
2 54 60 58 88
2 56 60 58 88
2 57 60 58 88
2 59 60 58 88
2 61 60 58 88
2 63 60 58 88
2 66 60 58 88
2 64 60 58 88
2 63 60 58 88
2 61 60 58 88
2 59 60 58 88
2 64 120 116 88
2 52 120 116 88
2 57 120 116 88
2 56 120 116 88
2 64 120 116 88
2 57 120 116 88
2 66 120 116 88
2 59 120 116 88
2 68 120 116 88
2 69 60 58 88
2 66 60 58 88
2 64 60 58 88
2 62 60 58 88
2 61 60 58 88
2 59 60 58 88
2 57 60 58 88
2 59 60 58 88
2 61 60 58 88
2 57 60 58 88
2 55 60 58 88
2 54 60 58 88
2 55 60 58 88
2 54 60 58 88
2 55 60 58 88
2 59 60 58 88
2 57 60 58 88
2 55 60 58 88
2 54 60 58 88
2 55 60 58 88
2 57 60 58 88
2 54 60 58 88
2 52 60 58 88
2 50 60 58 88
2 57 180 175 88
2 54 60 58 88
2 55 60 58 88
2 57 60 58 88
2 59 60 58 88
2 57 60 58 88
2 55 60 58 88
2 59 60 58 88
2 57 60 58 88
2 55 60 58 88
2 54 60 58 88
2 52 60 58 88
2 50 60 58 88
2 54 60 58 88
2 52 60 58 88
2 50 60 58 88
2 49 60 58 88
2 45 60 58 88
2 47 60 58 88
2 49 60 58 88
2 50 60 58 88
2 52 60 58 88
2 54 60 58 88
2 55 60 58 88
2 57 60 58 88
2 54 60 58 88
2 55 60 58 88
2 57 60 58 88
2 50 480 116 88
2 49 120 116 88
2 54 120 116 88
2 50 120 116 88
2 55 120 116 88
2 52 120 116 88
2 58 120 116 88
2 54 120 116 88
2 59 120 116 88
2 56 120 116 88
2 61 120 116 88
2 58 120 116 88
2 62 120 116 88
2 59 120 116 88
2 64 240 236 88
2 62 120 116 88
2 61 120 116 88
2 59 120 116 88
2 55 120 116 88
2 50 120 116 88
2 52 120 116 88
2 54 120 116 88
2 42 120 116 88
2 47 60 58 88
2 54 60 58 88
2 59 60 58 88
2 57 60 58 88
2 56 60 58 88
2 54 60 58 88
2 52 60 58 88
2 54 60 58 88
2 52 60 58 88
2 50 60 58 88
2 49 60 58 88
2 47 60 58 88
2 45 60 58 88
2 47 60 58 88
2 45 60 58 88
2 44 60 58 88
2 42 60 58 88
2 40 60 58 88
2 39 60 58 88
2 47 60 58 88
2 52 60 58 88
2 51 60 58 88
2 49 60 58 88
2 47 60 58 88
2 49 60 58 88
2 56 60 58 88
2 61 60 58 88
2 59 60 58 88
2 57 60 58 88
2 56 60 58 88
2 54 60 58 88
2 56 60 58 88
2 54 60 58 88
2 52 60 58 88
2 51 60 58 88
2 49 60 58 88
2 47 60 58 88
2 49 60 58 88
2 47 60 58 88
2 45 60 58 88
2 44 60 58 88
2 42 60 58 88
2 41 60 58 88
2 49 60 58 88
2 54 60 58 88
2 52 60 58 88
2 50 60 58 88
2 49 60 58 88
2 50 60 58 88
2 52 60 58 88
2 50 60 58 88
2 49 60 58 88
2 47 60 58 88
2 45 60 58 88
2 44 60 58 88
2 45 60 58 88
2 44 60 58 88
2 42 60 58 88
2 41 60 58 88
2 39 60 58 88
2 37 120 116 88
2 45 120 116 88
2 50 120 116 88
2 49 120 116 88
2 54 120 116 88
2 51 120 116 88
2 56 120 116 88
2 53 120 116 88
2 57 120 116 88
2 54 120 116 88
2 59 120 116 88
2 56 120 116 88
2 61 120 116 88
2 57 120 116 88
2 62 180 178 88
2 64 60 58 88
2 62 60 58 88
2 61 60 58 88
2 59 60 58 88
2 57 60 58 88
2 56 120 116 88
2 53 120 116 88
2 54 120 116 88
2 47 120 116 88
2 49 120 116 88
2 37 120 116 88
2 42 120 116 88
2 45 120 116 88
2 42 120 116 88
2 49 240 234 88
2 45 120 116 88
2 50 120 116 88
2 47 120 116 88
2 52 120 116 88
2 49 120 116 88
2 54 120 116 88
2 50 120 116 88
2 57 120 116 88
2 45 120 116 88
2 47 120 116 88
2 49 120 116 88
2 54 120 116 88
2 47 120 116 88
2 52 480 234 88
2 49 120 116 88
2 54 120 116 88
2 52 120 116 88
2 57 120 116 88
2 54 120 116 88
2 59 120 116 88
2 56 120 116 88
2 61 120 116 88
2 57 120 116 88
2 62 120 116 88
2 54 120 116 88
2 56 120 116 88
2 52 120 116 88
2 56 120 116 88
2 57 120 116 88
2 45 120 116 88
2 49 120 116 88
2 38 240 234 88
2 50 240 234 88
2 52 120 116 88
2 47 120 116 88
2 49 480 470 88
2 42 120 116 88
2 47 120 116 88
2 44 120 116 88
2 45 240 234 88
2 38 120 116 88
2 50 360 353 88
2 49 120 116 88
2 54 120 116 88
2 50 120 116 88
2 52 120 116 88
2 40 120 116 88
2 45 120 99 88
2 45 120 116 88
2 50 120 116 88
2 49 120 116 88
2 57 120 116 88
2 50 120 116 88
2 59 120 116 88
2 52 120 116 88
2 61 120 116 88
2 62 60 58 88
2 61 60 58 88
2 59 60 58 88
2 57 60 58 88
2 56 60 58 88
2 54 60 58 88
2 52 60 58 88
2 54 60 58 88
2 56 60 58 88
2 52 60 58 88
2 50 60 58 88
2 49 60 58 88
2 50 60 58 88
2 49 60 58 88
2 50 60 58 88
2 54 60 58 88
2 52 60 58 88
2 50 60 58 88
2 49 60 58 88
2 47 60 58 88
2 45 60 58 88
2 47 60 58 88
2 49 60 58 88
2 45 60 58 88
2 50 60 58 88
2 49 60 58 88
2 50 60 58 88
2 52 60 58 88
2 49 60 58 88
2 50 60 58 88
2 52 60 58 88
2 50 60 58 88
2 52 60 58 88
2 54 60 58 88
2 50 60 58 88
2 52 60 58 88
2 54 60 58 88
2 56 60 58 88
2 54 60 58 88
2 52 60 58 88
2 50 60 58 88
2 49 60 58 88
2 50 60 58 88
2 52 60 58 88
2 50 60 58 88
2 49 60 58 88
2 47 60 58 88
2 45 60 58 88
2 44 60 58 88
2 47 60 58 88
2 45 60 58 88
2 44 60 58 88
2 42 60 58 88
2 40 60 58 88
2 42 60 58 88
2 45 60 58 88
2 44 60 58 88
2 42 60 58 88
2 40 60 58 88
2 38 60 58 88
2 37 60 58 88
2 49 60 58 88
2 50 60 58 88
2 52 60 58 88
2 54 60 58 88
2 56 60 58 88
2 57 60 58 88
2 50 60 58 88
2 52 120 116 88
2 40 120 116 88
