0 0 3960 0 0
0 71 120 116 88
0 70 120 116 88
0 71 120 116 88
0 73 240 234 88
0 66 120 116 88
0 68 60 58 88
0 70 60 58 88
0 71 120 116 88
0 73 60 58 88
0 75 60 58 88
0 76 120 116 88
0 75 120 116 88
0 73 600 596 88
0 71 60 58 88
0 70 60 58 88
0 71 120 116 88
0 73 60 58 88
0 71 60 58 88
0 70 60 58 88
0 68 60 58 88
0 66 60 58 88
0 64 60 58 88
0 63 120 116 88
0 71 120 116 88
0 70 120 116 88
0 71 60 58 88
0 73 60 58 88
0 75 60 58 88
0 77 60 58 88
0 78 240 234 88
0 77 60 58 88
0 75 60 58 88
0 77 240 234 88
0 78 120 116 88
0 73 60 58 88
0 71 60 58 88
0 73 120 116 88
0 75 120 116 88
0 72 240 234 88
0 73 120 116 88
0 75 120 116 88
0 76 60 58 88
0 75 60 58 88
0 76 60 58 88
0 78 60 58 88
0 76 60 58 88
0 75 60 58 88
0 73 60 58 88
0 71 60 58 88
0 70 240 234 88
0 71 120 116 88
0 73 120 116 88
0 75 120 105 88
0 75 120 116 88
0 76 120 116 88
0 78 120 116 88
0 80 60 58 88
0 81 60 58 88
0 80 60 58 88
0 78 60 58 88
0 76 60 58 88
0 75 60 58 88
0 73 60 58 88
0 71 60 58 88
0 70 120 116 88
0 71 60 58 88
0 73 60 58 88
0 75 120 116 88
0 73 120 116 88
0 71 300 294 88
0 73 60 58 88
0 75 120 116 88
0 76 60 58 88
0 78 60 58 88
0 80 240 234 88
0 78 60 58 88
0 76 60 58 88
0 75 300 234 88
0 75 60 58 88
0 73 60 58 88
0 71 60 58 88
0 70 240 234 88
0 71 120 116 88
0 73 120 116 88
0 75 600 596 88
0 68 120 116 88
0 70 120 116 88
0 71 120 116 88
0 73 120 116 88
0 70 120 116 88
0 71 120 116 88
0 73 120 116 88
0 75 480 470 88
0 73 600 596 88
0 71 60 58 88
0 73 60 58 88
0 75 60 58 88
0 77 60 58 88
0 78 180 175 88
0 77 60 58 88
0 78 60 58 88
0 80 60 58 88
0 78 30 29 88
0 77 15 15 88
0 78 15 15 88
0 77 15 15 88
0 78 15 15 88
0 77 15 15 88
0 78 15 15 88
0 77 60 58 88
0 78 60 58 88
0 78 120 105 88
0 78 120 116 88
0 80 120 116 88
0 78 120 116 88
0 76 240 234 88
0 83 120 116 88
0 82 60 58 88
0 80 60 58 88
0 78 120 116 88
0 76 60 58 88
0 75 60 58 88
0 73 120 116 88
0 75 120 116 88
0 76 480 470 88
0 75 360 234 88
0 78 180 175 88
0 77 60 58 88
0 78 60 58 88
0 80 60 58 88
0 82 60 58 88
0 80 60 58 88
0 82 60 58 88
0 83 60 58 88
0 77 240 234 88
0 78 360 353 88
0 76 60 58 88
0 75 60 58 88
0 73 60 58 88
0 71 60 58 88
0 73 60 58 88
0 75 60 58 88
0 76 60 58 88
0 78 60 58 88
0 80 180 165 88
0 80 60 58 88
0 78 60 58 88
0 76 60 58 88
0 75 300 294 88
0 73 120 116 88
0 71 180 176 88
0 70 60 58 88
0 71 60 58 88
0 73 60 58 88
0 75 60 58 88
0 76 240 234 88
0 75 60 58 88
0 76 60 58 88
0 78 60 58 88
0 80 60 58 88
0 81 180 178 88
0 80 60 58 88
0 81 60 58 88
0 80 60 58 88
0 78 60 58 88
0 76 60 58 88
0 75 60 58 88
0 73 60 58 88
0 72 120 116 88
0 73 120 116 88
0 75 360 356 88
0 73 60 58 88
0 72 60 58 88
0 73 300 294 88
0 76 60 58 88
0 75 60 58 88
0 73 60 45 88
0 73 30 29 88
0 72 23 22 88
0 73 22 21 88
0 72 23 22 88
0 73 22 21 88
0 72 23 22 88
0 73 15 14 88
0 72 82 79 88
0 73 120 116 88
0 68 60 58 88
0 66 60 58 88
0 68 120 116 88
0 69 120 116 88
0 65 240 234 88
0 66 120 116 88
0 68 120 116 88
0 69 60 58 88
0 68 60 58 88
0 69 60 58 88
0 71 60 58 88
0 69 60 58 88
0 68 60 58 88
0 66 60 58 88
0 64 60 58 88
0 63 240 234 88
0 64 120 116 88
0 66 120 116 88
0 68 120 105 88
0 68 120 116 88
0 70 120 116 88
0 71 120 116 88
0 73 600 596 88
0 71 1920 116 88
0 78 120 116 88
0 75 120 116 88
0 76 120 116 88
0 78 240 234 88
0 71 120 116 88
0 75 60 58 88
0 77 60 58 88
0 78 120 116 88
0 80 60 58 88
0 82 60 58 88
0 83 120 116 88
0 82 120 116 88
0 80 480 470 88
0 78 360 353 88
0 76 60 58 88
0 75 60 58 88
0 73 60 58 88
0 75 60 58 88
0 76 180 175 88
0 80 60 58 88
0 78 60 58 88
0 76 60 58 88
1 0 2040 0 0
1 66 120 116 88
1 63 120 116 88
1 64 120 116 88
1 66 240 234 88
1 59 120 116 88
1 63 60 58 88
1 65 60 58 88
1 66 120 116 88
1 68 60 58 88
1 70 60 58 88
1 71 120 116 88
1 70 120 116 88
1 68 480 470 88
1 66 360 234 88
1 68 60 58 88
1 66 60 58 88
1 64 60 58 88
1 63 60 58 88
1 61 60 58 88
1 59 60 58 88
1 58 120 116 88
1 66 120 116 88
1 63 120 116 88
1 64 60 58 88
1 66 60 58 88
1 68 60 58 88
1 70 60 58 88
1 71 240 234 88
1 70 60 58 88
1 68 60 58 88
1 70 60 58 88
1 71 60 58 88
1 70 60 58 88
1 68 60 58 88
1 66 360 353 88
1 64 240 234 88
1 63 60 58 88
1 61 60 58 88
1 63 60 58 88
1 64 60 58 88
1 66 60 58 88
1 68 60 58 88
1 61 360 234 88
1 75 60 58 88
1 73 60 58 88
1 71 120 116 88
1 68 180 116 88
1 75 60 58 88
1 73 60 58 88
1 71 60 58 88
1 70 300 234 88
1 68 60 58 88
1 66 60 58 88
1 64 60 58 88
1 63 240 234 88
1 64 120 116 88
1 66 120 116 88
1 68 600 590 88
1 61 120 116 88
1 63 120 116 88
1 64 120 116 88
1 66 120 116 88
1 71 120 116 88
1 73 120 116 88
1 75 120 116 88
1 76 840 116 88
1 66 120 116 88
1 63 120 116 88
1 64 60 58 88
1 66 60 58 88
1 68 60 58 88
1 70 60 58 88
1 71 240 236 88
1 70 60 58 88
1 68 60 58 88
1 70 360 353 88
1 68 60 58 88
1 67 60 58 88
1 68 120 116 88
1 70 120 116 88
1 67 240 234 88
1 68 120 116 88
1 70 120 116 88
1 71 60 58 88
1 70 60 58 88
1 71 60 58 88
1 73 60 58 88
1 71 60 58 88
1 70 60 58 88
1 68 60 58 88
1 66 60 58 88
1 65 240 234 88
1 66 120 116 88
1 68 120 116 88
1 70 120 116 88
1 61 120 116 88
1 63 120 116 88
1 64 120 116 88
1 66 120 105 88
1 66 120 116 88
1 65 120 116 88
1 66 120 116 88
1 68 240 234 88
1 61 120 116 88
1 63 60 58 88
1 65 60 58 88
1 66 120 116 88
1 68 60 58 88
1 70 60 58 88
1 71 120 116 88
1 70 120 116 88
1 68 300 294 88
1 70 60 58 88
1 71 120 116 88
1 70 240 234 88
1 72 120 116 88
1 75 240 234 88
1 73 420 116 88
1 63 60 58 88
1 64 60 58 88
1 66 60 58 88
1 68 60 58 88
1 66 60 58 88
1 64 60 58 88
1 63 60 58 88
1 61 240 234 88
1 73 360 356 88
1 71 120 116 88
1 75 120 116 88
1 73 120 116 88
1 71 240 234 88
1 78 120 116 88
1 77 60 58 88
1 75 60 58 88
1 73 120 116 88
1 71 60 58 88
1 70 60 58 88
1 68 120 116 88
1 70 120 116 88
1 71 720 714 88
1 70 120 116 88
1 73 180 165 88
1 73 60 58 88
1 71 60 58 88
1 70 60 58 88
1 68 120 116 88
1 66 120 116 88
1 64 420 412 88
1 66 60 58 88
1 68 60 58 88
1 70 60 58 88
1 71 240 234 88
1 73 60 58 88
1 75 60 58 88
1 76 4920 116 88
1 71 120 116 88
1 70 120 116 88
1 71 120 116 88
1 73 240 234 88
1 66 120 116 88
1 68 60 58 88
1 70 60 58 88
1 71 120 116 88
1 73 60 58 88
1 75 60 58 88
1 76 120 116 88
1 75 120 116 88
1 73 600 596 88
1 71 60 58 88
1 70 60 58 88
1 71 120 116 88
1 73 60 58 88
1 71 60 58 88
1 70 60 58 88
1 68 60 58 88
1 66 60 58 88
1 64 60 58 88
1 63 120 116 88
1 71 120 116 88
1 70 120 116 88
1 71 60 58 88
1 73 60 58 88
1 75 60 58 88
1 77 60 58 88
1 78 240 234 88
1 76 60 58 88
1 75 60 58 88
1 76 360 356 88
1 75 60 58 88
1 73 60 58 88
1 71 480 470 88
1 70 240 234 88
2 0 120 0 0
2 59 120 116 88
2 58 120 116 88
2 59 120 116 88
2 61 240 234 88
2 54 120 116 88
2 56 60 58 88
2 58 60 58 88
2 59 120 116 88
2 61 60 58 88
2 63 60 58 88
2 64 120 116 88
2 63 120 105 88
2 63 45 44 88
2 61 30 29 88
2 63 30 29 88
2 61 30 29 88
2 63 30 29 88
2 61 30 29 88
2 63 30 29 88
2 61 23 22 88
2 63 22 21 88
2 61 23 22 88
2 63 22 21 88
2 61 23 22 88
2 63 22 21 88
2 61 23 22 88
2 63 22 21 88
2 61 23 22 88
2 59 22 21 88
2 61 30 29 88
2 59 360 353 88
2 61 60 58 88
2 59 60 58 88
2 58 60 58 88
2 56 60 58 88
2 54 60 58 88
2 52 60 58 88
2 51 120 116 88
2 59 120 116 88
2 58 120 116 88
2 59 60 58 88
2 61 60 58 88
2 63 60 58 88
2 65 60 58 88
2 66 240 234 88
2 64 60 58 88
2 63 60 58 88
2 64 60 58 88
2 59 60 58 88
2 64 240 236 88
2 63 120 116 88
2 61 120 116 88
2 59 240 234 88
2 58 60 58 88
2 56 60 58 88
2 58 120 116 88
2 63 120 116 88
2 56 360 234 88
2 68 60 58 88
2 66 60 58 88
2 64 120 116 88
2 61 240 116 88
2 66 60 58 88
2 64 60 58 88
2 63 120 116 88
2 61 120 116 88
2 59 120 116 88
2 56 120 116 88
2 54 3960 234 88
2 59 120 116 88
2 58 120 116 88
2 59 120 116 88
2 61 240 234 88
2 54 120 116 88
2 56 60 58 88
2 58 60 58 88
2 59 120 116 88
2 61 60 58 88
2 63 60 58 88
2 64 120 116 88
2 63 120 116 88
2 63 30 29 88
2 61 30 29 88
2 63 30 29 88
2 61 30 29 88
2 63 30 29 88
2 61 30 29 88
2 63 30 29 88
2 61 30 29 88
2 63 30 29 88
2 61 23 22 88
2 63 22 21 88
2 61 23 22 88
2 63 22 21 88
2 61 23 22 88
2 63 22 21 88
2 61 23 22 88
2 59 22 21 88
2 61 30 29 88
2 59 600 116 88
2 63 60 58 88
2 64 60 58 88
2 63 60 58 88
2 61 60 58 88
2 59 60 58 88
2 58 60 58 88
2 56 600 234 88
2 61 60 58 88
2 63 60 58 88
2 61 60 58 88
2 59 60 58 88
2 58 60 58 88
2 56 60 58 88
2 54 60 58 88
2 52 60 58 88
2 54 60 58 88
2 56 60 58 88
2 54 60 58 88
2 52 60 58 88
2 51 60 58 88
2 49 60 58 88
2 47 600 116 88
2 59 120 116 88
2 58 120 116 88
2 56 120 116 88
2 54 300 294 88
2 56 60 58 88
2 54 60 58 88
2 53 60 58 88
2 51 60 58 88
2 49 60 58 88
2 51 60 58 88
2 47 60 58 88
2 49 360 356 88
2 54 60 58 88
2 52 60 58 88
2 54 60 58 88
2 56 60 58 88
2 58 60 58 88
2 60 60 58 88
2 61 120 116 88
2 59 60 58 88
2 58 60 58 88
2 56 60 58 88
2 54 60 58 88
2 56 60 58 88
2 58 60 58 88
2 59 540 525 88
2 59 60 58 88
2 58 60 58 88
2 56 60 58 88
2 54 60 58 88
2 52 60 58 88
2 51 60 58 88
2 49 60 58 88
2 47 60 58 88
2 49 60 58 88
2 51 60 58 88
2 52 60 58 88
2 54 60 58 88
2 56 60 58 88
2 58 60 58 88
2 54 60 58 88
2 56 60 58 88
2 49 60 58 88
2 51 60 58 88
2 53 60 58 88
2 54 60 58 88
2 47 60 58 88
2 59 180 178 88
2 58 60 58 88
2 59 60 58 88
2 61 60 58 88
2 63 60 58 88
2 61 60 58 88
2 59 60 58 88
2 58 60 58 88
2 56 600 596 88
2 54 60 58 88
2 52 60 58 88
2 54 1800 470 88
2 64 120 116 88
2 63 120 116 88
2 64 120 116 88
2 66 240 234 88
2 60 120 116 88
2 61 60 58 88
2 63 60 58 88
2 64 120 116 88
2 66 60 58 88
2 68 60 58 88
2 69 120 116 88
2 68 120 116 88
2 66 300 294 88
2 69 60 58 88
2 68 60 58 88
2 66 60 58 88
2 64 300 234 88
2 61 60 58 88
2 59 60 58 88
2 57 60 58 88
2 56 240 234 88
2 57 120 116 88
2 59 120 116 88
2 61 600 590 88
2 54 120 116 88
2 56 120 116 88
2 57 120 116 88
2 59 120 105 88
2 59 120 116 88
2 61 120 116 88
2 63 120 116 88
2 64 60 58 88
2 71 60 58 88
2 70 60 58 88
2 68 60 58 88
2 66 60 58 88
2 64 60 58 88
2 63 60 58 88
2 61 60 58 88
2 63 540 116 88
2 63 60 58 88
2 61 60 58 88
2 59 60 58 88
2 58 60 58 88
2 56 60 58 88
2 54 60 58 88
2 52 60 58 88
2 54 60 58 88
2 51 60 58 88
2 52 60 58 88
2 54 60 58 88
2 56 60 58 88
2 58 60 58 88
2 59 360 353 88
2 58 180 175 88
2 56 60 58 88
2 54 360 353 88
2 52 240 234 88
2 51 60 58 88
2 49 60 58 88
2 51 120 116 88
2 56 120 116 88
2 49 1560 234 88
2 61 60 58 88
2 63 60 58 88
2 61 60 58 88
2 59 60 58 88
2 58 60 58 88
2 56 60 58 88
3 0 5880 0 0
3 54 120 116 88
3 51 120 116 88
3 52 120 116 88
3 54 240 234 88
3 47 120 116 88
3 51 60 58 88
3 53 60 58 88
3 54 120 116 88
3 56 60 58 88
3 58 60 58 88
3 59 120 116 88
3 58 120 105 88
3 58 45 44 88
3 56 30 29 88
3 58 30 29 88
3 56 30 29 88
3 58 30 29 88
3 56 30 29 88
3 58 30 29 88
3 56 23 22 88
3 58 22 21 88
3 56 23 22 88
3 58 22 21 88
3 56 23 22 88
3 58 22 21 88
3 56 120 116 88
3 54 600 234 88
3 56 60 58 88
3 57 60 58 88
3 56 60 58 88
3 54 60 58 88
3 52 60 58 88
3 51 60 58 88
3 49 120 116 88
3 61 120 116 88
3 63 120 116 88
3 64 120 116 88
3 66 120 116 88
3 54 60 58 88
3 56 60 58 88
3 54 60 58 88
3 52 60 58 88
3 51 60 58 88
3 49 60 58 88
3 47 60 58 88
3 46 60 58 88
3 47 60 58 88
3 49 60 58 88
3 47 60 58 88
3 45 60 58 88
3 44 60 58 88
3 42 60 58 88
3 40 600 116 88
3 52 120 116 88
3 51 120 116 88
3 52 60 58 88
3 54 60 58 88
3 56 360 353 88
3 54 120 116 88
3 52 240 234 88
3 54 240 234 88
3 59 120 116 88
3 47 60 58 88
3 46 60 58 88
3 47 120 116 88
3 49 120 116 88
3 51 360 234 88
3 49 120 116 88
3 47 120 116 88
3 44 120 116 88
3 46 120 116 88
3 47 120 116 88
3 49 360 234 88
3 47 120 116 88
3 46 540 525 88
3 46 60 58 88
3 47 60 58 88
3 49 60 58 88
3 47 60 58 88
3 46 60 58 88
3 44 60 58 88
3 42 60 58 88
3 41 120 116 88
3 53 120 116 88
3 54 120 116 88
3 53 120 116 88
3 51 360 353 88
3 49 120 116 88
3 47 120 116 88
3 44 120 116 88
3 49 120 116 88
3 37 120 116 88
3 42 3480 116 88
3 47 120 116 88
3 46 120 116 88
3 47 120 116 88
3 49 240 234 88
3 42 120 116 88
3 44 60 58 88
3 46 60 58 88
3 47 120 116 88
3 49 60 58 88
3 51 60 58 88
3 52 120 116 88
3 51 120 116 88
3 51 45 44 88
3 49 30 29 88
3 51 30 29 88
3 49 23 22 88
3 51 22 21 88
3 49 23 22 88
3 51 22 21 88
3 49 23 22 88
3 51 22 21 88
3 49 240 234 88
3 47 120 116 88
3 59 60 58 88
3 61 60 58 88
3 59 60 58 88
3 57 60 58 88
3 56 60 58 88
3 54 60 58 88
3 52 240 234 88
3 57 240 234 88
3 51 60 58 88
3 61 60 58 88
3 60 60 58 88
3 58 60 58 88
3 56 60 58 88
3 54 60 58 88
3 52 60 58 88
3 51 60 58 88
3 49 60 58 88
3 47 60 58 88
3 45 60 58 88
3 44 60 58 88
3 42 60 58 88
3 40 60 58 88
3 39 60 58 88
3 37 60 58 88
3 39 120 116 88
3 40 60 58 88
3 42 60 58 88
3 44 120 105 88
3 44 120 116 88
3 37 600 234 88
3 49 60 58 88
3 50 60 58 88
3 49 60 58 88
3 47 60 58 88
3 45 60 58 88
3 44 60 58 88
3 42 120 116 88
3 54 120 116 88
3 56 120 116 88
3 57 120 116 88
3 59 120 116 88
3 47 60 58 88
3 49 60 58 88
3 47 60 58 88
3 45 60 58 88
3 44 60 58 88
3 42 60 58 88
3 40 60 58 88
3 47 60 58 88
3 52 60 58 88
3 54 60 58 88
3 52 60 58 88
3 51 60 58 88
3 49 60 58 88
3 47 60 58 88
3 46 120 116 88
3 42 120 116 88
3 44 120 116 88
3 46 120 116 88
3 47 60 58 88
3 49 60 58 88
3 51 60 58 88
3 52 60 58 88
3 54 60 58 88
3 56 60 58 88
3 58 60 58 88
3 59 60 58 88
3 52 480 470 88
3 51 240 234 88
3 49 120 116 88
3 56 60 58 88
3 54 60 58 88
3 52 60 58 88
3 51 60 58 88
3 49 60 58 88
3 51 60 58 88
3 52 60 58 88
3 56 60 58 88
3 54 60 58 88
3 52 60 58 88
3 51 240 234 88
3 44 240 234 88
3 42 780 714 88
3 44 60 58 88
3 46 60 58 88
3 47 60 58 88
3 49 60 58 88
3 51 60 58 88
3 52 60 58 88
3 54 60 58 88
3 56 60 58 88
3 58 60 58 88
3 59 60 58 88
3 56 60 58 88
3 58 60 58 88
3 56 60 58 88
3 54 60 58 88
3 52 60 58 88
3 51 60 58 88
3 49 60 58 88
3 51 60 58 88
3 52 60 58 88
3 54 480 470 88
