0 0 1920 0 0
0 69 40 39 88
0 71 40 39 88
0 72 40 39 88
0 74 40 39 88
0 72 40 39 88
0 71 40 39 88
0 72 40 39 88
0 74 40 39 88
0 76 40 39 88
0 77 40 39 88
0 76 40 39 88
0 74 40 39 88
0 76 120 116 88
0 81 120 116 88
0 80 120 116 88
0 79 120 116 88
0 78 120 116 88
0 77 120 116 88
0 76 120 116 88
0 74 240 234 88
0 72 120 116 88
0 71 120 116 88
0 76 120 116 88
0 69 120 116 88
0 71 120 116 88
0 72 120 116 88
0 68 120 116 88
0 69 40 39 88
0 67 40 39 88
0 65 40 39 88
0 64 40 39 88
0 65 40 39 88
0 67 40 39 88
0 65 40 39 88
0 64 40 39 88
0 62 40 39 88
0 61 40 39 88
0 62 40 39 88
0 64 40 39 88
0 62 120 116 88
0 61 120 116 88
0 62 120 116 88
0 67 180 175 88
0 64 60 58 88
0 65 60 58 88
0 67 60 58 88
0 69 60 58 88
0 71 60 58 88
0 72 60 58 88
0 69 60 58 88
0 74 60 58 88
0 73 60 58 88
0 74 60 58 88
0 76 60 58 88
0 77 60 58 88
0 71 60 58 88
0 76 60 58 88
0 74 60 58 88
0 73 60 58 88
0 69 60 58 88
0 74 240 234 88
0 72 240 236 88
0 70 120 116 88
0 69 240 234 88
0 67 60 58 88
0 79 60 58 88
0 81 60 58 88
0 79 60 58 88
0 77 60 58 88
0 81 60 58 88
0 79 60 58 88
0 77 60 58 88
0 76 60 58 88
0 72 60 58 88
0 77 240 234 88
0 76 180 175 88
0 77 120 116 88
0 76 120 116 88
0 74 120 116 88
0 73 60 58 88
0 74 120 116 88
0 70 120 116 88
0 69 40 39 88
0 67 40 39 88
0 65 40 39 88
0 64 40 39 88
0 65 40 39 88
0 67 40 39 88
0 65 40 39 88
0 64 40 39 88
0 62 40 39 88
0 61 40 39 88
0 62 40 39 88
0 64 40 39 88
0 62 40 39 88
0 64 40 39 88
0 65 40 39 88
0 67 40 39 88
0 65 40 39 88
0 64 40 39 88
0 65 40 39 88
0 67 40 39 88
0 69 40 39 88
0 70 40 39 88
0 69 40 39 88
0 67 40 39 88
0 69 120 116 88
0 74 120 116 88
0 73 120 116 88
0 72 120 116 88
0 71 120 116 88
0 70 120 116 88
0 69 120 116 88
0 81 120 116 88
0 80 120 116 88
0 79 120 116 88
0 78 120 116 88
0 77 120 116 88
0 76 360 356 88
0 74 240 234 88
0 73 180 116 88
0 69 60 58 88
0 70 60 58 88
0 69 60 58 88
0 67 60 58 88
0 70 60 58 88
0 69 60 58 88
0 67 60 58 88
0 65 240 116 88
0 69 40 39 88
0 71 40 39 88
0 73 40 39 88
0 74 40 39 88
0 73 40 39 88
0 71 40 39 88
0 73 40 39 88
0 74 40 39 88
0 76 40 39 88
0 77 40 39 88
0 76 40 39 88
0 74 40 39 88
0 76 120 116 88
0 81 120 116 88
0 80 120 116 88
0 79 120 116 88
0 78 120 116 88
0 77 120 116 88
0 76 120 116 88
0 74 240 234 88
0 72 120 116 88
0 71 120 116 88
0 70 240 234 88
0 69 120 116 88
0 68 120 116 88
0 67 240 225 88
0 67 20 19 88
0 65 20 19 88
0 67 20 19 88
0 65 20 19 88
0 67 20 19 88
0 65 20 19 88
0 64 760 116 88
0 62 40 39 88
0 64 40 39 88
0 65 40 39 88
0 64 40 39 88
0 62 80 39 88
0 70 40 39 88
0 69 40 39 88
0 67 40 39 88
0 69 40 39 88
0 70 80 39 88
0 69 40 39 88
0 70 40 39 88
0 72 40 39 88
0 70 40 39 88
0 69 40 39 88
0 70 120 116 88
0 66 120 116 88
0 67 40 39 88
0 69 40 39 88
0 70 40 39 88
0 72 40 39 88
0 70 40 39 88
0 69 40 39 88
0 70 40 39 88
0 72 40 39 88
0 74 40 39 88
0 75 40 39 88
0 74 40 39 88
0 73 40 39 88
0 74 480 353 88
0 79 40 39 88
0 77 40 39 88
0 76 40 39 88
0 74 40 39 88
0 76 40 39 88
0 77 40 39 88
0 76 120 116 88
0 79 120 116 88
0 72 480 116 88
0 77 40 39 88
0 75 40 39 88
0 74 40 39 88
0 72 40 39 88
0 74 40 39 88
0 75 40 39 88
0 74 240 234 88
0 73 40 39 88
0 74 40 39 88
0 76 40 39 88
0 77 40 39 88
0 76 40 39 88
0 74 40 39 88
0 76 40 39 88
0 77 40 39 88
0 79 40 39 88
0 81 40 39 88
0 79 40 39 88
0 77 40 39 88
0 79 120 116 88
0 77 120 116 88
0 76 300 294 88
0 74 60 58 88
0 75 60 58 88
0 74 60 58 88
0 73 60 58 88
0 76 60 58 88
0 74 60 58 88
0 72 60 58 88
0 71 120 116 88
0 70 120 116 88
0 69 360 353 88
0 67 240 234 88
0 65 120 116 88
0 64 240 234 88
0 62 1440 234 88
0 62 40 39 88
0 64 40 39 88
0 65 40 39 88
0 67 40 39 88
0 65 40 39 88
0 64 40 39 88
0 65 40 39 88
0 67 40 39 88
0 69 40 39 88
0 70 40 39 88
0 69 40 39 88
0 67 40 39 88
0 69 120 116 88
0 74 120 116 88
0 73 120 116 88
0 72 120 116 88
0 71 120 116 88
0 70 120 116 88
0 69 120 116 88
0 67 180 165 88
0 67 60 58 88
0 65 60 58 88
0 64 60 58 88
0 65 25 24 88
0 64 25 24 88
0 65 25 24 88
0 64 23 22 88
0 65 22 21 88
0 64 60 58 88
0 62 60 45 88
1 62 40 39 88
1 64 40 39 88
1 65 40 39 88
1 67 40 39 88
1 65 40 39 88
1 64 40 39 88
1 65 40 39 88
1 67 40 39 88
1 69 40 39 88
1 70 40 39 88
1 69 40 39 88
1 67 40 39 88
1 69 120 116 88
1 74 120 116 88
1 73 120 116 88
1 72 120 116 88
1 71 120 116 88
1 70 120 116 88
1 69 120 116 88
1 67 240 234 88
1 65 120 116 88
1 64 120 116 88
1 69 120 116 88
1 65 120 116 88
1 62 120 116 88
1 69 300 116 88
1 59 60 58 88
1 60 60 58 88
1 62 60 58 88
1 64 60 58 88
1 66 60 58 88
1 67 60 58 88
1 64 60 58 88
1 69 60 58 88
1 68 60 58 88
1 69 60 58 88
1 71 60 58 88
1 72 60 58 88
1 66 60 58 88
1 71 60 58 88
1 69 60 58 88
1 68 60 58 88
1 64 60 58 88
1 69 240 234 88
1 67 160 159 88
1 65 40 39 88
1 64 40 39 88
1 62 40 39 88
1 64 40 39 88
1 65 40 39 88
1 64 40 39 88
1 62 40 39 88
1 60 40 39 88
1 59 40 39 88
1 60 40 39 88
1 62 40 39 88
1 60 120 116 88
1 61 120 116 88
1 62 120 116 88
1 55 120 116 88
1 53 120 116 88
1 58 120 116 88
1 57 120 116 88
1 62 120 116 88
1 61 120 116 88
1 62 120 116 88
1 64 240 234 88
1 62 540 234 88
1 69 60 58 88
1 70 60 58 88
1 69 60 58 88
1 67 60 58 88
1 70 60 58 88
1 69 60 58 88
1 67 60 58 88
1 66 120 116 88
1 67 240 234 88
1 65 240 234 88
1 64 120 116 88
1 62 240 234 88
1 60 60 58 88
1 72 60 58 88
1 74 60 58 88
1 72 60 58 88
1 70 60 58 88
1 74 60 58 88
1 72 60 58 88
1 70 60 58 88
1 69 120 116 88
1 67 120 116 88
1 65 120 116 88
1 64 120 116 88
1 65 120 116 88
1 61 120 116 88
1 62 360 353 88
1 58 120 116 88
1 57 280 279 88
1 55 40 39 88
1 53 40 39 88
1 52 40 39 88
1 53 40 39 88
1 55 40 39 88
1 53 180 175 88
1 55 120 58 88
1 55 60 58 88
1 54 180 116 88
1 53 60 58 88
1 52 180 116 88
1 51 60 58 88
1 50 180 116 88
1 50 60 58 88
1 49 120 116 88
1 50 60 58 88
1 69 60 58 88
1 70 60 58 88
1 69 60 58 88
1 67 60 58 88
1 70 60 58 88
1 69 60 58 88
1 67 60 58 88
1 65 240 234 88
1 64 360 353 88
1 62 240 234 88
1 61 120 116 88
1 62 40 39 88
1 64 40 39 88
1 65 40 39 88
1 67 40 39 88
1 65 40 39 88
1 64 40 39 88
1 65 40 39 88
1 67 40 39 88
1 69 40 39 88
1 70 40 39 88
1 69 40 39 88
1 67 40 39 88
1 69 120 116 88
1 74 120 116 88
1 73 120 116 88
1 72 120 116 88
1 71 120 116 88
1 70 120 116 88
1 69 240 225 88
1 69 180 116 88
1 65 60 58 88
1 64 180 165 88
1 64 60 58 88
1 62 180 165 88
1 62 60 58 88
1 60 180 165 88
1 60 60 58 88
1 59 180 175 88
1 58 60 58 88
1 57 240 116 88
1 69 40 39 88
1 67 40 39 88
1 65 40 39 88
1 64 40 39 88
1 65 40 39 88
1 67 40 39 88
1 65 40 39 88
1 64 40 39 88
1 62 40 39 88
1 61 40 39 88
1 62 40 39 88
1 64 40 39 88
1 62 120 116 88
1 57 120 116 88
1 58 120 116 88
1 59 120 116 88
1 60 120 116 88
1 61 120 116 88
1 62 960 590 88
1 74 40 39 88
1 72 40 39 88
1 71 40 39 88
1 69 40 39 88
1 71 40 39 88
1 72 40 39 88
1 71 120 116 88
1 74 120 116 88
1 67 120 116 88
1 71 120 116 88
1 72 240 116 88
1 72 40 39 88
1 70 40 39 88
1 69 40 39 88
1 67 40 39 88
1 69 40 39 88
1 70 40 39 88
1 69 120 116 88
1 72 120 116 88
1 65 120 116 88
1 69 120 116 88
1 70 120 116 88
1 69 660 645 88
1 69 60 58 88
1 70 60 58 88
1 69 60 58 88
1 67 60 58 88
1 70 60 58 88
1 69 60 58 88
1 67 60 58 88
1 65 120 116 88
1 58 120 116 88
1 57 240 234 88
1 55 120 116 88
1 67 240 236 88
1 65 60 58 88
1 64 60 58 88
1 62 60 58 88
1 65 60 58 88
1 64 60 58 88
1 62 60 58 88
1 61 120 116 88
1 62 240 234 88
1 61 120 116 88
1 62 60 58 88
1 60 60 58 88
1 58 60 58 88
1 57 60 58 88
1 55 60 58 88
1 58 60 58 88
1 57 60 58 88
1 55 60 58 88
1 53 60 58 88
1 57 60 58 88
1 55 60 58 88
1 53 60 58 88
1 52 60 58 88
1 50 60 58 88
1 49 60 58 88
1 52 60 58 88
1 50 40 39 88
1 52 40 39 88
1 53 40 39 88
1 55 40 39 88
1 53 40 39 88
1 52 40 39 88
1 53 40 39 88
1 55 40 39 88
1 57 40 39 88
1 58 40 39 88
1 57 40 39 88
1 55 40 39 88
1 57 280 274 88
1 55 40 39 88
1 53 40 39 88
1 52 40 39 88
1 53 40 39 88
1 55 40 39 88
1 53 120 116 88
1 65 120 116 88
1 64 120 116 88
1 69 300 294 88
1 67 120 116 88
1 65 120 105 88
1 65 60 58 88
1 64 120 116 88
1 62 240 234 88
1 61 120 116 88
2 0 4800 0 0
2 50 40 39 88
2 52 40 39 88
2 53 40 39 88
2 55 40 39 88
2 53 40 39 88
2 52 40 39 88
2 53 40 39 88
2 55 40 39 88
2 57 40 39 88
2 58 40 39 88
2 57 40 39 88
2 55 40 39 88
2 57 120 116 88
2 62 120 116 88
2 61 120 116 88
2 60 120 116 88
2 59 120 116 88
2 58 120 116 88
2 57 120 116 88
2 55 240 234 88
2 53 120 116 88
2 52 120 116 88
2 57 120 116 88
2 50 60 58 88
2 62 60 58 88
2 63 60 58 88
2 62 60 58 88
2 60 60 58 88
2 63 60 58 88
2 62 60 58 88
2 60 60 58 88
2 59 60 58 88
2 55 60 58 88
2 60 240 234 88
2 58 240 236 88
2 57 120 116 88
2 55 120 116 88
2 60 120 116 88
2 53 40 39 88
2 55 40 39 88
2 57 40 39 88
2 58 40 39 88
2 57 40 39 88
2 55 40 39 88
2 57 120 116 88
2 45 120 116 88
2 50 40 39 88
2 52 40 39 88
2 53 40 39 88
2 55 40 39 88
2 53 40 39 88
2 52 40 39 88
2 53 40 39 88
2 55 40 39 88
2 57 40 39 88
2 58 40 39 88
2 57 40 39 88
2 55 40 39 88
2 57 120 116 88
2 55 120 116 88
2 53 40 39 88
2 52 40 39 88
2 50 40 39 88
2 49 40 39 88
2 50 40 39 88
2 52 40 39 88
2 50 300 294 88
2 48 60 58 88
2 46 120 116 88
2 45 180 175 88
2 50 60 58 88
2 43 180 175 88
2 48 60 58 88
2 41 180 175 88
2 46 60 58 88
2 40 180 175 88
2 45 60 58 88
2 38 120 116 88
2 50 240 234 88
2 49 120 116 88
2 50 60 58 88
2 57 60 58 88
2 58 60 58 88
2 57 60 58 88
2 55 60 58 88
2 58 60 58 88
2 57 60 58 88
2 55 60 58 88
2 53 240 234 88
2 52 240 234 88
2 50 780 116 88
2 47 60 58 88
2 48 60 58 88
2 50 60 58 88
2 52 60 58 88
2 54 60 58 88
2 55 60 58 88
2 52 60 58 88
2 57 60 58 88
2 56 60 58 88
2 57 60 58 88
2 59 60 58 88
2 60 60 58 88
2 54 60 58 88
2 59 60 58 88
2 57 60 58 88
2 56 60 58 88
2 52 60 58 88
2 57 180 178 88
2 50 60 58 88
2 55 60 58 88
2 53 60 58 88
2 52 60 58 88
2 48 60 58 88
2 53 180 175 88
2 47 60 58 88
2 52 60 58 88
2 50 60 58 88
2 49 60 58 88
2 45 60 58 88
2 50 240 236 88
2 49 120 116 88
2 50 40 39 88
2 48 40 39 88
2 46 40 39 88
2 45 40 39 88
2 46 40 39 88
2 48 40 39 88
2 46 40 39 88
2 45 40 39 88
2 43 40 39 88
2 42 40 39 88
2 43 40 39 88
2 45 40 39 88
2 43 120 116 88
2 38 120 116 88
2 39 120 116 88
2 40 120 116 88
2 41 120 116 88
2 42 120 116 88
2 43 40 39 88
2 45 40 39 88
2 46 40 39 88
2 48 40 39 88
2 46 40 39 88
2 45 40 39 88
2 46 40 39 88
2 48 40 39 88
2 50 40 39 88
2 51 40 39 88
2 50 40 39 88
2 48 40 39 88
2 50 120 116 88
2 55 240 234 88
2 54 120 116 88
2 55 40 39 88
2 53 40 39 88
2 52 40 39 88
2 50 40 39 88
2 52 40 39 88
2 53 40 39 88
2 52 120 116 88
2 55 120 116 88
2 60 40 39 88
2 58 40 39 88
2 57 40 39 88
2 55 40 39 88
2 57 40 39 88
2 58 40 39 88
2 57 120 116 88
2 60 120 116 88
2 53 40 39 88
2 51 40 39 88
2 50 40 39 88
2 48 40 39 88
2 50 40 39 88
2 51 40 39 88
2 50 120 116 88
2 53 120 116 88
2 58 40 39 88
2 57 40 39 88
2 55 40 39 88
2 54 40 39 88
2 55 40 39 88
2 57 40 39 88
2 55 40 39 88
2 53 40 39 88
2 52 40 39 88
2 50 40 39 88
2 52 40 39 88
2 53 40 39 88
2 52 40 39 88
2 50 40 39 88
2 49 40 39 88
2 47 40 39 88
2 49 40 39 88
2 50 40 39 88
2 49 60 58 88
2 45 60 58 88
2 50 240 236 88
2 49 120 116 88
2 50 120 116 88
2 55 240 234 88
2 54 120 116 88
2 55 60 58 88
2 53 60 58 88
2 52 60 58 88
2 50 60 58 88
2 49 60 58 88
2 52 60 58 88
2 50 60 58 88
2 48 60 58 88
2 47 120 116 88
2 46 120 116 88
2 45 60 58 88
2 57 60 58 88
2 58 60 58 88
2 57 60 58 88
2 55 60 58 88
2 58 60 58 88
2 57 60 58 88
2 55 60 58 88
2 53 60 58 88
2 57 60 58 88
2 55 60 58 88
2 53 60 58 88
2 52 60 58 88
2 50 60 58 88
2 49 60 58 88
2 52 60 58 88
2 50 60 58 88
2 48 60 58 88
2 46 60 58 88
2 45 60 58 88
2 43 60 58 88
2 46 60 58 88
2 45 60 58 88
2 43 60 58 88
2 41 120 116 88
2 46 120 116 88
2 45 40 39 88
2 43 40 39 88
2 41 40 39 88
2 40 40 39 88
2 41 40 39 88
2 43 40 39 88
2 41 40 39 88
2 40 40 39 88
2 38 40 39 88
2 37 40 39 88
2 38 40 39 88
2 40 40 39 88
2 38 300 116 88
2 40 60 58 88
2 41 60 58 88
2 43 60 58 88
2 45 60 58 88
2 47 60 58 88
2 48 60 58 88
2 45 60 58 88
2 50 60 58 88
2 49 60 58 88
2 50 60 58 88
2 52 60 58 88
2 53 60 58 88
2 47 60 58 88
2 52 60 58 88
2 50 60 58 88
2 49 60 58 88
2 45 60 58 88
2 50 60 58 88
2 55 60 58 88
2 57 120 116 88
2 45 120 116 88
