0 72 120 116 88
0 65 23 22 88
0 64 30 29 88
0 65 67 48 88
0 65 120 101 88
0 65 120 116 88
0 73 60 58 88
0 70 60 58 88
0 64 120 101 88
0 64 120 101 88
0 64 60 58 88
0 65 60 58 88
0 67 60 58 88
0 68 60 58 88
0 70 60 58 88
0 68 60 58 88
0 67 60 58 88
0 68 60 58 88
0 70 60 58 88
0 73 60 58 88
0 72 60 58 88
0 70 60 58 88
0 68 60 58 88
0 67 60 58 88
0 65 60 58 88
0 67 60 58 88
0 68 60 58 88
0 70 60 58 88
0 72 60 58 88
0 74 60 58 88
0 75 60 58 88
0 74 60 58 88
0 72 60 58 88
0 74 60 58 88
0 75 60 58 88
0 79 60 58 88
0 77 60 58 88
0 75 60 58 88
0 74 60 58 88
0 72 60 58 88
0 71 60 58 88
0 69 60 58 88
0 67 60 58 88
0 69 60 58 88
0 71 60 58 88
0 72 60 58 88
0 74 120 116 88
0 77 120 116 88
0 80 120 116 88
0 71 120 116 88
0 72 120 116 88
0 75 120 116 88
0 79 120 116 88
0 84 120 116 88
0 73 120 116 88
0 84 120 116 88
0 82 120 116 88
0 73 120 116 88
0 72 120 116 88
0 75 120 116 88
0 80 120 116 88
0 72 120 116 88
0 70 120 116 88
0 80 120 116 88
0 79 120 116 88
0 70 120 116 88
0 68 60 58 88
0 72 60 58 88
0 77 60 58 88
0 75 60 58 88
0 73 300 298 88
0 72 60 58 88
0 70 60 58 88
0 68 60 58 88
0 67 360 356 88
0 73 120 116 88
0 72 360 356 88
0 73 120 116 88
0 72 360 356 88
0 73 120 116 88
0 72 360 341 88
0 72 120 101 88
0 72 120 116 88
0 80 120 116 88
0 70 60 58 88
0 72 60 58 88
0 73 60 58 88
0 72 60 58 88
0 70 60 58 88
0 72 60 58 88
0 73 60 58 88
0 72 60 58 88
0 70 120 101 88
0 70 120 101 88
0 70 120 116 88
0 79 120 116 88
0 68 60 58 88
0 70 60 58 88
0 72 60 58 88
0 70 60 58 88
0 68 60 58 88
0 70 60 58 88
0 72 60 58 88
0 70 60 58 88
0 68 120 101 88
0 68 120 101 88
0 68 120 116 88
0 73 180 178 88
0 65 60 58 88
0 67 60 58 88
0 68 60 58 88
0 70 60 58 88
0 72 60 58 88
0 73 60 58 88
0 70 60 58 88
0 72 60 58 88
0 73 60 58 88
0 70 60 58 88
0 72 60 58 88
0 73 60 58 88
0 72 60 58 88
0 70 60 58 88
0 68 60 58 88
0 67 60 58 88
0 68 60 58 88
0 70 60 58 88
0 67 60 58 88
0 63 120 116 88
0 75 120 116 88
0 68 23 22 88
0 67 30 29 88
0 68 67 48 88
0 68 120 101 88
0 68 120 116 88
0 77 60 58 88
0 73 60 58 88
0 67 120 101 88
0 67 120 101 88
0 67 60 58 88
0 68 60 58 88
0 70 60 58 88
0 72 60 58 88
0 73 60 58 88
0 72 60 58 88
0 70 60 58 88
0 72 60 58 88
0 73 60 58 88
0 77 60 58 88
0 75 60 58 88
0 73 60 58 88
0 72 60 58 88
0 70 60 58 88
0 68 60 58 88
0 67 60 58 88
0 68 60 58 88
0 70 60 58 88
0 72 60 58 88
0 74 60 58 88
0 75 360 341 88
0 75 120 116 88
0 80 60 58 88
0 79 60 58 88
0 80 60 58 88
0 82 60 58 88
0 80 60 58 88
0 79 60 58 88
0 77 60 58 88
0 75 60 58 88
0 74 540 538 88
0 72 60 58 88
0 71 60 58 88
0 72 60 58 88
0 74 60 58 88
0 77 60 58 88
0 75 60 58 88
0 74 60 58 88
0 75 120 101 88
0 75 120 101 88
0 75 720 710 88
0 74 120 101 88
0 74 120 101 88
0 74 720 710 88
0 72 120 101 88
0 72 120 101 88
0 72 120 116 88
0 77 120 116 88
0 71 60 58 88
0 72 60 58 88
0 74 420 353 88
0 67 60 58 88
0 72 180 161 88
0 72 120 116 88
0 71 60 58 88
0 72 360 234 88
0 72 60 58 88
0 70 60 58 88
0 68 300 234 88
0 68 60 58 88
0 70 60 58 88
0 73 120 101 88
0 73 60 58 88
0 72 60 58 88
0 70 60 58 88
0 79 600 593 88
0 76 120 116 88
0 77 840 116 88
0 81 120 116 88
0 82 120 116 88
0 75 120 116 88
0 73 120 116 88
0 82 240 236 88
0 84 60 58 88
0 82 60 58 88
0 80 60 58 88
0 79 60 58 88
0 77 60 58 88
0 76 60 58 88
0 77 600 596 88
0 82 60 58 88
0 80 60 58 88
0 79 60 58 88
0 77 60 58 88
0 76 60 58 88
0 74 60 58 88
0 76 60 58 88
0 77 60 58 88
0 76 60 58 88
0 74 60 58 88
0 72 60 58 88
0 70 60 58 88
0 68 60 58 88
0 67 60 58 88
0 68 60 58 88
0 65 60 58 88
0 68 60 58 88
0 72 60 58 88
0 77 60 58 88
0 72 60 58 88
0 70 60 58 88
0 68 60 58 88
0 70 60 58 88
0 67 60 58 88
0 70 60 58 88
0 76 60 58 88
0 79 60 58 88
0 77 60 58 88
0 76 60 58 88
0 74 60 58 88
0 72 60 58 88
0 74 60 58 88
0 76 60 58 88
0 79 60 58 88
0 84 60 58 88
0 82 60 58 88
0 80 60 58 88
0 79 60 58 88
0 77 60 58 88
0 78 60 58 88
0 77 60 58 88
0 75 60 58 88
0 73 60 58 88
0 72 60 58 88
0 70 60 58 88
0 69 60 58 88
0 70 120 116 88
0 65 120 116 88
0 73 300 281 88
0 73 240 221 88
0 73 240 238 88
0 72 240 221 88
0 72 240 238 88
0 70 60 58 88
0 69 60 58 88
0 67 60 58 88
0 69 60 58 88
0 70 60 58 88
0 72 240 236 88
0 70 60 58 88
0 69 60 58 88
0 70 120 116 88
0 73 120 116 88
0 67 120 116 88
0 72 60 58 88
0 74 60 58 88
0 76 120 116 88
0 77 120 116 88
0 79 120 116 88
0 77 120 116 88
0 76 120 116 88
0 77 120 116 88
0 79 300 294 88
0 77 60 58 88
0 76 60 58 88
0 77 60 58 88
0 79 300 294 88
0 77 60 58 88
0 76 60 58 88
0 77 60 58 88
0 82 60 58 88
0 77 60 58 88
0 76 60 58 88
0 74 60 58 88
0 76 60 58 88
0 77 60 58 88
0 79 240 236 88
0 77 60 58 88
0 76 60 58 88
0 77 120 116 88
0 79 120 116 88
0 80 120 101 88
0 80 120 101 88
0 80 720 710 88
0 79 120 101 88
0 79 120 101 88
0 79 720 710 88
0 77 360 234 88
0 77 120 116 88
0 75 360 234 88
0 77 120 116 88
0 70 120 101 88
0 70 120 101 88
0 70 120 116 88
0 78 60 58 88
0 75 60 58 88
0 69 120 101 88
0 69 120 101 88
0 69 60 58 88
0 70 60 58 88
0 72 60 58 88
0 73 60 58 88
0 75 60 58 88
0 73 60 58 88
0 72 60 58 88
0 73 60 58 88
0 75 60 58 88
0 78 60 58 88
0 77 60 58 88
0 75 60 58 88
0 73 120 101 88
0 73 120 101 88
0 73 240 116 88
0 73 120 101 88
0 73 120 101 88
0 73 240 116 88
0 64 360 116 88
0 76 120 116 88
0 77 120 116 88
0 72 120 101 88
0 72 120 116 88
0 80 120 116 88
0 70 60 58 88
0 72 60 58 88
0 73 60 58 88
0 72 60 58 88
0 70 60 58 88
0 72 60 58 88
0 73 60 58 88
0 72 60 58 88
0 70 120 101 88
0 70 120 101 88
0 70 120 116 88
0 79 120 116 88
0 68 60 58 88
0 70 60 58 88
0 72 60 58 88
0 70 60 58 88
0 68 60 58 88
0 70 60 58 88
0 72 60 58 88
0 70 60 58 88
0 68 120 101 88
0 68 120 101 88
0 68 120 116 88
0 77 120 116 88
0 67 60 58 88
0 68 60 58 88
0 70 60 58 88
0 68 60 58 88
0 67 60 58 88
0 73 60 58 88
0 72 60 58 88
0 70 60 58 88
0 68 180 175 88
0 67 60 58 88
0 68 23 22 88
0 67 30 29 88
0 68 22 21 88
0 67 23 22 88
0 68 22 21 88
0 67 60 58 88
0 65 60 58 88
1 0 1920 0 0
1 65 120 116 88
1 60 120 101 88
1 60 120 101 88
1 60 120 116 88
1 68 60 58 88
1 65 60 58 88
1 59 120 101 88
1 59 120 101 88
1 59 60 58 88
1 60 60 58 88
1 62 60 58 88
1 63 60 58 88
1 65 60 58 88
1 63 60 58 88
1 62 60 58 88
1 63 60 58 88
1 65 60 58 88
1 68 60 58 88
1 67 60 58 88
1 65 60 58 88
1 63 60 58 88
1 62 60 58 88
1 60 60 58 88
1 62 60 58 88
1 63 60 58 88
1 65 60 58 88
1 67 60 58 88
1 69 60 58 88
1 70 60 58 88
1 68 60 58 88
1 67 60 58 88
1 65 60 58 88
1 67 60 58 88
1 70 60 58 88
1 68 60 58 88
1 67 60 58 88
1 68 60 58 88
1 70 60 58 88
1 72 60 58 88
1 70 60 58 88
1 68 60 58 88
1 67 60 58 88
1 65 60 58 88
1 63 60 58 88
1 62 60 58 88
1 65 60 58 88
1 64 60 58 88
1 62 60 58 88
1 64 60 58 88
1 67 60 58 88
1 65 60 58 88
1 64 60 58 88
1 65 300 116 88
1 72 60 58 88
1 70 60 58 88
1 68 60 58 88
1 67 300 234 88
1 65 60 58 88
1 64 60 58 88
1 62 60 58 88
1 64 360 341 88
1 64 120 116 88
1 65 300 294 88
1 68 60 58 88
1 67 60 58 88
1 65 60 58 88
1 64 60 58 88
1 67 60 58 88
1 70 180 175 88
1 67 60 58 88
1 65 60 58 88
1 64 60 58 88
1 68 120 101 88
1 68 120 101 88
1 68 720 710 88
1 67 120 101 88
1 67 120 101 88
1 67 720 710 88
1 65 120 101 88
1 65 120 101 88
1 65 240 234 88
1 63 3240 116 88
1 68 120 116 88
1 63 120 101 88
1 63 120 101 88
1 63 120 116 88
1 72 60 58 88
1 68 60 58 88
1 62 120 101 88
1 62 120 101 88
1 62 60 58 88
1 63 60 58 88
1 65 60 58 88
1 67 60 58 88
1 68 60 58 88
1 67 60 58 88
1 65 60 58 88
1 67 60 58 88
1 68 60 58 88
1 72 60 58 88
1 70 60 58 88
1 68 60 58 88
1 67 600 581 88
1 67 120 101 88
1 67 120 116 88
1 75 120 116 88
1 65 60 58 88
1 67 60 58 88
1 68 60 58 88
1 67 60 58 88
1 65 60 58 88
1 67 60 58 88
1 68 60 58 88
1 67 60 58 88
1 65 120 101 88
1 65 120 101 88
1 65 120 116 88
1 74 120 116 88
1 63 60 58 88
1 65 60 58 88
1 67 60 58 88
1 65 60 58 88
1 63 60 58 88
1 65 60 58 88
1 67 60 58 88
1 65 60 58 88
1 63 120 101 88
1 63 120 101 88
1 63 120 116 88
1 68 300 281 88
1 68 60 58 88
1 67 60 58 88
1 65 60 58 88
1 63 60 58 88
1 62 60 58 88
1 63 180 161 88
1 63 60 58 88
1 62 120 116 88
1 65 180 161 88
1 65 60 58 88
1 64 60 58 88
1 62 60 58 88
1 64 60 58 88
1 67 240 221 88
1 67 60 58 88
1 65 60 58 88
1 64 60 58 88
1 65 240 234 88
1 67 360 234 88
1 76 120 116 88
1 73 120 116 88
1 70 120 116 88
1 67 300 234 88
1 70 60 58 88
1 68 60 58 88
1 67 60 58 88
1 65 60 58 88
1 67 60 58 88
1 68 60 58 88
1 70 60 58 88
1 72 120 116 88
1 75 120 116 88
1 78 360 356 88
1 69 120 116 88
1 70 120 116 88
1 73 120 116 88
1 72 600 116 88
1 68 120 116 88
1 73 120 116 88
1 72 120 116 88
1 70 600 116 88
1 55 60 58 88
1 56 60 58 88
1 58 120 116 88
1 60 120 116 88
1 53 120 101 88
1 53 120 101 88
1 53 120 116 88
1 61 60 58 88
1 58 60 58 88
1 52 120 101 88
1 52 120 101 88
1 52 60 58 88
1 53 60 58 88
1 55 60 58 88
1 56 60 58 88
1 58 60 58 88
1 56 60 58 88
1 55 60 58 88
1 56 60 58 88
1 58 60 58 88
1 61 60 58 88
1 60 60 58 88
1 58 60 58 88
1 56 120 116 88
1 57 120 116 88
1 58 120 116 88
1 60 120 116 88
1 61 360 116 88
1 70 60 58 88
1 68 60 58 88
1 66 120 101 88
1 66 60 58 88
1 65 60 58 88
1 66 120 101 88
1 66 60 58 88
1 65 60 58 88
1 66 120 116 88
1 63 60 58 88
1 61 60 58 88
1 63 120 101 88
1 63 60 58 88
1 61 60 58 88
1 63 540 538 88
1 60 60 58 88
1 61 60 58 88
1 65 60 58 88
1 63 60 58 88
1 61 60 58 88
1 60 60 58 88
1 58 60 58 88
1 64 120 116 88
1 65 120 116 88
1 67 120 116 88
1 68 120 116 88
1 70 120 101 88
1 70 60 58 88
1 68 60 58 88
1 70 300 298 88
1 76 60 58 88
1 73 60 58 88
1 72 60 58 88
1 70 300 298 88
1 76 60 58 88
1 73 60 58 88
1 72 60 58 88
1 70 480 234 88
1 70 300 298 88
1 67 60 58 88
1 68 60 58 88
1 73 60 58 88
1 72 60 58 88
1 70 60 58 88
1 68 60 58 88
1 67 60 58 88
1 65 120 116 88
1 72 120 101 88
1 72 120 116 88
1 80 120 116 88
1 70 60 58 88
1 72 60 58 88
1 73 60 58 88
1 72 60 58 88
1 70 60 58 88
1 72 60 58 88
1 73 60 58 88
1 72 60 58 88
1 70 120 101 88
1 70 120 101 88
1 70 120 116 88
1 79 120 116 88
1 68 60 58 88
1 70 60 58 88
1 72 60 58 88
1 70 60 58 88
1 68 60 58 88
1 70 60 58 88
1 72 60 58 88
1 70 60 58 88
1 68 120 101 88
1 68 120 116 88
1 73 360 356 88
1 72 60 58 88
1 70 60 58 88
1 69 300 116 88
1 53 60 58 88
1 55 60 58 88
1 57 60 58 88
1 58 300 116 88
1 60 60 58 88
1 63 60 58 88
1 61 60 58 88
1 60 60 58 88
1 58 60 58 88
1 57 60 58 88
1 55 60 58 88
1 53 360 58 88
1 72 120 116 88
1 65 120 101 88
1 65 120 101 88
1 65 120 116 88
1 73 60 58 88
1 70 60 58 88
1 64 120 101 88
1 64 120 101 88
1 64 60 58 88
1 65 60 58 88
1 67 60 58 88
1 68 60 58 88
1 70 60 58 88
1 68 60 58 88
1 67 60 58 88
1 68 60 58 88
1 70 60 58 88
1 73 60 58 88
1 72 60 58 88
1 70 60 58 88
1 68 120 101 88
1 68 120 101 88
1 68 720 710 88
1 67 120 101 88
1 67 120 101 88
1 67 720 710 88
1 65 120 101 88
1 65 120 101 88
1 65 360 356 88
1 64 240 116 88
1 64 120 116 88
1 65 240 234 88
1 64 240 234 88
2 0 5280 0 0
2 60 120 116 88
2 53 120 101 88
2 53 120 101 88
2 53 120 116 88
2 61 60 58 88
2 58 60 58 88
2 52 120 101 88
2 52 120 101 88
2 52 60 58 88
2 53 60 58 88
2 55 60 58 88
2 56 60 58 88
2 58 60 58 88
2 56 60 58 88
2 55 60 58 88
2 56 60 58 88
2 58 60 58 88
2 61 60 58 88
2 60 60 58 88
2 58 60 58 88
2 56 60 58 88
2 55 60 58 88
2 53 60 58 88
2 55 60 58 88
2 56 60 58 88
2 60 60 58 88
2 58 60 58 88
2 56 60 58 88
2 55 60 58 88
2 53 60 58 88
2 52 60 58 88
2 53 60 58 88
2 55 60 58 88
2 58 60 58 88
2 56 60 58 88
2 55 60 58 88
2 53 60 58 88
2 56 60 58 88
2 60 60 58 88
2 65 60 58 88
2 60 60 58 88
2 56 60 58 88
2 53 60 58 88
2 56 60 58 88
2 49 120 116 88
2 53 120 116 88
2 49 120 116 88
2 46 120 116 88
2 51 60 58 88
2 55 60 58 88
2 58 60 58 88
2 63 60 58 88
2 58 60 58 88
2 55 60 58 88
2 51 60 58 88
2 55 60 58 88
2 48 120 116 88
2 51 120 116 88
2 48 120 116 88
2 44 120 116 88
2 49 60 58 88
2 51 60 58 88
2 53 60 58 88
2 51 60 58 88
2 49 60 58 88
2 48 60 58 88
2 46 60 58 88
2 44 60 58 88
2 43 120 116 88
2 46 120 116 88
2 43 120 116 88
2 39 120 116 88
2 44 120 116 88
2 43 120 116 88
2 41 120 116 88
2 50 120 116 88
2 51 120 116 88
2 39 180 116 88
2 61 60 58 88
2 60 60 58 88
2 58 60 58 88
2 60 60 58 88
2 63 60 58 88
2 60 60 58 88
2 56 60 58 88
2 53 60 58 88
2 63 60 58 88
2 61 60 58 88
2 60 60 58 88
2 58 60 58 88
2 61 60 58 88
2 58 60 58 88
2 55 60 58 88
2 51 60 58 88
2 60 60 58 88
2 58 60 58 88
2 56 60 58 88
2 55 60 58 88
2 56 60 58 88
2 55 60 58 88
2 53 60 58 88
2 51 60 58 88
2 49 60 58 88
2 48 60 58 88
2 46 60 58 88
2 44 120 116 88
2 56 120 116 88
2 55 120 116 88
2 53 120 116 88
2 60 60 58 88
2 58 60 58 88
2 60 60 58 88
2 61 60 58 88
2 60 60 58 88
2 58 60 58 88
2 56 60 58 88
2 55 60 58 88
2 53 240 234 88
2 58 360 356 88
2 56 60 58 88
2 55 60 58 88
2 53 60 58 88
2 51 60 58 88
2 50 60 58 88
2 48 60 58 88
2 47 120 116 88
2 50 120 116 88
2 47 120 116 88
2 43 120 116 88
2 48 60 58 88
2 51 60 58 88
2 55 60 58 88
2 60 60 58 88
2 55 60 58 88
2 51 60 58 88
2 48 60 58 88
2 51 60 58 88
2 44 120 116 88
2 48 120 116 88
2 44 120 116 88
2 41 120 116 88
2 46 60 58 88
2 50 60 58 88
2 53 60 58 88
2 58 60 58 88
2 53 60 58 88
2 50 60 58 88
2 46 60 58 88
2 50 60 58 88
2 43 120 116 88
2 46 120 116 88
2 43 120 116 88
2 39 120 116 88
2 44 60 58 88
2 46 60 58 88
2 48 60 58 88
2 46 60 58 88
2 44 60 58 88
2 43 60 58 88
2 41 60 58 88
2 39 60 58 88
2 38 120 116 88
2 48 120 116 88
2 47 120 116 88
2 43 120 116 88
2 48 120 116 88
2 44 120 116 88
2 41 120 116 88
2 43 120 116 88
2 36 360 234 88
2 60 120 116 88
2 53 120 101 88
2 53 120 101 88
2 53 120 116 88
2 61 60 58 88
2 58 60 58 88
2 52 120 101 88
2 52 120 101 88
2 52 60 58 88
2 53 60 58 88
2 55 60 58 88
2 56 60 58 88
2 58 60 58 88
2 56 60 58 88
2 55 60 58 88
2 56 60 58 88
2 58 60 58 88
2 61 60 58 88
2 60 60 58 88
2 58 60 58 88
2 56 60 58 88
2 55 60 58 88
2 53 60 58 88
2 55 60 58 88
2 56 60 58 88
2 58 60 58 88
2 60 60 58 88
2 61 60 58 88
2 63 60 58 88
2 61 60 58 88
2 60 60 58 88
2 61 60 58 88
2 63 60 58 88
2 66 60 58 88
2 65 60 58 88
2 63 60 58 88
2 61 60 58 88
2 60 60 58 88
2 58 60 58 88
2 60 60 58 88
2 61 60 58 88
2 63 60 58 88
2 65 60 58 88
2 67 60 58 88
2 68 60 58 88
2 70 60 58 88
2 68 60 58 88
2 67 60 58 88
2 65 60 58 88
2 63 60 58 88
2 61 60 58 88
2 60 60 58 88
2 61 60 58 88
2 63 60 58 88
2 61 60 58 88
2 60 60 58 88
2 58 60 58 88
2 56 60 58 88
2 55 60 58 88
2 53 60 58 88
2 55 60 58 88
2 56 60 58 88
2 55 60 58 88
2 53 60 58 88
2 52 60 58 88
2 50 60 58 88
2 48 60 58 88
2 47 60 58 88
2 48 120 101 88
2 48 120 101 88
2 48 240 116 88
2 48 120 101 88
2 48 120 101 88
2 48 240 116 88
2 48 120 101 88
2 48 120 101 88
2 48 720 116 88
2 49 540 538 88
2 51 60 58 88
2 49 60 58 88
2 48 60 58 88
2 46 60 58 88
2 44 60 58 88
2 42 60 58 88
2 41 60 58 88
2 39 120 101 88
2 39 120 101 88
2 39 120 116 88
2 51 60 58 88
2 48 60 58 88
2 45 120 101 88
2 45 120 101 88
2 45 120 116 88
2 54 60 58 88
2 51 60 58 88
2 48 120 101 88
2 48 120 101 88
2 48 120 116 88
2 58 60 58 88
2 57 60 58 88
2 58 540 538 88
2 55 60 58 88
2 56 60 58 88
2 60 60 58 88
2 58 60 58 88
2 56 60 58 88
2 55 60 58 88
2 53 60 58 88
2 52 60 58 88
2 53 60 58 88
2 55 60 58 88
2 56 60 58 88
2 55 60 58 88
2 53 60 58 88
2 52 60 58 88
2 50 60 58 88
2 48 120 101 88
2 48 120 101 88
2 48 120 116 88
2 58 60 58 88
2 55 60 58 88
2 52 120 101 88
2 52 120 101 88
2 52 120 116 88
2 61 60 58 88
2 58 60 58 88
2 55 120 101 88
2 55 120 101 88
2 55 120 116 88
2 65 60 58 88
2 64 60 58 88
2 65 540 538 88
2 64 60 58 88
2 65 60 58 88
2 67 60 58 88
2 65 60 58 88
2 63 60 58 88
2 61 60 58 88
2 60 60 58 88
2 61 120 116 88
2 65 120 116 88
2 61 120 116 88
2 58 120 116 88
2 63 60 58 88
2 61 60 58 88
2 63 60 58 88
2 65 60 58 88
2 63 60 58 88
2 61 60 58 88
2 60 60 58 88
2 58 60 58 88
2 60 120 116 88
2 63 120 116 88
2 60 120 116 88
2 56 120 116 88
2 61 60 58 88
2 63 60 58 88
2 61 60 58 88
2 60 60 58 88
2 58 60 58 88
2 56 60 58 88
2 55 60 58 88
2 53 60 58 88
2 55 60 58 88
2 58 60 58 88
2 57 60 58 88
2 55 60 58 88
2 53 60 58 88
2 51 60 58 88
2 49 60 58 88
2 48 60 58 88
2 49 300 234 88
2 49 60 58 88
2 51 60 58 88
2 53 60 58 88
2 54 540 116 88
2 58 60 58 88
2 57 60 58 88
2 55 60 58 88
2 53 60 58 88
2 51 60 58 88
2 49 60 58 88
2 48 60 58 88
2 46 60 58 88
2 48 60 58 88
2 49 60 58 88
2 48 60 58 88
2 46 60 58 88
2 44 60 58 88
2 43 60 58 88
2 41 60 58 88
2 43 60 58 88
2 44 60 58 88
2 46 60 58 88
2 44 60 58 88
2 43 60 58 88
2 41 60 58 88
2 40 60 58 88
2 38 60 58 88
2 36 120 116 88
2 40 120 116 88
2 43 120 116 88
2 48 180 178 88
2 41 60 58 88
2 44 60 58 88
2 48 60 58 88
2 53 60 58 88
2 56 60 58 88
2 55 60 58 88
2 53 60 58 88
2 61 120 116 88
2 58 120 116 88
2 55 120 116 88
2 53 120 116 88
2 36 60 58 88
2 40 60 58 88
2 43 60 58 88
2 48 60 58 88
2 52 60 58 88
2 55 60 58 88
2 53 60 58 88
2 52 60 58 88
2 60 120 116 88
2 56 120 116 88
2 53 120 116 88
2 52 120 116 88
2 36 60 58 88
2 41 60 58 88
2 44 60 58 88
2 48 60 58 88
2 53 60 58 88
2 56 60 58 88
2 55 60 58 88
2 53 60 58 88
2 58 120 116 88
2 55 120 116 88
2 52 120 116 88
2 48 120 116 88
2 49 120 116 88
2 46 120 116 88
2 48 120 116 88
2 36 120 116 88
