0 0 20400 0 0
0 66 240 234 88
0 68 240 234 88
0 69 960 954 88
0 68 120 116 88
0 70 120 116 88
0 71 480 470 88
0 70 120 116 88
0 68 120 116 88
0 70 120 116 88
0 72 120 116 88
0 73 360 353 88
0 71 120 116 88
0 69 120 116 88
0 73 120 116 88
0 71 120 116 88
0 69 120 105 88
0 69 30 29 88
0 68 38 36 88
0 69 37 36 88
0 68 38 36 88
0 69 37 36 88
0 68 30 29 88
0 69 30 29 88
0 68 240 234 88
0 66 120 116 88
0 69 120 116 88
0 71 120 116 88
0 73 120 116 88
0 74 360 353 88
0 71 120 116 88
0 73 120 116 88
0 75 120 116 88
0 76 360 356 88
0 74 120 105 88
0 74 120 116 88
0 73 120 105 88
0 73 120 116 88
0 72 120 105 88
0 72 240 234 88
0 73 720 714 88
0 72 480 470 88
0 73 120 116 88
0 75 120 116 88
0 76 120 116 88
0 78 120 116 88
0 79 480 474 88
0 73 240 234 88
0 78 120 116 88
0 76 120 116 88
0 74 120 116 88
0 73 120 116 88
0 74 480 470 88
0 73 240 234 88
0 75 240 234 88
0 77 240 234 88
0 78 1200 1190 88
0 76 480 470 88
0 74 720 714 88
0 73 720 708 88
0 71 600 596 88
0 68 120 116 88
0 69 120 116 88
0 73 120 116 88
0 78 120 116 88
0 75 120 116 88
0 76 960 954 88
0 75 120 116 88
0 77 120 116 88
0 78 480 470 88
0 77 120 116 88
0 75 120 116 88
0 77 120 116 88
0 79 120 116 88
0 80 360 353 88
0 78 120 116 88
0 76 120 116 88
0 80 120 116 88
0 78 120 116 88
0 76 120 105 88
0 76 30 29 88
0 75 38 36 88
0 76 37 36 88
0 75 38 36 88
0 76 37 36 88
0 75 30 29 88
0 76 30 29 88
0 75 240 234 88
0 73 120 116 88
0 76 120 116 88
0 78 120 116 88
0 80 120 116 88
0 81 360 353 88
0 78 120 116 88
0 80 120 116 88
0 82 120 116 88
0 83 360 356 88
0 81 120 105 88
0 81 120 116 88
0 80 120 105 88
0 80 120 116 88
0 78 120 105 88
0 78 120 116 88
0 81 60 58 88
0 80 60 58 88
0 78 120 116 88
0 76 120 105 88
0 76 120 116 88
0 75 120 116 88
0 75 120 116 88
0 76 120 105 88
0 76 120 116 88
0 74 120 105 88
0 74 120 116 88
0 73 120 105 88
0 73 600 590 88
0 75 120 116 88
0 77 120 116 88
0 78 120 116 88
0 80 240 234 88
0 73 240 234 88
0 78 480 470 88
0 77 240 234 88
0 78 120 116 88
0 76 120 116 88
0 74 120 116 88
0 73 120 105 88
0 73 120 116 88
0 71 120 105 88
0 71 120 116 88
0 78 120 116 88
0 71 120 116 88
0 69 120 105 88
0 69 120 116 88
0 68 120 116 88
0 68 360 353 88
0 71 120 116 88
0 69 120 116 88
0 68 120 116 88
0 66 120 116 88
0 65 120 116 88
0 66 120 116 88
0 69 120 116 88
0 71 120 116 88
0 73 120 116 88
0 74 840 827 88
0 68 120 116 88
0 73 120 116 88
0 71 120 105 88
0 71 120 116 88
0 69 120 116 88
0 69 840 827 88
0 73 120 116 88
0 71 120 116 88
0 69 120 105 88
0 69 120 116 88
0 68 120 116 88
0 68 840 827 88
0 71 120 116 88
0 69 120 116 88
0 67 120 105 88
0 67 120 116 88
0 66 120 116 88
0 66 120 116 88
0 65 120 116 88
0 66 240 234 88
0 68 240 234 88
0 69 960 954 88
0 68 120 116 88
0 70 120 116 88
0 71 480 470 88
0 70 120 116 88
0 68 120 116 88
0 70 120 116 88
0 72 120 116 88
0 73 360 353 88
0 71 120 116 88
0 69 120 116 88
0 73 120 116 88
0 71 120 116 88
0 69 120 105 88
0 69 30 29 88
0 68 38 36 88
0 69 37 36 88
0 68 38 36 88
0 69 37 36 88
0 68 30 29 88
0 69 30 29 88
0 68 240 234 88
1 0 4560 0 0
1 61 240 234 88
1 63 240 234 88
1 64 960 954 88
1 63 120 116 88
1 65 120 116 88
1 66 480 470 88
1 65 120 116 88
1 63 120 116 88
1 65 120 116 88
1 67 120 116 88
1 68 360 353 88
1 66 120 116 88
1 64 120 116 88
1 68 120 116 88
1 66 120 116 88
1 64 120 105 88
1 64 30 29 88
1 63 45 44 88
1 64 45 44 88
1 63 30 29 88
1 64 30 29 88
1 63 30 29 88
1 64 30 29 88
1 63 240 234 88
1 61 120 116 88
1 64 120 116 88
1 66 120 116 88
1 68 120 116 88
1 69 360 353 88
1 66 120 116 88
1 68 120 116 88
1 70 120 116 88
1 71 360 345 88
1 71 120 105 88
1 71 120 116 88
1 69 120 105 88
1 69 120 116 88
1 68 120 105 88
1 68 120 116 88
1 66 120 105 88
1 66 120 116 88
1 64 120 105 88
1 64 120 116 88
1 63 120 116 88
1 63 120 116 88
1 64 120 105 88
1 64 120 116 88
1 62 120 105 88
1 62 120 116 88
1 61 120 105 88
1 61 600 590 88
1 63 120 116 88
1 65 120 116 88
1 66 120 116 88
1 68 240 234 88
1 61 240 234 88
1 66 480 470 88
1 65 240 234 88
1 66 720 708 88
1 64 240 234 88
1 66 120 116 88
1 68 120 116 88
1 69 240 234 88
1 68 720 708 88
1 66 720 708 88
1 64 360 353 88
1 66 120 116 88
1 67 480 470 88
1 66 120 116 88
1 64 120 116 88
1 62 120 116 88
1 61 120 116 88
1 62 360 353 88
1 64 120 116 88
1 66 480 470 88
1 64 120 116 88
1 62 120 116 88
1 61 120 116 88
1 59 120 116 88
1 61 240 234 88
1 63 240 234 88
1 65 240 234 88
1 66 960 954 88
1 68 240 234 88
1 66 240 234 88
1 65 240 234 88
1 66 120 116 88
1 65 120 116 88
1 66 240 234 88
1 68 480 470 88
1 66 360 353 88
1 64 120 116 88
1 62 240 234 88
1 61 600 593 88
1 68 120 116 88
1 69 120 116 88
1 71 120 116 88
1 64 360 353 88
1 69 120 116 88
1 71 120 116 88
1 73 120 116 88
1 66 840 825 88
1 66 120 105 88
1 66 120 116 88
1 64 120 105 88
1 64 120 116 88
1 63 120 116 88
1 63 120 116 88
1 68 120 105 88
1 68 120 116 88
1 66 120 105 88
1 66 120 116 88
1 64 120 105 88
1 64 240 234 88
1 73 240 234 88
1 71 240 234 88
1 70 960 945 88
1 71 120 116 88
1 69 120 116 88
1 68 480 474 88
1 69 120 116 88
1 71 120 116 88
1 69 120 116 88
1 68 120 116 88
1 66 360 353 88
1 68 120 116 88
1 69 120 116 88
1 66 120 116 88
1 68 120 116 88
1 69 120 116 88
1 71 480 470 88
1 73 480 470 88
1 66 240 234 88
1 71 360 353 88
1 64 120 116 88
1 66 120 116 88
1 68 120 116 88
1 69 480 470 88
1 62 240 234 88
1 61 480 470 88
1 69 240 234 88
1 68 120 116 88
1 73 120 105 88
1 73 120 116 88
1 71 120 105 88
1 71 120 116 88
1 70 120 116 88
1 70 120 116 88
1 71 120 105 88
1 71 120 116 88
1 69 120 105 88
1 69 120 116 88
1 68 120 105 88
1 68 600 590 88
1 70 120 116 88
1 72 120 116 88
1 73 120 116 88
1 75 240 234 88
1 68 240 234 88
1 73 480 470 88
1 72 240 234 88
1 73 360 353 88
1 71 120 116 88
1 73 120 116 88
1 75 120 116 88
1 76 360 353 88
1 73 120 116 88
1 75 120 116 88
1 77 120 116 88
1 78 240 234 88
1 66 240 234 88
1 65 240 234 88
1 66 120 116 88
1 61 120 116 88
1 66 120 116 88
1 68 120 116 88
1 69 120 116 88
1 66 120 116 88
1 71 360 353 88
1 66 120 116 88
1 68 120 116 88
1 69 120 116 88
1 65 120 116 88
1 61 120 116 88
1 66 240 234 88
1 61 360 356 88
1 63 120 116 88
1 65 240 234 88
1 66 120 116 88
1 64 120 116 88
1 62 120 116 88
1 61 120 116 88
1 59 480 470 88
1 57 120 116 88
1 61 120 116 88
1 66 1320 1305 88
1 66 120 116 88
1 64 480 470 88
1 62 360 353 88
1 66 120 116 88
1 68 120 116 88
1 70 120 116 88
1 71 120 116 88
1 69 120 116 88
1 68 120 116 88
1 66 120 116 88
1 65 120 116 88
1 66 120 116 88
1 65 120 116 88
1 66 120 116 88
1 68 600 585 88
1 68 120 116 88
1 66 120 116 88
1 64 120 105 88
1 64 120 116 88
1 63 120 105 88
1 63 840 836 88
1 66 120 116 88
1 64 120 116 88
1 62 120 105 88
1 62 120 116 88
1 61 120 105 88
1 61 960 954 88
1 59 600 470 88
1 68 120 116 88
1 66 120 116 88
1 64 120 105 88
1 64 120 116 88
1 63 120 116 88
1 63 120 116 88
1 64 120 105 88
1 64 120 116 88
1 62 120 105 88
1 62 120 116 88
1 61 120 105 88
1 61 600 590 88
1 63 120 116 88
1 65 240 234 88
1 66 120 116 88
1 65 120 116 88
1 66 720 708 88
1 65 240 234 88
2 0 240 0 0
2 54 240 234 88
2 56 240 234 88
2 57 960 954 88
2 56 120 116 88
2 58 120 116 88
2 59 480 470 88
2 58 120 116 88
2 56 120 116 88
2 58 120 116 88
2 60 120 116 88
2 61 360 353 88
2 59 120 116 88
2 57 120 116 88
2 61 120 116 88
2 59 120 116 88
2 57 120 105 88
2 57 30 29 88
2 56 45 44 88
2 57 45 44 88
2 56 30 29 88
2 57 30 29 88
2 56 30 29 88
2 57 30 29 88
2 56 240 234 88
2 54 840 708 88
2 61 120 105 88
2 61 120 116 88
2 59 120 105 88
2 59 120 116 88
2 58 120 116 88
2 58 120 116 88
2 59 120 105 88
2 59 120 116 88
2 57 120 105 88
2 57 120 116 88
2 56 120 105 88
2 56 600 590 88
2 58 120 116 88
2 60 120 116 88
2 61 120 116 88
2 63 240 234 88
2 56 240 234 88
2 61 480 470 88
2 60 240 234 88
2 61 360 353 88
2 59 120 116 88
2 61 120 116 88
2 63 120 116 88
2 64 360 353 88
2 61 120 116 88
2 63 120 116 88
2 65 120 116 88
2 66 240 234 88
2 61 240 234 88
2 59 240 234 88
2 61 240 234 88
2 57 240 234 88
2 54 240 234 88
2 59 720 708 88
2 53 120 116 88
2 49 120 116 88
2 54 240 234 88
2 61 360 356 88
2 63 120 116 88
2 65 240 234 88
2 66 120 116 88
2 64 120 116 88
2 62 120 116 88
2 61 120 116 88
2 59 600 596 88
2 57 120 116 88
2 59 120 116 88
2 61 120 116 88
2 62 360 353 88
2 61 120 116 88
2 63 120 116 88
2 65 120 116 88
2 66 360 345 88
2 66 120 116 88
2 64 120 116 88
2 63 120 116 88
2 61 120 116 88
2 59 120 116 88
2 58 240 234 88
2 60 120 116 88
2 61 120 116 88
2 63 360 345 88
2 63 120 116 88
2 61 240 234 88
2 59 240 234 88
2 58 120 116 88
2 59 120 116 88
2 61 600 585 88
2 61 120 116 88
2 59 240 234 88
2 57 240 234 88
2 56 120 116 88
2 57 120 116 88
2 59 600 596 88
2 62 120 116 88
2 61 120 116 88
2 59 120 105 88
2 59 120 116 88
2 57 120 105 88
2 57 120 116 88
2 59 120 116 88
2 61 480 470 88
2 59 720 708 88
2 61 840 836 88
2 63 120 116 88
2 65 240 234 88
2 66 120 116 88
2 64 120 116 88
2 62 120 116 88
2 61 120 116 88
2 59 120 116 88
2 57 120 116 88
2 56 120 116 88
2 59 120 116 88
2 57 16080 234 88
2 54 240 234 88
2 56 240 234 88
2 57 960 954 88
2 56 120 116 88
2 58 120 116 88
2 59 480 470 88
2 58 120 116 88
2 56 120 116 88
2 58 120 116 88
2 60 120 116 88
2 61 360 353 88
2 59 120 116 88
2 57 120 116 88
2 61 120 116 88
2 59 120 116 88
2 57 120 105 88
2 57 30 29 88
2 56 45 44 88
2 57 45 44 88
2 56 30 29 88
2 57 30 29 88
2 56 30 29 88
2 57 30 29 88
2 56 240 234 88
2 54 240 234 88
2 57 720 708 88
2 54 240 234 88
2 59 720 710 88
2 61 120 116 88
2 59 120 116 88
2 57 840 470 88
2 54 120 116 88
2 59 360 353 88
2 57 120 116 88
2 56 360 345 88
2 56 120 116 88
2 61 360 356 88
2 64 120 116 88
2 63 120 116 88
2 61 120 105 88
2 61 120 116 88
2 59 120 105 88
2 59 840 836 88
2 62 120 116 88
2 61 120 116 88
2 59 120 105 88
2 59 120 116 88
2 57 120 105 88
2 57 1080 1065 88
2 57 120 116 88
2 56 120 116 88
2 54 120 116 88
2 53 120 116 88
2 59 120 116 88
2 57 120 116 88
2 56 120 105 88
2 56 120 116 88
2 54 120 116 88
2 54 120 116 88
2 56 120 105 88
2 56 120 116 88
2 54 120 105 88
2 54 120 116 88
2 53 120 105 88
2 53 240 234 88
2 54 120 116 88
2 53 120 116 88
2 54 240 234 88
2 56 240 234 88
2 61 600 470 88
2 54 120 116 88
2 61 120 116 88
2 59 120 105 88
2 59 120 116 88
2 58 120 116 88
3 0 10320 0 0
3 42 240 234 88
3 44 240 234 88
3 45 960 954 88
3 44 120 116 88
3 46 120 116 88
3 47 480 470 88
3 46 120 116 88
3 44 120 116 88
3 46 120 116 88
3 48 120 116 88
3 49 360 353 88
3 47 120 116 88
3 45 120 116 88
3 49 120 116 88
3 47 120 116 88
3 45 120 105 88
3 45 30 29 88
3 44 45 44 88
3 45 45 44 88
3 44 30 29 88
3 45 30 29 88
3 44 30 29 88
3 45 30 29 88
3 44 240 234 88
3 42 360 353 88
3 40 120 116 88
3 42 120 116 88
3 44 120 116 88
3 45 600 590 88
3 47 120 116 88
3 49 120 116 88
3 48 120 116 88
3 49 120 116 88
3 51 120 116 88
3 52 360 353 88
3 54 120 116 88
3 52 120 116 88
3 51 120 116 88
3 49 120 116 88
3 48 120 116 88
3 49 360 345 88
3 49 120 116 88
3 50 120 116 88
3 52 120 116 88
3 54 360 353 88
3 42 120 116 88
3 44 120 116 88
3 46 120 116 88
3 47 360 345 88
3 47 120 116 88
3 49 120 116 88
3 50 120 116 88
3 52 360 353 88
3 40 120 116 88
3 42 120 116 88
3 44 120 116 88
3 45 120 116 88
3 47 120 116 88
3 45 120 116 88
3 44 120 105 88
3 44 120 116 88
3 42 120 105 88
3 42 120 116 88
3 54 120 105 88
3 54 120 116 88
3 52 120 105 88
3 52 120 116 88
3 51 120 116 88
3 51 120 116 88
3 52 120 105 88
3 52 120 116 88
3 50 120 105 88
3 50 120 116 88
3 49 120 105 88
3 49 600 590 88
3 51 120 116 88
3 53 120 116 88
3 54 120 116 88
3 56 240 234 88
3 49 240 234 88
3 54 480 470 88
3 53 240 234 88
3 54 360 353 88
3 53 120 116 88
3 54 120 116 88
3 56 120 116 88
3 57 360 353 88
3 54 120 116 88
3 56 120 116 88
3 58 120 116 88
3 59 120 116 88
3 47 120 105 88
3 47 120 116 88
3 45 120 105 88
3 45 120 116 88
3 44 120 105 88
3 44 120 116 88
3 57 120 105 88
3 57 120 116 88
3 56 120 105 88
3 56 120 116 88
3 54 120 116 88
3 54 240 234 88
3 56 240 234 88
3 44 240 234 88
3 49 360 345 88
3 49 120 116 88
3 50 120 116 88
3 52 120 116 88
3 54 120 116 88
3 55 120 116 88
3 54 120 116 88
3 52 120 116 88
3 50 120 116 88
3 49 120 116 88
3 47 120 116 88
3 50 120 116 88
3 44 120 116 88
3 42 120 105 88
3 42 120 116 88
3 41 120 116 88
3 41 120 116 88
3 53 120 116 88
3 54 120 116 88
3 56 120 105 88
3 56 120 116 88
3 57 120 105 88
3 57 120 116 88
3 62 120 105 88
3 62 120 116 88
3 61 120 105 88
3 61 120 116 88
3 59 120 116 88
3 59 120 116 88
3 57 120 116 88
3 56 120 116 88
3 62 120 116 88
3 61 120 116 88
3 59 120 116 88
3 58 120 116 88
3 59 120 105 88
3 59 120 116 88
3 57 120 105 88
3 57 120 116 88
3 56 120 116 88
3 56 120 116 88
3 54 120 116 88
3 52 120 116 88
3 59 120 116 88
3 57 120 116 88
3 56 120 116 88
3 54 120 116 88
3 56 120 105 88
3 56 120 116 88
3 54 120 105 88
3 54 120 116 88
3 53 120 116 88
3 53 240 234 88
3 54 240 234 88
3 42 240 234 88
3 49 120 116 88
3 51 120 116 88
3 52 120 116 88
3 54 120 116 88
3 55 120 116 88
3 52 120 116 88
3 54 120 116 88
3 42 120 116 88
3 47 120 116 88
3 49 120 116 88
3 50 120 116 88
3 47 120 116 88
3 49 120 116 88
3 37 120 116 88
3 49 120 116 88
3 48 120 116 88
3 49 120 116 88
3 52 120 116 88
3 51 120 116 88
3 49 120 116 88
3 48 120 116 88
3 44 120 116 88
3 49 120 116 88
3 52 120 116 88
3 57 120 116 88
3 54 120 116 88
3 56 120 116 88
3 54 120 116 88
3 56 120 116 88
3 44 120 116 88
3 49 6000 234 88
3 54 240 234 88
3 52 240 234 88
3 51 960 954 88
3 52 120 116 88
3 50 120 116 88
3 49 480 470 88
3 50 120 116 88
3 52 120 116 88
3 50 120 116 88
3 49 120 116 88
3 47 360 353 88
3 49 120 116 88
3 50 120 116 88
3 47 120 116 88
3 49 120 116 88
3 51 120 116 88
3 53 480 470 88
3 54 840 827 88
3 57 120 116 88
3 56 120 116 88
3 54 120 105 88
3 54 120 116 88
3 52 120 116 88
3 52 840 827 88
3 56 120 116 88
3 54 120 116 88
3 52 120 105 88
3 52 120 116 88
3 50 120 116 88
3 50 720 708 88
3 49 2280 2276 88
3 47 120 116 88
3 45 120 116 88
3 44 120 116 88
3 42 120 116 88
3 45 120 116 88
3 50 120 116 88
3 47 120 116 88
3 49 240 234 88
3 37 240 234 88
