0 0 8640 0 0
0 71 960 945 88
0 73 480 470 88
0 76 480 470 88
0 75 480 470 88
0 73 480 470 88
0 71 1200 1181 88
0 69 120 116 88
0 68 120 116 88
0 69 960 950 88
0 68 480 470 88
0 66 480 470 88
0 64 480 470 88
0 63 3840 470 88
0 64 960 945 88
0 66 480 470 88
0 69 480 470 88
0 68 480 470 88
0 66 480 470 88
0 65 240 234 88
0 66 240 234 88
0 68 240 234 88
0 69 240 234 88
0 71 240 234 88
0 66 240 234 88
0 71 960 945 88
0 69 480 470 88
0 68 1680 1653 88
0 69 120 116 88
0 71 120 116 88
0 73 240 234 88
0 72 240 234 88
0 73 240 234 88
0 75 240 234 88
0 72 240 234 88
0 73 480 470 88
0 73 30 29 88
0 72 45 44 88
0 73 45 44 88
0 72 30 29 88
0 73 30 29 88
0 72 60 58 88
0 73 1920 945 88
0 71 960 945 88
0 73 480 470 88
0 76 480 470 88
0 75 480 470 88
0 73 480 470 88
0 71 480 470 88
0 73 480 470 88
0 66 240 234 88
0 63 240 234 88
0 68 720 708 88
0 66 120 116 88
0 65 120 116 88
0 66 720 714 88
0 64 120 116 88
0 63 120 116 88
0 64 240 234 88
0 66 120 116 88
0 64 120 116 88
0 63 240 234 88
0 71 240 234 88
0 65 720 714 88
0 66 480 470 88
0 65 240 234 88
0 73 480 470 88
0 71 720 714 88
0 69 480 470 88
0 68 480 470 88
0 66 480 470 88
0 66 30 29 88
0 65 45 44 88
0 66 45 44 88
0 65 30 29 88
0 66 30 29 88
0 65 60 58 88
0 66 960 945 88
0 68 240 234 88
0 69 240 234 88
0 71 720 714 88
0 69 240 234 88
0 68 480 470 88
0 66 480 470 88
0 64 240 234 88
0 66 240 234 88
0 68 720 708 88
0 69 240 234 88
0 68 240 234 88
0 66 240 234 88
0 64 1920 470 88
0 68 480 470 88
0 69 240 234 88
0 73 240 234 88
0 71 240 234 88
0 69 240 234 88
0 68 480 470 88
0 70 480 470 88
0 71 1680 1653 88
0 70 240 234 88
0 71 240 234 88
0 68 240 234 88
0 69 240 234 88
0 71 240 234 88
0 73 240 234 88
0 75 240 234 88
0 76 1200 1188 88
0 75 240 234 88
0 76 240 234 88
0 71 480 470 88
0 70 240 234 88
0 71 720 470 88
0 78 240 234 88
0 71 240 234 88
0 68 240 234 88
0 69 240 234 88
0 71 240 234 88
0 73 480 470 88
0 71 480 470 88
0 69 480 470 88
0 68 480 470 88
0 66 240 234 88
0 76 240 234 88
0 75 240 234 88
0 73 240 234 88
0 71 480 470 88
0 70 720 714 88
0 68 120 116 88
0 67 120 116 88
0 68 1200 1181 88
0 68 30 29 88
0 67 45 44 88
0 68 45 44 88
0 67 30 29 88
0 68 30 29 88
0 67 60 58 88
0 68 720 470 88
0 71 240 234 88
0 68 240 234 88
0 64 240 234 88
0 66 240 234 88
0 68 240 234 88
0 69 240 234 88
0 71 240 234 88
0 73 240 234 88
0 75 240 234 88
0 76 120 116 88
0 71 120 116 88
0 76 480 470 88
0 75 480 474 88
0 73 120 116 88
0 71 120 116 88
0 73 480 470 88
0 71 480 234 88
0 76 480 470 88
0 78 480 470 88
0 81 480 470 88
0 80 480 470 88
0 78 480 470 88
0 76 480 470 88
0 75 480 470 88
0 73 480 470 88
0 71 720 714 88
0 73 240 234 88
0 71 240 234 88
0 69 240 234 88
0 68 1440 470 88
0 76 480 470 88
0 75 480 470 88
0 73 480 470 88
0 71 480 470 88
0 69 480 470 88
0 68 120 116 88
0 66 120 116 88
0 68 120 116 88
0 69 120 116 88
0 71 240 234 88
0 69 240 234 88
0 68 480 470 88
0 68 30 29 88
0 66 45 44 88
0 68 45 44 88
0 66 45 44 88
0 68 45 44 88
0 66 30 29 88
0 68 30 29 88
0 66 210 205 88
1 0 5760 0 0
1 64 960 945 88
1 66 480 470 88
1 69 480 470 88
1 68 480 470 88
1 66 480 470 88
1 64 720 470 88
1 59 240 234 88
1 64 240 234 88
1 66 240 234 88
1 68 240 234 88
1 70 240 234 88
1 71 120 116 88
1 66 120 116 88
1 71 480 470 88
1 69 480 474 88
1 68 120 116 88
1 66 120 116 88
1 68 480 470 88
1 61 720 708 88
1 63 120 116 88
1 64 120 116 88
1 63 480 470 88
1 64 720 708 88
1 63 240 234 88
1 61 480 470 88
1 54 480 470 88
1 59 480 470 88
1 61 480 470 88
1 64 480 470 88
1 63 480 470 88
1 61 480 470 88
1 59 240 234 88
1 64 480 470 88
1 63 480 474 88
1 61 480 470 88
1 59 120 116 88
1 58 120 116 88
1 59 240 234 88
1 66 480 470 88
1 64 120 116 88
1 63 120 116 88
1 64 720 708 88
1 63 240 234 88
1 61 960 945 88
1 59 240 234 88
1 61 240 234 88
1 63 240 234 88
1 64 240 234 88
1 66 240 234 88
1 61 240 234 88
1 66 960 950 88
1 64 480 470 88
1 63 960 945 88
1 61 240 234 88
1 63 240 234 88
1 64 240 234 88
1 66 240 234 88
1 68 480 470 88
1 66 480 470 88
1 64 960 945 88
1 66 480 470 88
1 69 480 470 88
1 68 480 470 88
1 66 480 470 88
1 64 240 234 88
1 61 240 234 88
1 68 720 714 88
1 66 120 116 88
1 65 120 116 88
1 66 720 708 88
1 64 120 116 88
1 63 120 116 88
1 64 240 234 88
1 66 120 116 88
1 64 120 116 88
1 63 720 708 88
1 56 240 234 88
1 57 720 708 88
1 58 240 234 88
1 59 720 708 88
1 58 240 234 88
1 59 480 470 88
1 62 480 470 88
1 61 1440 1417 88
1 68 480 470 88
1 61 480 470 88
1 59 480 470 88
1 57 480 470 88
1 56 480 470 88
1 57 240 234 88
1 59 240 234 88
1 61 960 945 88
1 63 240 234 88
1 65 240 234 88
1 66 720 708 88
1 64 240 234 88
1 63 480 470 88
1 61 720 714 88
1 63 120 116 88
1 61 120 116 88
1 60 480 470 88
1 61 240 234 88
1 63 240 234 88
1 56 480 470 88
1 63 240 234 88
1 64 120 116 88
1 63 120 116 88
1 61 240 234 88
1 69 240 234 88
1 60 240 234 88
1 61 480 470 88
1 60 240 234 88
1 61 480 470 88
1 63 480 470 88
1 64 240 234 88
1 68 240 234 88
1 66 240 234 88
1 64 240 234 88
1 63 240 234 88
1 69 240 234 88
1 68 240 234 88
1 66 240 234 88
1 64 240 234 88
1 68 240 234 88
1 66 240 234 88
1 64 240 234 88
1 63 240 234 88
1 64 240 234 88
1 66 240 234 88
1 68 240 234 88
1 69 720 708 88
1 68 240 234 88
1 66 240 234 88
1 64 240 234 88
1 66 480 470 88
1 64 960 945 88
1 66 480 470 88
1 69 480 470 88
1 68 480 470 88
1 66 480 470 88
1 64 240 234 88
1 69 480 470 88
1 68 240 234 88
1 66 240 234 88
1 74 240 234 88
1 73 240 234 88
1 71 240 234 88
1 69 240 234 88
1 67 240 234 88
1 68 240 234 88
1 70 240 234 88
1 68 240 234 88
1 66 240 234 88
1 64 480 470 88
1 63 480 470 88
1 62 480 470 88
1 63 960 945 88
1 63 480 470 88
1 59 480 470 88
1 61 480 470 88
1 64 480 470 88
1 63 480 470 88
1 61 480 470 88
1 59 480 470 88
1 71 480 470 88
1 68 240 234 88
1 64 240 234 88
1 68 240 234 88
1 70 240 234 88
1 71 120 116 88
1 66 120 116 88
1 71 480 470 88
1 69 480 474 88
1 63 240 234 88
1 64 240 234 88
1 66 240 234 88
1 68 240 234 88
1 73 240 234 88
1 69 240 234 88
1 71 240 234 88
1 68 240 234 88
1 69 240 234 88
1 66 240 234 88
1 68 240 234 88
1 64 240 234 88
1 66 240 234 88
1 63 240 234 88
1 64 480 474 88
1 63 120 116 88
1 61 120 116 88
1 63 720 470 88
1 64 120 116 88
1 66 120 116 88
1 68 240 234 88
1 70 240 234 88
1 71 120 116 88
1 66 120 116 88
1 71 480 470 88
1 69 360 353 88
1 63 120 116 88
1 68 480 470 88
1 66 360 356 88
1 59 120 116 88
1 64 480 470 88
1 63 240 234 88
1 64 720 234 88
1 64 240 234 88
1 64 480 470 88
1 64 30 29 88
1 63 45 44 88
1 64 45 44 88
1 63 45 44 88
1 64 45 44 88
1 63 30 29 88
1 64 30 29 88
1 63 210 205 88
2 0 2880 0 0
2 59 960 945 88
2 61 480 470 88
2 64 480 470 88
2 63 480 470 88
2 61 480 470 88
2 59 720 708 88
2 59 240 234 88
2 57 240 234 88
2 59 240 234 88
2 61 240 234 88
2 63 240 234 88
2 64 120 116 88
2 59 120 116 88
2 64 480 470 88
2 63 240 234 88
2 64 480 470 88
2 56 240 234 88
2 54 240 234 88
2 56 480 470 88
2 52 480 470 88
2 54 1200 1194 88
2 47 240 234 88
2 52 720 708 88
2 49 240 234 88
2 54 720 714 88
2 52 120 116 88
2 54 120 116 88
2 56 240 234 88
2 57 240 234 88
2 59 120 116 88
2 54 120 116 88
2 59 480 470 88
2 59 30 29 88
2 58 45 44 88
2 59 45 44 88
2 58 30 29 88
2 59 30 29 88
2 58 60 58 88
2 59 960 470 88
2 52 960 945 88
2 54 480 470 88
2 57 480 470 88
2 56 480 470 88
2 54 480 470 88
2 52 240 234 88
2 57 480 470 88
2 56 240 234 88
2 54 240 234 88
2 52 120 116 88
2 51 120 116 88
2 52 240 234 88
2 54 240 234 88
2 56 240 234 88
2 57 240 234 88
2 59 120 116 88
2 54 120 116 88
2 59 120 116 88
2 57 120 116 88
2 56 480 470 88
2 54 960 950 88
2 52 480 470 88
2 51 240 234 88
2 53 240 234 88
2 54 480 470 88
2 49 240 234 88
2 51 240 234 88
2 52 240 234 88
2 54 240 234 88
2 56 240 234 88
2 51 240 234 88
2 56 960 950 88
2 54 720 708 88
2 52 240 234 88
2 51 480 470 88
2 49 240 234 88
2 56 240 234 88
2 61 720 708 88
2 59 120 116 88
2 58 120 116 88
2 59 720 714 88
2 57 120 116 88
2 56 120 116 88
2 57 240 234 88
2 59 120 116 88
2 57 120 116 88
2 56 720 708 88
2 56 240 234 88
2 57 720 708 88
2 58 240 234 88
2 59 720 708 88
2 58 240 234 88
2 59 360 353 88
2 57 120 116 88
2 56 120 116 88
2 54 120 116 88
2 52 120 116 88
2 51 120 116 88
2 52 960 470 88
2 54 960 945 88
2 56 480 470 88
2 59 480 470 88
2 57 480 470 88
2 56 720 708 88
2 54 480 470 88
2 53 240 234 88
2 54 480 470 88
2 50 480 470 88
2 49 1680 1668 88
2 51 240 234 88
2 53 240 234 88
2 49 240 234 88
2 56 480 470 88
2 54 480 470 88
2 56 240 234 88
2 49 480 470 88
2 48 240 234 88
2 49 240 234 88
2 51 240 234 88
2 52 240 234 88
2 54 120 116 88
2 52 120 116 88
2 51 960 945 88
2 52 240 234 88
2 54 240 234 88
2 56 720 708 88
2 54 240 234 88
2 52 480 470 88
2 51 480 470 88
2 52 2400 470 88
2 59 480 470 88
2 61 240 234 88
2 64 240 234 88
2 63 240 234 88
2 61 240 234 88
2 59 240 234 88
2 62 240 234 88
2 61 240 234 88
2 59 240 234 88
2 57 480 470 88
2 59 480 470 88
2 59 720 708 88
2 57 240 234 88
2 56 720 708 88
2 61 240 234 88
2 54 240 234 88
2 51 240 234 88
2 52 240 234 88
2 54 240 234 88
2 56 240 234 88
2 59 240 234 88
2 61 240 234 88
2 63 240 234 88
2 56 240 234 88
2 52 240 234 88
2 54 240 234 88
2 56 240 234 88
2 57 240 234 88
2 59 240 234 88
2 61 720 713 88
2 61 240 234 88
2 59 240 234 88
2 58 240 234 88
2 59 240 234 88
2 63 240 234 88
2 61 480 470 88
2 59 720 708 88
2 58 120 116 88
2 56 120 116 88
2 58 240 234 88
2 59 240 234 88
2 61 480 470 88
2 59 960 470 88
2 52 960 945 88
2 54 480 470 88
2 57 480 470 88
2 56 480 470 88
2 54 480 470 88
2 52 1680 470 88
2 52 240 234 88
2 51 240 234 88
2 59 240 234 88
2 61 240 234 88
2 63 240 234 88
2 64 120 116 88
2 59 120 116 88
2 64 480 470 88
2 63 360 356 88
2 56 120 116 88
2 61 480 470 88
2 59 360 353 88
2 52 120 116 88
2 57 480 470 88
2 56 240 234 88
2 54 960 945 88
2 52 240 234 88
2 56 240 234 88
2 61 240 234 88
2 54 480 473 88
2 54 240 234 88
2 56 240 234 88
2 57 240 234 88
2 59 240 234 88
2 51 240 234 88
2 52 240 234 88
2 54 240 234 88
2 56 480 470 88
2 57 480 470 88
2 59 720 234 88
2 61 240 234 88
2 59 720 708 88
2 57 240 234 88
3 52 960 945 88
3 54 480 470 88
3 57 480 470 88
3 56 480 470 88
3 54 480 470 88
3 52 240 234 88
3 51 120 116 88
3 49 120 116 88
3 51 240 234 88
3 47 240 234 88
3 52 240 234 88
3 54 240 234 88
3 56 240 234 88
3 58 240 234 88
3 59 120 116 88
3 54 120 116 88
3 59 480 470 88
3 57 480 474 88
3 56 120 116 88
3 54 120 116 88
3 56 960 945 88
3 54 480 470 88
3 56 480 470 88
3 57 240 234 88
3 59 120 116 88
3 57 120 116 88
3 56 240 234 88
3 54 240 234 88
3 52 240 234 88
3 51 240 234 88
3 49 960 945 88
3 47 480 470 88
3 42 480 470 88
3 44 720 708 88
3 40 240 234 88
3 45 720 708 88
3 42 240 234 88
3 47 4800 2390 88
3 47 960 945 88
3 49 480 470 88
3 52 480 470 88
3 51 480 470 88
3 49 480 470 88
3 47 1440 1417 88
3 45 480 470 88
3 44 960 945 88
3 42 240 234 88
3 44 240 234 88
3 45 240 234 88
3 47 240 234 88
3 49 240 234 88
3 44 240 234 88
3 49 960 945 88
3 47 480 470 88
3 45 960 945 88
3 44 960 945 88
3 49 720 470 88
3 49 240 234 88
3 50 720 708 88
3 51 240 234 88
3 52 720 708 88
3 51 240 234 88
3 52 480 470 88
3 49 480 470 88
3 54 480 470 88
3 52 480 470 88
3 51 480 470 88
3 49 480 470 88
3 47 960 945 88
3 49 480 470 88
3 52 480 470 88
3 51 480 470 88
3 49 480 470 88
3 47 240 234 88
3 44 480 470 88
3 45 120 116 88
3 47 120 116 88
3 49 480 470 88
3 47 480 470 88
3 45 480 470 88
3 44 480 470 88
3 42 480 470 88
3 47 480 470 88
3 49 480 470 88
3 37 480 470 88
3 42 240 234 88
3 44 240 234 88
3 45 240 234 88
3 42 240 234 88
3 49 480 470 88
3 47 240 234 88
3 49 240 234 88
3 50 240 234 88
3 49 240 234 88
3 48 240 234 88
3 49 240 234 88
3 42 240 234 88
3 44 240 234 88
3 45 480 470 88
3 44 960 945 88
3 46 240 234 88
3 48 240 234 88
3 49 720 714 88
3 47 240 234 88
3 45 480 470 88
3 44 1440 1430 88
3 42 480 470 88
3 40 240 234 88
3 37 240 234 88
3 42 480 470 88
3 47 1440 470 88
3 54 480 470 88
3 56 240 234 88
3 59 240 234 88
3 57 240 234 88
3 56 240 234 88
3 54 480 470 88
3 52 480 470 88
3 59 480 470 88
3 47 480 470 88
3 49 240 234 88
3 52 240 234 88
3 51 240 234 88
3 49 240 234 88
3 51 240 234 88
3 47 240 234 88
3 49 240 234 88
3 51 240 234 88
3 52 720 708 88
3 51 240 234 88
3 52 240 234 88
3 49 240 234 88
3 51 240 234 88
3 53 240 234 88
3 54 720 708 88
3 53 240 234 88
3 54 240 234 88
3 51 240 234 88
3 53 240 234 88
3 55 240 234 88
3 56 720 708 88
3 55 240 234 88
3 56 480 470 88
3 53 480 470 88
3 51 480 470 88
3 39 480 470 88
3 44 2880 470 88
3 47 960 945 88
3 49 480 470 88
3 52 480 470 88
3 51 480 470 88
3 49 480 470 88
3 47 3840 234 88
3 47 960 945 88
3 49 480 470 88
3 52 480 470 88
3 51 480 470 88
3 49 480 470 88
3 47 480 470 88
3 45 480 470 88
3 44 480 470 88
3 42 480 470 88
3 40 240 234 88
3 42 240 234 88
3 44 240 234 88
3 45 240 234 88
3 47 960 945 88
