0 0 7800 0 0
0 70 120 105 88
0 70 120 105 88
0 70 120 116 88
0 69 120 116 88
0 70 120 116 88
0 72 360 356 88
0 70 120 116 88
0 75 360 353 88
0 73 60 58 88
0 72 60 58 88
0 77 120 116 88
0 75 120 116 88
0 73 360 353 88
0 75 60 58 88
0 76 60 58 88
0 70 120 116 88
0 75 240 234 88
0 73 240 236 88
0 71 120 116 88
0 70 360 353 88
0 68 120 116 88
0 80 360 356 88
0 78 240 234 88
0 77 60 58 88
0 75 60 58 88
0 74 120 116 88
0 77 120 116 88
0 78 120 116 88
0 74 120 116 88
0 75 60 58 88
0 73 60 58 88
0 71 60 58 88
0 70 60 58 88
0 68 120 116 88
0 70 120 116 88
0 71 120 116 88
0 70 120 116 88
0 68 360 356 88
0 66 120 116 88
0 65 120 116 88
0 64 120 116 88
0 63 360 353 88
0 61 60 58 88
0 63 60 58 88
0 64 360 353 88
0 63 60 58 88
0 65 60 58 88
0 66 360 353 88
0 65 60 58 88
0 67 60 58 88
0 68 3960 116 88
0 75 120 105 88
0 75 120 105 88
0 75 120 116 88
0 74 120 116 88
0 75 120 116 88
0 77 360 356 88
0 75 120 116 88
0 80 360 353 88
0 78 60 58 88
0 77 60 58 88
0 82 120 116 88
0 80 120 116 88
0 78 120 116 88
0 82 120 116 88
0 75 600 590 88
0 74 120 116 88
0 75 3480 116 88
0 73 120 105 88
0 73 120 105 88
0 73 120 116 88
0 72 120 116 88
0 73 120 116 88
0 75 360 353 88
0 73 120 116 88
0 78 360 356 88
0 76 60 58 88
0 75 60 58 88
0 80 120 116 88
0 78 120 116 88
0 77 120 116 88
0 73 120 116 88
0 78 480 465 88
0 78 23 22 88
0 77 30 29 88
0 78 22 21 88
0 77 23 22 88
0 78 22 21 88
0 77 120 116 88
0 78 360 353 88
0 76 120 116 88
0 75 360 353 88
0 73 60 58 88
0 71 60 58 88
0 70 240 234 88
0 82 360 356 88
0 80 60 58 88
0 79 60 58 88
0 80 600 590 88
0 79 120 116 88
0 80 360 353 88
0 78 120 116 88
0 77 600 596 88
0 75 60 58 88
0 73 60 58 88
0 71 120 116 88
0 70 120 116 88
0 69 240 234 88
0 70 480 465 88
0 70 23 22 88
0 69 30 29 88
0 70 22 21 88
0 69 23 22 88
0 70 22 21 88
0 69 120 116 88
0 70 360 353 88
0 68 120 116 88
0 67 120 116 88
0 73 120 116 88
0 71 120 116 88
0 70 240 234 88
0 68 120 116 88
0 73 360 356 88
0 71 60 58 88
0 70 60 58 88
0 71 120 116 88
0 76 120 116 88
0 74 120 116 88
0 70 120 116 88
0 80 360 356 88
0 78 60 58 88
0 77 60 58 88
0 78 120 116 88
0 83 120 116 88
0 81 120 116 88
0 77 120 116 88
0 82 60 58 88
0 80 60 58 88
0 79 60 58 88
0 77 60 58 88
0 75 300 294 88
0 78 60 58 88
0 77 60 58 88
0 75 60 58 88
0 74 60 58 88
0 77 60 58 88
0 75 60 58 88
0 73 60 58 88
0 72 60 58 88
0 75 60 58 88
0 73 60 58 88
0 71 60 58 88
0 70 360 353 88
0 68 180 175 88
0 65 60 58 88
0 66 60 58 88
0 70 60 58 88
0 75 60 58 88
0 70 60 58 88
0 78 120 116 88
0 78 15 15 88
0 77 23 22 88
0 78 22 21 88
0 77 300 58 88
0 83 120 105 88
0 83 15 15 88
0 82 23 22 88
0 83 22 21 88
0 82 300 58 88
0 80 120 116 88
0 75 15 15 88
0 74 23 22 88
0 75 22 21 88
0 74 300 58 88
0 77 120 116 88
0 70 120 116 88
0 75 60 58 88
0 74 60 58 88
0 75 120 116 88
0 68 120 116 88
0 66 240 225 88
0 66 23 22 88
0 65 30 29 88
0 66 22 21 88
0 65 23 22 88
0 66 22 21 88
0 65 120 116 88
0 63 120 116 88
0 75 120 105 88
0 75 120 105 88
0 75 120 116 88
0 74 120 116 88
0 75 120 116 88
0 77 360 353 88
0 75 120 116 88
0 80 360 356 88
0 78 60 58 88
0 77 60 58 88
0 82 120 116 88
0 80 120 116 88
0 78 120 116 88
0 74 120 116 88
0 75 480 465 88
0 75 23 22 88
0 74 30 29 88
0 75 22 21 88
0 74 23 22 88
0 75 22 21 88
0 74 120 116 88
1 0 43200 0 0
1 70 480 465 88
2 0 120 0 0
2 63 120 105 88
2 63 120 105 88
2 63 120 116 88
2 62 120 116 88
2 63 120 116 88
2 65 360 356 88
2 63 120 116 88
2 68 360 353 88
2 66 60 58 88
2 65 60 58 88
2 70 120 116 88
2 68 120 116 88
2 66 120 116 88
2 65 120 116 88
2 63 120 116 88
2 61 60 58 88
2 63 60 58 88
2 65 360 353 88
2 63 60 58 88
2 65 60 58 88
2 66 360 353 88
2 65 60 58 88
2 67 60 58 88
2 68 360 353 88
2 67 60 58 88
2 69 60 58 88
2 70 120 116 88
2 72 120 116 88
2 73 360 353 88
2 67 120 116 88
2 68 120 116 88
2 70 120 116 88
2 63 120 116 88
2 68 240 234 88
2 67 120 116 88
2 71 360 353 88
2 70 60 58 88
2 68 60 58 88
2 66 120 116 88
2 68 120 116 88
2 70 120 116 88
2 71 120 116 88
2 65 60 58 88
2 66 60 58 88
2 65 60 58 88
2 63 60 58 88
2 62 60 58 88
2 63 60 58 88
2 65 60 58 88
2 66 60 58 88
2 68 60 58 88
2 70 60 58 88
2 68 60 58 88
2 66 60 58 88
2 65 360 353 88
2 66 60 58 88
2 68 60 58 88
2 66 120 116 88
2 65 120 116 88
2 63 120 116 88
2 62 120 116 88
2 63 60 58 88
2 65 60 58 88
2 66 120 116 88
2 65 360 353 88
2 66 60 58 88
2 65 60 58 88
2 63 120 116 88
2 61 240 116 88
2 73 120 116 88
2 72 120 116 88
2 70 120 116 88
2 68 60 58 88
2 70 60 58 88
2 72 240 236 88
2 70 60 58 88
2 69 60 58 88
2 70 120 116 88
2 68 120 116 88
2 67 120 116 88
2 70 120 116 88
2 65 120 116 88
2 67 60 58 88
2 68 60 58 88
2 70 120 116 88
2 68 4800 116 88
2 68 120 105 88
2 68 120 105 88
2 68 120 116 88
2 65 120 116 88
2 66 120 116 88
2 68 360 356 88
2 66 120 116 88
2 71 360 353 88
2 70 60 58 88
2 68 60 58 88
2 73 120 116 88
2 71 120 116 88
2 70 120 116 88
2 68 60 58 88
2 66 60 58 88
2 65 60 58 88
2 67 60 58 88
2 68 240 234 88
2 67 60 58 88
2 68 60 58 88
2 70 360 356 88
2 68 60 58 88
2 67 60 58 88
2 68 120 116 88
2 70 60 58 88
2 71 60 58 88
2 73 600 596 88
2 71 60 58 88
2 70 60 58 88
2 71 60 58 88
2 68 60 58 88
2 66 60 58 88
2 65 60 58 88
2 66 180 165 88
2 66 60 58 88
2 65 60 58 88
2 66 60 58 88
2 68 240 236 88
2 66 240 116 88
2 78 120 116 88
2 77 360 116 88
2 77 120 116 88
2 75 120 116 88
2 73 240 234 88
2 71 60 58 88
2 70 60 58 88
2 68 60 58 88
2 63 60 58 88
2 68 120 105 88
2 68 120 105 88
2 68 120 116 88
2 67 120 116 88
2 68 120 116 88
2 70 360 353 88
2 68 120 116 88
2 73 360 356 88
2 71 60 58 88
2 70 60 58 88
2 75 120 116 88
2 73 120 116 88
2 71 120 116 88
2 70 120 116 88
2 68 360 356 88
2 66 120 116 88
2 65 360 353 88
2 70 60 58 88
2 68 60 58 88
2 66 120 116 88
2 64 120 116 88
2 63 120 116 88
2 75 180 175 88
2 71 60 58 88
2 70 60 58 88
2 68 60 58 88
2 70 360 353 88
2 69 120 116 88
2 68 240 234 88
2 69 120 116 88
2 68 60 58 88
2 66 60 58 88
2 64 60 58 88
2 66 60 58 88
2 68 120 116 88
2 69 240 234 88
2 68 360 353 88
2 69 60 58 88
2 71 60 58 88
2 73 360 353 88
2 75 120 116 88
2 73 120 116 88
2 71 120 105 88
2 71 120 105 88
2 71 120 116 88
2 70 120 116 88
2 71 120 116 88
2 73 360 356 88
2 71 120 116 88
2 76 360 353 88
2 75 60 58 88
2 73 60 58 88
2 78 120 116 88
2 76 120 116 88
2 75 360 234 88
2 68 120 116 88
2 70 120 116 88
2 71 120 116 88
2 73 360 356 88
2 71 60 58 88
2 70 60 58 88
2 71 360 353 88
2 70 60 58 88
2 68 60 58 88
2 70 420 415 88
2 68 60 58 88
2 66 120 116 88
2 65 120 116 88
2 63 120 116 88
2 65 60 58 88
2 66 60 58 88
2 65 120 116 88
2 66 60 58 88
2 64 60 58 88
2 65 360 353 88
2 63 120 116 88
2 61 120 116 88
2 63 120 116 88
2 65 120 116 88
2 64 120 116 88
2 63 360 353 88
2 61 120 116 88
2 59 240 234 88
2 58 120 116 88
2 70 120 116 88
2 63 120 116 88
2 68 60 58 88
2 67 60 58 88
2 68 360 353 88
2 66 120 116 88
2 65 120 116 88
2 77 120 116 88
2 70 120 116 88
2 75 60 58 88
2 74 60 58 88
2 75 360 353 88
2 73 60 58 88
2 72 60 58 88
2 73 300 285 88
2 73 60 58 88
2 71 60 58 88
2 70 60 58 88
2 71 240 234 88
2 70 240 234 88
2 68 300 285 88
2 68 60 58 88
2 66 60 58 88
2 65 60 58 88
2 63 60 58 88
2 66 60 58 88
2 65 60 58 88
2 63 60 58 88
2 62 120 116 88
2 63 240 116 88
2 69 120 116 88
2 70 360 116 88
2 74 120 116 88
2 78 360 116 88
2 71 120 116 88
2 70 360 116 88
2 65 120 116 88
2 66 120 105 88
2 66 60 58 88
2 65 60 58 88
2 63 120 116 88
2 65 240 236 88
2 63 240 234 88
2 62 120 116 88
2 63 120 116 88
2 66 60 58 88
2 65 60 58 88
2 66 60 58 88
2 70 60 58 88
2 68 60 58 88
2 66 60 58 88
2 65 60 58 88
2 68 60 58 88
2 66 60 58 88
2 70 60 58 88
2 71 60 58 88
2 70 60 58 88
2 71 240 234 88
2 70 180 116 88
2 75 60 58 88
2 74 60 58 88
2 72 60 58 88
2 74 120 116 88
2 75 60 58 88
2 77 60 58 88
2 78 120 116 88
2 74 120 116 88
2 75 120 116 88
2 68 120 116 88
2 66 60 58 88
2 65 60 58 88
2 66 240 236 88
2 68 60 58 88
2 66 60 58 88
2 65 60 58 88
2 66 60 58 88
2 68 120 116 88
3 0 2040 0 0
3 58 120 105 88
3 58 120 105 88
3 58 120 116 88
3 57 120 116 88
3 58 120 116 88
3 60 360 356 88
3 58 120 116 88
3 63 360 353 88
3 61 60 58 88
3 60 60 58 88
3 65 120 116 88
3 63 120 116 88
3 61 120 116 88
3 60 120 116 88
3 58 120 116 88
3 70 120 116 88
3 63 360 353 88
3 61 120 116 88
3 59 240 234 88
3 58 240 234 88
3 56 120 116 88
3 68 120 116 88
3 63 23 22 88
3 62 30 29 88
3 63 22 21 88
3 62 23 22 88
3 63 22 21 88
3 62 120 116 88
3 63 120 116 88
3 53 120 116 88
3 54 120 116 88
3 56 120 116 88
3 58 360 353 88
3 56 60 58 88
3 58 60 58 88
3 59 360 353 88
3 58 60 58 88
3 60 60 58 88
3 61 360 353 88
3 60 60 58 88
3 62 60 58 88
3 63 120 116 88
3 56 120 116 88
3 54 60 58 88
3 56 60 58 88
3 58 60 58 88
3 60 60 58 88
3 61 120 116 88
3 60 60 58 88
3 58 60 58 88
3 57 360 356 88
3 58 60 58 88
3 57 60 58 88
3 58 360 116 88
3 63 120 116 88
3 60 120 116 88
3 65 120 116 88
3 65 600 234 88
3 61 120 116 88
3 59 120 116 88
3 61 120 116 88
3 55 120 116 88
3 64 240 234 88
3 63 60 58 88
3 62 60 58 88
3 63 360 353 88
3 71 120 116 88
3 70 120 116 88
3 63 120 116 88
3 68 360 353 88
3 62 120 116 88
3 63 120 116 88
3 65 120 116 88
3 58 120 116 88
3 63 240 234 88
3 62 120 116 88
3 66 360 353 88
3 65 60 58 88
3 63 60 58 88
3 62 120 116 88
3 63 240 234 88
3 61 180 175 88
3 59 60 58 88
3 58 60 58 88
3 56 60 58 88
3 55 60 58 88
3 56 60 58 88
3 58 60 58 88
3 59 60 58 88
3 61 60 58 88
3 63 60 58 88
3 61 60 58 88
3 59 60 58 88
3 58 60 58 88
3 56 60 58 88
3 54 60 58 88
3 53 60 58 88
3 51 360 234 88
3 58 120 116 88
3 63 60 58 88
3 64 60 58 88
3 63 60 58 88
3 61 60 58 88
3 59 60 58 88
3 61 60 58 88
3 63 180 175 88
3 61 60 58 88
3 59 60 58 88
3 58 60 58 88
3 56 60 58 88
3 58 60 58 88
3 59 60 58 88
3 56 60 58 88
3 58 120 116 88
3 63 120 116 88
3 56 120 116 88
3 68 120 116 88
3 61 600 585 88
3 61 120 105 88
3 61 120 105 88
3 61 120 116 88
3 58 120 116 88
3 59 120 116 88
3 61 360 356 88
3 59 120 116 88
3 64 360 353 88
3 63 60 58 88
3 61 60 58 88
3 66 120 116 88
3 64 120 116 88
3 63 120 116 88
3 55 120 116 88
3 56 120 116 88
3 57 120 116 88
3 58 360 353 88
3 56 60 58 88
3 58 60 58 88
3 59 360 353 88
3 58 60 58 88
3 60 60 58 88
3 61 360 353 88
3 60 60 58 88
3 62 60 58 88
3 63 300 294 88
3 64 60 58 88
3 63 60 58 88
3 61 60 58 88
3 59 360 353 88
3 58 60 58 88
3 56 60 58 88
3 58 120 116 88
3 64 120 105 88
3 64 120 105 88
3 64 120 116 88
3 63 120 116 88
3 65 120 116 88
3 67 120 116 88
3 68 120 116 88
3 70 120 116 88
3 68 120 116 88
3 67 240 234 88
3 68 120 116 88
3 66 240 234 88
3 65 60 58 88
3 63 60 58 88
3 62 120 116 88
3 63 240 234 88
3 62 60 58 88
3 60 60 58 88
3 62 240 234 88
3 61 360 356 88
3 59 60 58 88
3 58 60 58 88
3 59 120 116 88
3 64 120 116 88
3 61 120 116 88
3 58 120 116 88
3 63 120 116 88
3 64 120 116 88
3 63 120 116 88
3 61 240 234 88
3 60 120 116 88
3 61 360 353 88
3 63 120 116 88
3 60 120 116 88
3 61 120 116 88
3 62 240 234 88
3 61 120 116 88
3 63 60 58 88
3 65 60 58 88
3 66 60 58 88
3 68 60 58 88
3 69 240 236 88
3 68 60 58 88
3 66 60 58 88
3 68 240 234 88
3 66 1560 116 88
3 63 120 105 88
3 63 120 105 88
3 63 120 116 88
3 61 120 116 88
3 63 120 116 88
3 64 360 356 88
3 63 120 116 88
3 68 360 353 88
3 66 60 58 88
3 65 60 58 88
3 70 120 116 88
3 68 120 116 88
3 66 180 175 88
3 65 60 58 88
3 63 120 116 88
3 61 120 116 88
3 60 240 234 88
3 61 240 234 88
3 60 120 116 88
3 61 60 58 88
3 58 60 58 88
3 60 240 234 88
3 58 120 116 88
3 60 120 116 88
3 61 360 356 88
3 55 120 116 88
3 56 120 116 88
3 58 120 116 88
3 51 120 116 88
3 56 240 234 88
3 55 120 116 88
3 59 360 353 88
3 58 60 58 88
3 56 60 58 88
3 58 120 116 88
3 63 240 234 88
3 62 120 116 88
3 66 360 353 88
3 65 60 58 88
3 63 60 58 88
3 65 120 116 88
3 70 240 234 88
3 68 120 116 88
3 67 120 116 88
3 63 120 116 88
3 68 360 353 88
3 66 180 165 88
3 66 60 58 88
3 65 60 58 88
3 63 60 58 88
3 62 60 58 88
3 65 60 58 88
3 63 60 58 88
3 61 60 58 88
3 60 120 116 88
3 59 120 116 88
3 58 360 234 88
3 60 120 116 88
3 65 360 116 88
3 65 120 116 88
3 58 360 116 88
3 63 120 116 88
3 65 360 116 88
3 62 120 116 88
3 63 120 116 88
3 58 60 58 88
3 56 60 58 88
3 58 120 116 88
3 59 120 116 88
3 58 420 412 88
3 56 60 58 88
3 54 120 116 88
3 58 120 105 88
3 58 120 105 88
3 58 120 116 88
3 59 120 116 88
3 58 120 116 88
3 56 360 353 88
3 58 120 116 88
3 53 360 356 88
3 54 60 58 88
3 56 60 58 88
3 51 120 116 88
3 53 120 116 88
3 54 120 116 88
3 59 120 116 88
3 58 120 116 88
3 51 60 58 88
3 53 60 58 88
3 54 120 116 88
3 53 60 58 88
3 51 60 58 88
3 58 120 116 88
3 65 120 116 88
4 0 5880 0 0
4 51 120 105 88
4 51 120 105 88
4 51 120 116 88
4 50 120 116 88
4 51 120 116 88
4 53 360 356 88
4 51 120 116 88
4 56 360 353 88
4 54 60 58 88
4 53 60 58 88
4 58 120 116 88
4 56 120 116 88
4 54 120 116 88
4 53 120 116 88
4 51 120 116 88
4 49 60 58 88
4 51 60 58 88
4 53 360 353 88
4 51 60 58 88
4 53 60 58 88
4 54 360 353 88
4 53 60 58 88
4 55 60 58 88
4 56 360 353 88
4 55 60 58 88
4 57 60 58 88
4 58 120 116 88
4 60 120 116 88
4 61 360 353 88
4 55 120 116 88
4 56 120 116 88
4 58 120 116 88
4 51 120 116 88
4 56 240 234 88
4 55 120 116 88
4 59 360 353 88
4 58 60 58 88
4 56 60 58 88
4 63 120 116 88
4 61 120 116 88
4 59 240 234 88
4 58 360 353 88
4 56 120 116 88
4 54 240 234 88
4 53 240 234 88
4 51 120 116 88
4 49 120 116 88
4 47 120 116 88
4 59 120 116 88
4 58 120 116 88
4 46 120 105 88
4 46 120 105 88
4 46 120 116 88
4 43 120 116 88
4 44 120 116 88
4 46 360 356 88
4 44 120 116 88
4 49 360 353 88
4 47 60 58 88
4 46 60 58 88
4 51 120 116 88
4 49 120 116 88
4 47 180 175 88
4 46 60 58 88
4 44 60 58 88
4 46 60 58 88
4 47 60 58 88
4 44 60 58 88
4 49 120 116 88
4 51 120 116 88
4 53 120 116 88
4 49 120 116 88
4 54 360 353 88
4 53 60 58 88
4 51 60 58 88
4 53 60 58 88
4 56 60 58 88
4 49 60 58 88
4 51 60 58 88
4 53 60 58 88
4 54 60 58 88
4 56 60 58 88
4 53 60 58 88
4 54 120 116 88
4 53 60 58 88
4 51 60 58 88
4 49 60 58 88
4 51 60 58 88
4 52 60 58 88
4 49 60 58 88
4 51 300 294 88
4 39 60 58 88
4 41 60 58 88
4 43 60 58 88
4 44 360 353 88
4 43 60 58 88
4 44 60 58 88
4 46 360 353 88
4 44 60 58 88
4 46 60 58 88
4 47 480 470 88
4 46 120 116 88
4 48 120 116 88
4 50 120 116 88
4 48 60 58 88
4 50 60 58 88
4 51 120 116 88
4 50 60 58 88
4 51 60 58 88
4 53 360 353 88
4 51 60 58 88
4 53 60 58 88
4 54 360 356 88
4 53 60 58 88
4 55 60 58 88
4 56 360 353 88
4 54 120 116 88
4 52 240 234 88
4 51 240 234 88
4 49 240 234 88
4 47 360 353 88
4 46 60 58 88
4 44 60 58 88
4 43 120 116 88
4 51 120 105 88
4 51 120 105 88
4 51 120 116 88
4 50 120 116 88
4 51 120 116 88
4 53 360 356 88
4 51 120 116 88
4 56 360 353 88
4 54 60 58 88
4 53 60 58 88
4 58 120 116 88
4 56 120 116 88
4 55 120 116 88
4 51 120 116 88
4 56 360 353 88
4 55 60 58 88
4 53 60 58 88
4 55 120 116 88
4 54 240 236 88
4 52 120 116 88
4 54 120 116 88
4 56 120 116 88
4 57 360 353 88
4 56 60 58 88
4 54 60 58 88
4 56 120 116 88
4 58 120 116 88
4 59 360 353 88
4 58 60 58 88
4 56 60 58 88
4 58 120 116 88
4 60 120 116 88
4 61 240 234 88
4 49 240 234 88
4 54 60 58 88
4 53 60 58 88
4 54 60 58 88
4 56 60 58 88
4 58 60 58 88
4 54 60 58 88
4 56 60 58 88
4 58 60 58 88
4 59 60 58 88
4 61 60 58 88
4 63 60 58 88
4 59 60 58 88
4 61 60 58 88
4 59 60 58 88
4 58 60 58 88
4 56 60 58 88
4 54 60 58 88
4 56 60 58 88
4 54 60 58 88
4 52 60 58 88
4 51 60 58 88
4 49 60 58 88
4 47 60 58 88
4 46 60 58 88
4 47 120 116 88
4 59 60 58 88
4 58 60 58 88
4 59 120 116 88
4 61 60 58 88
4 59 60 58 88
4 58 240 234 88
4 57 240 234 88
4 56 300 294 88
4 54 60 58 88
4 53 60 58 88
4 51 60 58 88
4 50 360 353 88
4 48 60 58 88
4 46 60 58 88
4 51 120 116 88
4 39 120 116 88
4 51 120 116 88
4 53 120 116 88
4 54 120 116 88
4 53 60 58 88
4 51 60 58 88
4 49 60 58 88
4 48 60 58 88
4 46 60 58 88
4 49 60 58 88
4 41 480 470 88
4 46 4920 116 88
4 51 120 105 88
4 51 120 105 88
4 51 120 116 88
4 50 120 116 88
4 51 120 116 88
4 53 360 353 88
4 51 120 116 88
4 56 360 356 88
4 54 60 58 88
4 53 60 58 88
4 58 120 116 88
4 56 120 116 88
4 54 120 116 88
4 51 60 58 88
4 53 60 58 88
4 54 120 116 88
4 56 120 116 88
4 58 240 234 88
4 46 240 234 88
4 51 600 585 88
4 51 60 58 88
4 50 60 58 88
4 51 60 58 88
4 54 60 58 88
4 53 60 58 88
4 51 60 58 88
4 50 120 116 88
4 54 180 116 88
4 47 60 58 88
4 46 60 58 88
4 44 60 58 88
4 46 180 175 88
4 44 60 58 88
4 42 120 116 88
4 46 120 116 88
4 51 120 116 88
4 53 120 116 88
4 54 120 116 88
4 45 120 116 88
4 46 480 470 88
