0 0 2160 0 0
0 71 120 116 88
0 69 120 116 88
0 66 120 116 88
0 65 120 116 88
0 66 120 116 88
0 68 60 58 88
0 69 60 58 88
0 71 60 58 88
0 73 60 58 88
0 74 120 116 88
0 62 120 116 88
0 74 120 116 88
0 73 120 116 88
0 61 120 116 88
0 73 120 116 88
0 71 120 116 88
0 73 60 58 88
0 71 60 58 88
0 69 60 58 88
0 68 60 58 88
0 69 60 58 88
0 73 60 58 88
0 71 60 58 88
0 69 60 58 88
0 68 60 58 88
0 66 60 58 88
0 67 120 116 88
0 69 60 58 88
0 67 60 58 88
0 66 60 58 88
0 64 60 58 88
0 66 60 58 88
0 69 60 58 88
0 67 60 58 88
0 66 60 58 88
0 64 60 58 88
0 62 60 58 88
0 64 120 116 88
0 66 60 58 88
0 64 60 58 88
0 62 60 58 88
0 61 60 58 88
0 62 60 58 88
0 64 60 58 88
0 66 60 58 88
0 67 60 58 88
0 66 600 596 88
0 64 120 116 88
0 69 240 236 88
0 66 120 116 88
0 62 240 236 88
0 61 120 116 88
0 66 360 236 88
0 68 120 116 88
0 69 60 58 88
0 73 60 58 88
0 71 60 58 88
0 69 60 58 88
0 68 60 58 88
0 66 60 58 88
0 68 60 58 88
0 70 60 58 88
0 71 23 22 88
0 70 22 21 88
0 71 23 22 88
0 70 22 21 88
0 71 23 22 88
0 70 22 21 88
0 71 23 22 88
0 70 22 21 88
0 68 30 29 88
0 70 30 29 88
0 71 60 58 88
0 74 60 58 88
0 73 60 58 88
0 71 60 58 88
0 69 60 58 88
0 68 60 58 88
0 69 60 58 88
0 71 60 58 88
0 73 23 22 88
0 71 22 21 88
0 73 23 22 88
0 71 22 21 88
0 73 23 22 88
0 71 22 21 88
0 73 23 22 88
0 71 22 21 88
0 69 30 29 88
0 71 30 29 88
0 73 420 418 88
0 74 60 58 88
0 73 60 58 88
0 71 60 58 88
0 69 60 58 88
0 68 60 58 88
0 69 120 116 88
0 66 120 116 88
0 65 120 116 88
0 66 240 234 88
0 71 240 236 88
0 65 120 116 88
0 66 120 116 88
0 62 120 116 88
0 61 480 474 88
0 66 120 116 88
0 62 120 116 88
0 64 120 116 88
0 66 240 236 88
0 64 120 116 88
0 62 120 116 88
0 61 240 116 88
0 81 120 116 88
0 78 120 116 88
0 74 120 116 88
0 73 120 116 88
0 74 120 116 88
0 76 60 58 88
0 78 60 58 88
0 79 60 58 88
0 81 60 58 88
0 83 120 116 88
0 71 120 116 88
0 83 120 116 88
0 81 120 116 88
0 69 120 116 88
0 81 120 116 88
0 79 120 116 88
0 81 60 58 88
0 79 60 58 88
0 78 60 58 88
0 76 60 58 88
0 78 60 58 88
0 81 60 58 88
0 79 60 58 88
0 78 60 58 88
0 76 60 58 88
0 74 60 58 88
0 73 120 116 88
0 74 120 116 88
0 76 240 236 88
0 74 120 116 88
0 73 120 116 88
0 71 120 116 88
0 69 120 116 88
0 71 120 116 88
0 73 120 116 88
0 76 120 116 88
0 74 120 116 88
0 73 420 402 88
0 73 60 58 88
0 62 60 58 88
0 73 60 58 88
0 62 60 58 88
0 71 60 58 88
0 61 60 58 88
0 71 60 58 88
0 61 60 58 88
0 71 60 58 88
0 61 60 58 88
0 69 60 58 88
0 59 60 58 88
0 69 60 58 88
0 68 60 58 88
0 71 60 58 88
0 64 60 58 88
0 68 60 58 88
0 69 120 116 88
0 64 120 116 88
0 66 120 116 88
0 67 120 116 88
0 68 120 116 88
0 70 120 116 88
0 71 120 116 88
0 66 120 116 88
0 68 120 116 88
0 69 120 116 88
0 70 120 116 88
0 72 120 116 88
0 73 480 476 88
0 69 120 116 88
0 68 120 116 88
0 66 420 116 88
0 81 60 58 88
0 71 60 58 88
0 81 60 58 88
0 71 60 58 88
0 80 60 58 88
0 69 60 58 88
0 80 60 58 88
0 69 60 58 88
0 80 60 58 88
0 69 60 58 88
0 78 60 58 88
0 68 60 58 88
0 78 60 58 88
0 77 60 58 88
0 80 60 58 88
0 73 60 58 88
0 77 60 58 88
0 78 120 116 88
0 73 120 116 88
0 78 180 178 88
0 76 60 58 88
0 75 60 58 88
0 73 60 58 88
0 71 240 222 88
0 71 120 116 88
0 76 180 178 88
0 74 60 58 88
0 73 60 58 88
0 71 60 58 88
0 69 240 222 88
0 69 120 116 88
0 74 300 282 88
0 74 60 58 88
0 73 60 58 88
0 71 60 58 88
0 70 120 116 88
0 71 120 116 88
0 73 120 116 88
0 74 420 418 88
0 73 60 58 88
0 74 60 58 88
0 76 60 58 88
0 78 60 58 88
0 79 60 58 88
0 70 1500 234 88
0 79 60 58 88
0 69 60 58 88
0 79 60 58 88
0 69 60 58 88
0 78 60 58 88
0 67 60 58 88
0 78 60 58 88
0 67 60 58 88
0 78 60 58 88
0 67 60 58 88
0 76 60 58 88
0 66 60 58 88
0 76 60 58 88
0 75 60 58 88
0 78 60 58 88
0 71 60 58 88
0 75 60 58 88
0 76 60 58 88
0 75 60 58 88
0 76 60 58 88
0 79 60 58 88
0 83 60 58 88
0 74 60 58 88
0 73 60 58 88
0 71 60 58 88
0 73 60 58 88
0 76 60 58 88
0 69 60 58 88
0 73 60 58 88
0 74 60 58 88
0 73 60 58 88
0 74 60 58 88
0 78 60 58 88
0 81 60 58 88
0 73 60 58 88
0 71 60 58 88
0 70 60 58 88
0 71 60 58 88
0 74 60 58 88
0 73 60 58 88
0 71 60 58 88
0 70 60 58 88
0 71 60 58 88
0 73 60 58 88
0 74 60 58 88
0 76 240 236 88
0 73 120 116 88
0 78 120 116 88
0 74 120 116 88
0 71 120 116 88
0 70 120 116 88
0 71 120 116 88
0 73 60 58 88
0 74 60 58 88
0 76 60 58 88
0 78 60 58 88
0 79 120 116 88
0 67 120 116 88
0 79 120 116 88
0 78 120 116 88
0 66 120 116 88
0 78 120 116 88
0 76 120 116 88
0 78 60 58 88
0 76 60 58 88
0 74 60 58 88
0 73 60 58 88
0 74 120 116 88
0 76 120 116 88
0 78 240 236 88
0 76 120 116 88
0 74 120 116 88
0 73 120 116 88
0 74 120 116 88
0 76 240 236 88
0 74 120 116 88
0 73 120 116 88
0 71 240 234 88
0 73 120 116 88
0 74 120 116 88
0 69 120 116 88
0 71 120 116 88
0 72 120 116 88
0 73 120 116 88
0 75 120 116 88
0 76 120 116 88
0 71 120 116 88
0 73 120 116 88
0 74 120 116 88
0 75 120 116 88
0 77 120 116 88
0 78 1020 234 88
0 78 60 58 88
0 76 60 58 88
0 74 60 58 88
0 73 60 58 88
0 71 60 58 88
0 73 60 58 88
0 70 60 58 88
0 70 240 234 88
1 66 120 116 88
1 62 120 116 88
1 59 120 116 88
1 58 120 116 88
1 59 120 116 88
1 61 60 58 88
1 62 60 58 88
1 64 60 58 88
1 66 60 58 88
1 67 120 116 88
1 55 120 116 88
1 67 120 116 88
1 66 120 116 88
1 54 120 116 88
1 66 120 116 88
1 64 120 116 88
1 66 60 58 88
1 64 60 58 88
1 62 60 58 88
1 61 60 58 88
1 62 60 58 88
1 66 60 58 88
1 64 60 58 88
1 62 60 58 88
1 61 60 58 88
1 59 60 58 88
1 61 60 58 88
1 59 60 58 88
1 61 60 58 88
1 62 60 58 88
1 61 60 58 88
1 59 60 58 88
1 57 120 116 88
1 54 120 116 88
1 53 120 116 88
1 54 60 58 88
1 56 60 58 88
1 57 23 22 88
1 56 22 21 88
1 57 23 22 88
1 56 22 21 88
1 57 23 22 88
1 56 22 21 88
1 57 23 22 88
1 56 22 21 88
1 54 30 29 88
1 56 30 29 88
1 57 60 58 88
1 59 60 58 88
1 57 60 58 88
1 56 60 58 88
1 54 60 58 88
1 52 60 58 88
1 51 60 58 88
1 53 60 58 88
1 54 23 22 88
1 53 22 21 88
1 54 23 22 88
1 53 22 21 88
1 54 23 22 88
1 53 22 21 88
1 54 23 22 88
1 53 22 21 88
1 51 30 29 88
1 53 30 29 88
1 54 120 116 88
1 56 120 116 88
1 57 120 116 88
1 59 60 58 88
1 61 60 58 88
1 62 23 22 88
1 61 22 21 88
1 62 23 22 88
1 61 22 21 88
1 62 23 22 88
1 61 22 21 88
1 62 23 22 88
1 61 22 21 88
1 59 30 29 88
1 61 30 29 88
1 62 120 116 88
1 58 120 116 88
1 59 240 236 88
1 58 60 58 88
1 56 60 58 88
1 58 120 116 88
1 59 300 116 88
1 64 60 58 88
1 62 120 116 88
1 59 120 116 88
1 58 120 116 88
1 59 60 58 88
1 61 60 58 88
1 62 23 22 88
1 61 22 21 88
1 62 23 22 88
1 61 22 21 88
1 62 23 22 88
1 61 22 21 88
1 62 23 22 88
1 61 22 21 88
1 59 30 29 88
1 61 30 29 88
1 62 60 58 88
1 64 60 58 88
1 62 60 58 88
1 61 60 58 88
1 59 60 58 88
1 57 60 58 88
1 56 60 58 88
1 58 60 58 88
1 59 23 22 88
1 58 22 21 88
1 59 23 22 88
1 58 22 21 88
1 59 23 22 88
1 58 22 21 88
1 59 23 22 88
1 58 22 21 88
1 56 30 29 88
1 58 30 29 88
1 59 2040 116 88
1 61 120 116 88
1 57 120 116 88
1 54 120 116 88
1 53 120 116 88
1 54 120 116 88
1 56 60 58 88
1 57 60 58 88
1 59 60 58 88
1 61 60 58 88
1 62 120 116 88
1 50 120 116 88
1 62 120 116 88
1 61 120 116 88
1 49 120 116 88
1 61 120 116 88
1 59 120 116 88
1 61 60 58 88
1 59 60 58 88
1 57 60 58 88
1 56 60 58 88
1 57 120 116 88
1 59 120 116 88
1 61 240 236 88
1 59 120 116 88
1 57 120 116 88
1 55 120 116 88
1 57 120 116 88
1 59 240 236 88
1 57 1020 116 88
1 66 60 58 88
1 55 60 58 88
1 66 60 58 88
1 55 60 58 88
1 64 60 58 88
1 54 60 58 88
1 64 60 58 88
1 54 60 58 88
1 64 60 58 88
1 54 60 58 88
1 62 60 58 88
1 52 60 58 88
1 62 60 58 88
1 61 60 58 88
1 64 60 58 88
1 57 60 58 88
1 61 60 58 88
1 62 60 58 88
1 61 60 58 88
1 62 60 58 88
1 64 60 58 88
1 66 60 58 88
1 68 60 58 88
1 69 60 58 88
1 68 60 58 88
1 69 60 58 88
1 71 60 58 88
1 69 60 58 88
1 68 60 58 88
1 66 60 58 88
1 64 60 58 88
1 66 60 58 88
1 68 60 58 88
1 69 60 58 88
1 66 60 58 88
1 68 60 58 88
1 64 60 58 88
1 66 60 58 88
1 64 60 58 88
1 68 60 58 88
1 64 60 58 88
1 69 60 58 88
1 64 60 58 88
1 73 60 58 88
1 64 60 58 88
1 71 60 58 88
1 64 60 58 88
1 69 180 175 88
1 68 60 58 88
1 66 60 58 88
1 64 60 58 88
1 62 120 116 88
1 69 120 116 88
1 68 240 116 88
1 68 120 116 88
1 66 240 116 88
1 64 120 116 88
1 62 240 236 88
1 61 120 116 88
1 60 240 236 88
1 59 120 116 88
1 64 240 236 88
1 63 120 116 88
1 62 240 236 88
1 61 120 116 88
1 66 240 236 88
1 65 120 116 88
1 73 120 116 88
1 69 120 116 88
1 66 120 116 88
1 65 120 116 88
1 66 120 116 88
1 68 60 58 88
1 70 60 58 88
1 71 60 58 88
1 73 60 58 88
1 74 120 116 88
1 62 120 116 88
1 74 120 116 88
1 73 120 116 88
1 61 120 116 88
1 73 120 116 88
1 71 120 116 88
1 73 60 58 88
1 71 60 58 88
1 69 60 58 88
1 68 60 58 88
1 69 660 642 88
1 69 60 58 88
1 67 60 58 88
1 66 60 58 88
1 64 120 116 88
1 67 420 402 88
1 67 60 58 88
1 66 60 58 88
1 64 60 58 88
1 62 120 116 88
1 66 180 162 88
1 66 60 58 88
1 64 300 282 88
1 64 60 58 88
1 62 60 58 88
1 61 60 58 88
1 59 60 58 88
1 58 60 58 88
1 59 120 116 88
1 66 120 116 88
1 71 240 236 88
1 59 120 116 88
1 64 180 178 88
1 67 60 58 88
1 66 60 58 88
1 64 60 58 88
1 62 60 58 88
1 61 60 58 88
1 62 120 116 88
1 59 120 116 88
1 58 120 116 88
1 59 120 116 88
1 61 60 58 88
1 63 60 58 88
1 64 60 58 88
1 66 60 58 88
1 67 120 116 88
1 64 120 116 88
1 63 120 116 88
1 64 240 116 88
1 64 120 116 88
1 63 240 116 88
1 64 120 116 88
1 66 360 353 88
1 59 240 116 88
1 64 120 116 88
1 69 360 116 88
1 57 240 116 88
1 62 120 116 88
1 67 660 476 88
1 67 60 58 88
1 66 120 116 88
1 70 240 234 88
1 71 780 116 88
1 74 60 58 88
1 64 60 58 88
1 74 60 58 88
1 64 60 58 88
1 73 60 58 88
1 62 60 58 88
1 73 60 58 88
1 62 60 58 88
1 73 60 58 88
1 62 60 58 88
1 71 60 58 88
1 61 120 116 88
1 73 360 356 88
1 71 120 116 88
1 69 120 116 88
1 67 120 116 88
1 69 120 116 88
1 71 240 236 88
1 69 120 116 88
1 67 120 116 88
1 66 120 116 88
1 67 120 116 88
1 69 240 236 88
1 62 120 116 88
1 67 240 236 88
1 66 120 116 88
1 65 240 236 88
1 64 120 116 88
1 69 240 236 88
1 68 120 116 88
1 67 240 236 88
1 66 120 116 88
1 71 240 236 88
1 70 120 116 88
1 66 120 116 88
1 62 120 116 88
1 59 120 116 88
1 58 120 116 88
1 59 60 58 88
1 71 60 58 88
1 70 60 58 88
1 71 60 58 88
1 73 240 116 88
1 66 120 116 88
1 64 120 116 88
1 64 240 234 88
2 0 5400 0 0
2 54 120 116 88
2 50 120 116 88
2 47 120 116 88
2 46 120 116 88
2 47 120 116 88
2 49 60 58 88
2 50 60 58 88
2 52 60 58 88
2 54 60 58 88
2 55 120 116 88
2 43 120 116 88
2 55 120 116 88
2 54 120 116 88
2 42 120 116 88
2 54 120 116 88
2 52 120 116 88
2 54 60 58 88
2 52 60 58 88
2 50 60 58 88
2 49 60 58 88
2 50 60 58 88
2 54 60 58 88
2 52 60 58 88
2 50 60 58 88
2 49 60 58 88
2 47 60 58 88
2 49 60 58 88
2 51 60 58 88
2 52 23 22 88
2 51 22 21 88
2 52 23 22 88
2 51 22 21 88
2 52 23 22 88
2 51 22 21 88
2 52 23 22 88
2 51 22 21 88
2 49 30 29 88
2 51 30 29 88
2 52 60 58 88
2 55 60 58 88
2 54 60 58 88
2 52 60 58 88
2 50 60 58 88
2 49 60 58 88
2 51 60 58 88
2 53 60 58 88
2 54 23 22 88
2 53 22 21 88
2 54 23 22 88
2 53 22 21 88
2 54 23 22 88
2 53 22 21 88
2 54 23 22 88
2 53 22 21 88
2 51 30 29 88
2 53 30 29 88
2 54 60 58 88
2 57 60 58 88
2 56 60 58 88
2 54 60 58 88
2 53 60 58 88
2 51 60 58 88
2 53 60 58 88
2 56 60 58 88
2 54 60 58 88
2 53 60 58 88
2 51 60 58 88
2 49 60 58 88
2 54 120 116 88
2 45 120 116 88
2 49 120 116 88
2 42 420 116 88
2 57 60 58 88
2 47 60 58 88
2 57 60 58 88
2 47 60 58 88
2 56 60 58 88
2 45 60 58 88
2 56 60 58 88
2 45 60 58 88
2 56 60 58 88
2 45 60 58 88
2 54 60 58 88
2 44 60 58 88
2 54 60 58 88
2 53 60 58 88
2 56 60 58 88
2 49 60 58 88
2 53 60 58 88
2 42 60 58 88
2 54 60 58 88
2 44 60 58 88
2 54 60 58 88
2 45 60 58 88
2 54 60 58 88
2 47 60 58 88
2 54 60 58 88
2 49 60 58 88
2 54 60 58 88
2 50 60 58 88
2 54 60 58 88
2 40 60 58 88
2 52 60 58 88
2 42 60 58 88
2 52 60 58 88
2 43 60 58 88
2 52 60 58 88
2 45 60 58 88
2 52 60 58 88
2 47 60 58 88
2 52 60 58 88
2 49 60 58 88
2 52 60 58 88
2 50 60 58 88
2 52 60 58 88
2 54 60 58 88
2 55 60 58 88
2 57 60 58 88
2 55 60 58 88
2 54 60 58 88
2 57 60 58 88
2 55 60 58 88
2 54 60 58 88
2 52 60 58 88
2 50 60 58 88
2 55 240 116 88
2 52 120 116 88
2 54 240 116 88
2 50 120 116 88
2 52 120 116 88
2 57 240 234 88
2 50 240 116 88
2 59 120 116 88
2 66 240 116 88
2 61 120 116 88
2 62 240 116 88
2 63 120 116 88
2 64 240 116 88
2 52 120 116 88
2 49 120 116 88
2 45 120 116 88
2 44 120 116 88
2 45 120 116 88
2 47 60 58 88
2 49 60 58 88
2 50 60 58 88
2 52 60 58 88
2 54 120 116 88
2 42 120 116 88
2 54 120 116 88
2 52 120 116 88
2 40 120 116 88
2 52 120 116 88
2 50 120 116 88
2 52 60 58 88
2 50 60 58 88
2 49 60 58 88
2 47 60 58 88
2 49 60 58 88
2 52 60 58 88
2 57 60 58 88
2 52 60 58 88
2 51 60 58 88
2 57 60 58 88
2 52 60 58 88
2 55 60 58 88
2 54 60 58 88
2 52 60 58 88
2 50 60 58 88
2 49 60 58 88
2 50 60 58 88
2 54 60 58 88
2 59 60 58 88
2 54 60 58 88
2 53 60 58 88
2 59 60 58 88
2 54 60 58 88
2 57 60 58 88
2 56 60 58 88
2 54 60 58 88
2 53 60 58 88
2 51 60 58 88
2 49 60 58 88
2 50 60 58 88
2 49 60 58 88
2 47 60 58 88
2 45 60 58 88
2 44 60 58 88
2 42 60 58 88
2 54 60 58 88
2 56 60 58 88
2 57 60 58 88
2 59 60 58 88
2 61 60 58 88
2 62 60 58 88
2 64 60 58 88
2 62 60 58 88
2 61 60 58 88
2 59 60 58 88
2 58 60 58 88
2 59 240 116 88
2 52 120 116 88
2 57 240 116 88
2 62 240 236 88
2 61 300 298 88
2 59 60 58 88
2 57 60 58 88
2 56 60 58 88
2 54 60 58 88
2 52 60 58 88
2 51 120 116 88
2 59 300 298 88
2 57 60 58 88
2 55 60 58 88
2 54 60 58 88
2 52 60 58 88
2 50 60 58 88
2 49 120 116 88
2 57 300 298 88
2 55 60 58 88
2 54 60 58 88
2 52 60 58 88
2 50 60 58 88
2 49 60 58 88
2 47 120 116 88
2 55 360 356 88
2 54 300 298 88
2 52 60 58 88
2 50 60 58 88
2 49 60 58 88
2 47 60 58 88
2 45 60 58 88
2 43 120 116 88
2 57 23 22 88
2 55 26 25 88
2 57 26 25 88
2 55 23 22 88
2 57 22 21 88
2 55 120 116 88
2 54 420 234 88
2 47 60 58 88
2 49 60 58 88
2 50 60 58 88
2 52 60 58 88
2 54 60 58 88
2 55 120 116 88
2 52 120 116 88
2 51 120 116 88
2 52 120 116 88
2 54 60 58 88
2 55 60 58 88
2 57 60 58 88
2 59 60 58 88
2 60 120 116 88
2 48 120 116 88
2 60 120 116 88
2 59 120 116 88
2 47 120 116 88
2 59 120 116 88
2 57 120 116 88
2 59 60 58 88
2 57 60 58 88
2 55 60 58 88
2 54 60 58 88
2 55 120 116 88
2 43 120 116 88
2 55 240 236 88
2 57 60 58 88
2 55 60 58 88
2 54 60 58 88
2 52 60 58 88
2 54 120 116 88
2 42 120 116 88
2 54 240 236 88
2 52 120 116 88
2 50 120 116 88
2 49 60 58 88
2 50 60 58 88
2 52 60 58 88
2 54 60 58 88
2 55 60 58 88
2 47 60 58 88
2 46 60 58 88
2 55 60 58 88
2 54 60 58 88
2 52 60 58 88
2 50 60 58 88
2 49 60 58 88
2 47 60 58 88
2 49 60 58 88
2 50 60 58 88
2 52 60 58 88
2 54 60 58 88
2 52 60 58 88
2 50 60 58 88
2 54 60 58 88
2 52 60 58 88
2 50 60 58 88
2 49 60 58 88
2 47 60 58 88
2 52 240 116 88
2 57 120 116 88
2 50 240 116 88
2 55 120 116 88
2 49 60 58 88
2 59 60 58 88
2 58 60 58 88
2 61 60 58 88
2 54 60 58 88
2 58 60 58 88
2 47 60 58 88
2 59 60 58 88
2 49 60 58 88
2 59 60 58 88
2 50 60 58 88
2 59 60 58 88
2 52 60 58 88
2 59 60 58 88
2 54 60 58 88
2 59 60 58 88
2 55 60 58 88
2 59 60 58 88
2 45 60 58 88
2 57 60 58 88
2 47 60 58 88
2 57 60 58 88
2 49 60 58 88
2 57 60 58 88
2 50 60 58 88
2 57 60 58 88
2 52 60 58 88
2 57 60 58 88
2 54 60 58 88
2 57 60 58 88
2 55 60 58 88
2 59 60 58 88
2 57 60 58 88
2 55 60 58 88
2 54 60 58 88
2 52 60 58 88
2 54 60 58 88
2 57 60 58 88
2 62 60 58 88
2 57 60 58 88
2 56 60 58 88
2 62 60 58 88
2 57 60 58 88
2 60 60 58 88
2 59 60 58 88
2 57 60 58 88
2 55 60 58 88
2 54 60 58 88
2 55 60 58 88
2 59 60 58 88
2 64 60 58 88
2 59 60 58 88
2 58 60 58 88
2 64 60 58 88
2 59 60 58 88
2 62 60 58 88
2 61 60 58 88
2 59 60 58 88
2 58 60 58 88
2 56 60 58 88
2 54 60 58 88
2 55 60 58 88
2 54 60 58 88
2 52 60 58 88
2 50 60 58 88
2 49 60 58 88
2 47 60 58 88
2 49 60 58 88
2 50 60 58 88
2 52 60 58 88
2 54 60 58 88
2 52 60 58 88
2 50 120 116 88
2 47 120 116 88
2 46 120 116 88
2 47 120 116 88
2 38 120 116 88
2 42 120 116 88
