0 0 2040 0 0
0 72 60 58 88
0 71 60 58 88
0 72 120 116 88
0 67 120 116 88
0 76 23 22 88
0 74 30 29 88
0 76 187 182 88
0 74 360 234 88
0 72 60 58 88
0 71 60 58 88
0 72 60 58 88
0 74 60 58 88
0 71 60 58 88
0 72 60 58 88
0 69 60 58 88
0 72 60 58 88
0 71 60 58 88
0 72 60 58 88
0 74 60 58 88
0 76 60 58 88
0 72 60 58 88
0 74 60 58 88
0 71 60 58 88
0 69 60 58 88
0 71 60 58 88
0 72 60 58 88
0 71 60 58 88
0 72 60 58 88
0 69 60 58 88
0 71 60 58 88
0 72 180 175 88
0 69 60 58 88
0 70 180 175 88
0 67 60 58 88
0 69 240 234 88
0 71 120 116 88
0 72 240 225 88
0 72 240 234 88
0 71 120 116 88
0 72 120 116 88
0 79 60 58 88
0 77 60 58 88
0 79 120 116 88
0 72 120 116 88
0 81 240 234 88
0 79 240 234 88
0 78 120 116 88
0 81 60 58 88
0 79 60 58 88
0 81 120 116 88
0 74 120 116 88
0 83 240 234 88
0 81 240 234 88
0 80 120 116 88
0 83 60 58 88
0 81 60 58 88
0 83 120 116 88
0 76 120 116 88
0 84 600 585 88
0 84 120 116 88
0 83 120 116 88
0 79 120 116 88
0 76 240 234 88
0 78 120 116 88
0 79 240 236 88
0 78 60 58 88
0 76 60 58 88
0 79 15 15 88
0 78 23 22 88
0 79 22 21 88
0 78 15 15 88
0 79 15 15 88
0 78 90 87 88
0 79 60 58 88
0 79 120 116 88
0 76 120 116 88
0 73 120 116 88
0 74 180 178 88
0 79 60 58 88
0 82 60 58 88
0 81 60 58 88
0 79 60 58 88
0 77 60 58 88
0 76 60 58 88
0 74 60 58 88
0 73 120 116 88
0 74 240 234 88
0 73 240 116 88
0 74 60 58 88
0 73 60 58 88
0 74 120 116 88
0 69 120 116 88
0 77 240 234 88
0 76 360 234 88
0 74 60 58 88
0 72 60 58 88
0 74 60 58 88
0 76 60 58 88
0 72 60 58 88
0 74 60 58 88
0 71 60 58 88
0 74 60 58 88
0 72 60 58 88
0 74 60 58 88
0 76 60 58 88
0 77 60 58 88
0 74 60 58 88
0 76 60 58 88
0 72 120 116 88
0 76 60 58 88
0 74 60 58 88
0 76 120 116 88
0 72 120 116 88
0 81 120 116 88
0 72 120 116 88
0 69 120 116 88
0 74 120 116 88
0 71 120 116 88
0 74 60 58 88
0 72 60 58 88
0 74 120 116 88
0 71 120 116 88
0 79 120 116 88
0 70 120 116 88
0 67 120 116 88
0 72 120 116 88
0 69 120 116 88
0 74 60 58 88
0 72 60 58 88
0 74 60 58 88
0 76 60 58 88
0 72 60 58 88
0 74 60 58 88
0 71 60 58 88
0 69 60 58 88
0 71 60 58 88
0 72 60 58 88
0 71 60 58 88
0 72 60 58 88
0 69 60 58 88
0 71 60 58 88
0 67 120 116 88
0 72 60 58 88
0 71 60 58 88
0 72 60 58 88
0 74 60 58 88
0 70 60 58 88
0 72 60 58 88
0 69 60 58 88
0 67 60 58 88
0 69 60 58 88
0 70 60 58 88
0 69 60 58 88
0 70 60 58 88
0 67 60 58 88
0 69 60 58 88
0 67 30 29 88
0 65 30 29 88
0 67 30 29 88
0 65 30 29 88
0 67 30 29 88
0 65 30 29 88
0 67 30 29 88
0 65 30 29 88
0 67 30 29 88
0 65 30 29 88
0 67 23 22 88
0 65 22 21 88
0 67 23 22 88
0 65 22 21 88
0 67 23 22 88
0 65 22 21 88
0 67 23 22 88
0 65 22 21 88
0 65 120 116 88
0 74 60 58 88
0 72 60 58 88
0 74 120 116 88
0 65 120 116 88
0 64 60 58 88
0 62 60 58 88
0 64 60 58 88
0 65 60 58 88
0 64 60 58 88
0 65 60 58 88
0 62 60 58 88
0 64 60 58 88
0 60 180 165 88
0 60 60 58 88
0 59 180 165 88
0 59 60 58 88
0 57 360 353 88
0 59 120 116 88
0 60 360 353 88
0 57 120 116 88
0 62 360 353 88
0 59 120 116 88
0 64 360 353 88
0 60 120 116 88
0 65 360 353 88
0 62 120 116 88
0 67 240 234 88
0 69 120 116 88
0 71 120 116 88
0 72 1680 1674 88
0 71 360 234 88
0 72 60 58 88
0 71 60 58 88
0 72 120 116 88
0 67 120 116 88
0 76 240 234 88
0 74 360 234 88
0 72 60 58 88
0 71 60 58 88
0 72 60 58 88
0 74 60 58 88
0 71 60 58 88
0 72 60 58 88
0 69 60 58 88
0 72 60 58 88
0 71 60 58 88
0 72 60 58 88
0 74 60 58 88
0 76 60 58 88
0 72 60 58 88
0 74 60 58 88
0 71 120 116 88
0 74 60 58 88
0 72 60 58 88
0 74 120 116 88
0 67 120 116 88
0 76 240 234 88
0 74 240 234 88
0 72 120 116 88
0 76 60 58 88
0 74 60 58 88
0 76 120 116 88
0 69 120 116 88
0 77 240 234 88
0 76 240 234 88
0 74 120 116 88
0 77 60 58 88
0 76 60 58 88
0 77 120 116 88
0 71 120 116 88
0 79 240 234 88
0 77 240 234 88
0 76 120 116 88
0 77 120 116 88
0 79 480 474 88
0 77 480 474 88
0 76 480 474 88
0 74 120 116 88
0 72 120 116 88
0 71 120 116 88
0 67 120 116 88
0 72 480 474 88
0 71 240 234 88
0 72 120 116 88
0 74 120 116 88
0 67 60 58 88
0 72 120 116 88
0 71 60 58 88
0 72 60 58 88
0 65 60 58 88
0 64 60 58 88
0 62 60 58 88
0 64 60 58 88
0 65 60 58 88
0 62 60 58 88
0 64 60 58 88
0 65 60 58 88
0 64 60 58 88
0 65 60 58 88
0 67 60 58 88
0 65 60 58 88
0 67 60 58 88
0 64 60 58 88
0 65 60 58 88
0 62 60 58 88
0 60 60 58 88
0 62 60 58 88
0 64 60 58 88
0 62 60 58 88
0 64 60 58 88
0 60 60 58 88
0 62 60 58 88
0 64 60 58 88
0 62 60 58 88
0 64 60 58 88
0 65 60 58 88
0 64 60 58 88
0 65 60 58 88
0 62 60 58 88
0 64 60 58 88
0 60 1560 1556 88
0 59 120 116 88
0 60 120 116 88
0 62 120 116 88
0 64 120 116 88
0 67 60 58 88
0 65 60 58 88
0 67 120 116 88
0 60 120 116 88
0 69 240 234 88
0 67 360 234 88
0 65 60 58 88
0 64 60 58 88
0 65 120 116 88
0 62 120 116 88
0 67 240 234 88
0 65 240 234 88
0 64 120 116 88
0 68 120 116 88
0 67 120 116 88
0 71 120 116 88
0 72 120 116 88
0 65 120 116 88
0 64 120 116 88
0 72 120 116 88
0 62 120 116 88
0 72 120 116 88
0 65 120 116 88
0 71 120 116 88
1 0 120 0 0
1 67 60 58 88
1 65 60 58 88
1 67 120 116 88
1 60 120 116 88
1 69 23 22 88
1 67 30 29 88
1 69 187 182 88
1 67 360 234 88
1 65 60 58 88
1 64 60 58 88
1 65 60 58 88
1 67 60 58 88
1 64 60 58 88
1 65 60 58 88
1 62 60 58 88
1 65 60 58 88
1 64 60 58 88
1 65 60 58 88
1 67 60 58 88
1 69 60 58 88
1 65 60 58 88
1 67 60 58 88
1 64 60 58 88
1 62 60 58 88
1 64 60 58 88
1 65 60 58 88
1 64 60 58 88
1 65 60 58 88
1 62 60 58 88
1 64 60 58 88
1 60 60 58 88
1 59 60 58 88
1 60 60 58 88
1 62 60 58 88
1 60 60 58 88
1 62 60 58 88
1 59 60 58 88
1 60 60 58 88
1 57 60 58 88
1 59 60 58 88
1 60 60 58 88
1 62 60 58 88
1 64 60 58 88
1 66 60 58 88
1 67 240 236 88
1 66 60 58 88
1 64 60 58 88
1 67 30 29 88
1 66 30 29 88
1 67 30 29 88
1 66 30 29 88
1 67 30 29 88
1 66 30 29 88
1 64 30 29 88
1 66 30 29 88
1 67 540 538 88
1 64 60 58 88
1 65 180 175 88
1 62 60 58 88
1 64 240 236 88
1 62 120 116 88
1 67 240 234 88
1 65 60 58 88
1 69 60 58 88
1 67 60 58 88
1 69 60 58 88
1 62 240 234 88
1 60 600 116 88
1 72 60 58 88
1 71 60 58 88
1 72 120 116 88
1 67 120 116 88
1 74 240 234 88
1 72 240 234 88
1 71 120 116 88
1 74 60 58 88
1 72 60 58 88
1 74 120 116 88
1 69 120 116 88
1 76 240 234 88
1 74 240 234 88
1 72 120 116 88
1 76 60 58 88
1 74 60 58 88
1 76 120 116 88
1 81 120 116 88
1 74 600 596 88
1 72 60 58 88
1 71 60 58 88
1 69 120 116 88
1 71 240 236 88
1 69 60 58 88
1 67 60 58 88
1 69 120 116 88
1 62 120 116 88
1 71 240 234 88
1 69 360 234 88
1 67 60 58 88
1 65 60 58 88
1 67 60 58 88
1 69 60 58 88
1 65 60 58 88
1 67 60 58 88
1 64 60 58 88
1 67 60 58 88
1 65 60 58 88
1 67 60 58 88
1 69 60 58 88
1 70 60 58 88
1 67 60 58 88
1 69 60 58 88
1 65 60 58 88
1 64 60 58 88
1 65 60 58 88
1 67 60 58 88
1 65 60 58 88
1 67 60 58 88
1 64 60 58 88
1 65 60 58 88
1 62 60 58 88
1 60 60 58 88
1 62 60 58 88
1 64 60 58 88
1 62 60 58 88
1 64 60 58 88
1 60 60 58 88
1 62 60 58 88
1 59 60 58 88
1 60 60 58 88
1 62 60 58 88
1 64 60 58 88
1 66 60 58 88
1 68 60 58 88
1 69 240 236 88
1 68 60 58 88
1 66 60 58 88
1 69 30 29 88
1 68 30 29 88
1 69 30 29 88
1 68 30 29 88
1 69 30 29 88
1 68 30 29 88
1 66 30 29 88
1 68 30 29 88
1 69 60 58 88
1 68 60 58 88
1 69 60 58 88
1 71 60 58 88
1 69 60 58 88
1 71 60 58 88
1 67 60 58 88
1 69 60 58 88
1 66 60 58 88
1 64 60 58 88
1 66 60 58 88
1 67 60 58 88
1 66 60 58 88
1 67 60 58 88
1 64 60 58 88
1 66 60 58 88
1 67 60 58 88
1 66 60 58 88
1 67 60 58 88
1 69 60 58 88
1 67 60 58 88
1 69 60 58 88
1 65 60 58 88
1 67 60 58 88
1 64 60 58 88
1 62 60 58 88
1 64 60 58 88
1 65 60 58 88
1 64 60 58 88
1 65 60 58 88
1 62 60 58 88
1 64 60 58 88
1 65 60 58 88
1 64 60 58 88
1 65 60 58 88
1 67 60 58 88
1 65 60 58 88
1 67 60 58 88
1 64 60 58 88
1 65 60 58 88
1 62 120 116 88
1 67 60 58 88
1 65 60 58 88
1 67 60 58 88
1 69 60 58 88
1 65 60 58 88
1 67 60 58 88
1 64 60 58 88
1 62 60 58 88
1 64 60 58 88
1 65 60 58 88
1 64 60 58 88
1 65 60 58 88
1 62 60 58 88
1 64 60 58 88
1 60 120 116 88
1 65 60 58 88
1 64 60 58 88
1 65 60 58 88
1 67 60 58 88
1 64 60 58 88
1 65 60 58 88
1 62 60 58 88
1 60 60 58 88
1 62 60 58 88
1 64 60 58 88
1 62 60 58 88
1 64 60 58 88
1 60 60 58 88
1 62 60 58 88
1 59 60 58 88
1 57 60 58 88
1 59 60 58 88
1 60 60 58 88
1 59 60 58 88
1 60 60 58 88
1 57 60 58 88
1 59 60 58 88
1 60 360 353 88
1 59 180 165 88
1 59 60 58 88
1 57 180 165 88
1 57 60 58 88
1 55 240 225 88
1 55 120 116 88
1 54 120 116 88
1 55 180 178 88
1 54 60 58 88
1 55 60 58 88
1 52 60 58 88
1 54 360 356 88
1 59 120 116 88
1 55 360 356 88
1 60 120 116 88
1 57 360 356 88
1 62 120 116 88
1 59 360 345 88
1 59 120 116 88
1 60 120 116 88
1 62 120 116 88
1 64 120 116 88
1 67 60 58 88
1 65 60 58 88
1 67 120 116 88
1 60 120 116 88
1 69 240 234 88
1 67 360 234 88
1 65 60 58 88
1 64 60 58 88
1 65 60 58 88
1 67 60 58 88
1 64 60 58 88
1 65 60 58 88
1 62 60 58 88
1 65 60 58 88
1 64 60 58 88
1 65 60 58 88
1 67 60 58 88
1 69 60 58 88
1 65 60 58 88
1 67 60 58 88
1 64 60 58 88
1 62 60 58 88
1 64 60 58 88
1 65 60 58 88
1 64 60 58 88
1 65 60 58 88
1 62 60 58 88
1 64 60 58 88
1 60 60 58 88
1 59 60 58 88
1 60 60 58 88
1 62 60 58 88
1 60 60 58 88
1 62 60 58 88
1 59 60 58 88
1 60 60 58 88
1 57 60 58 88
1 59 60 58 88
1 60 60 58 88
1 62 60 58 88
1 64 60 58 88
1 66 60 58 88
1 67 240 225 88
1 67 240 234 88
1 66 120 116 88
1 67 600 234 88
1 67 60 58 88
1 65 60 58 88
1 67 120 116 88
1 60 120 116 88
1 69 240 234 88
1 67 240 234 88
1 65 120 116 88
1 69 60 58 88
1 67 60 58 88
1 69 120 116 88
1 64 120 116 88
1 71 240 234 88
1 69 240 234 88
1 67 120 116 88
1 71 60 58 88
1 69 60 58 88
1 71 120 116 88
1 67 120 116 88
1 72 240 234 88
1 70 240 234 88
1 69 480 470 88
1 67 480 470 88
1 65 720 714 88
1 64 240 234 88
1 62 300 294 88
1 65 60 58 88
1 64 60 58 88
1 62 60 58 88
1 67 60 58 88
1 69 60 58 88
1 65 60 58 88
1 67 60 58 88
1 64 120 116 88
1 62 120 116 88
1 60 1560 1545 88
1 60 240 234 88
1 59 120 116 88
1 60 120 116 88
1 55 60 58 88
1 53 60 58 88
1 55 120 116 88
1 48 120 116 88
1 57 240 234 88
1 55 360 234 88
1 53 60 58 88
1 52 60 58 88
1 53 120 116 88
1 50 120 116 88
1 55 240 234 88
1 57 120 116 88
1 59 120 116 88
1 60 120 116 88
1 58 60 58 88
1 57 60 58 88
1 58 120 116 88
1 64 120 116 88
1 65 240 234 88
1 64 840 234 88
1 62 60 58 88
1 60 60 58 88
1 62 120 116 88
1 55 120 116 88
1 60 120 116 88
1 65 120 116 88
1 64 120 116 88
1 68 120 116 88
1 67 120 116 88
1 62 120 116 88
1 60 120 116 88
1 64 120 116 88
1 62 240 116 88
1 62 240 116 88
1 64 0 470 88
2 0 38040 0 0
2 59 120 116 88
2 60 120 116 88
2 62 120 116 88
2 64 120 116 88
2 59 120 116 88
2 64 240 116 88
2 57 240 116 88
2 55 240 116 88
3 0 3960 0 0
3 55 60 58 88
3 53 60 58 88
3 55 120 116 88
3 48 120 116 88
3 57 23 22 88
3 55 30 29 88
3 57 187 182 88
3 55 360 234 88
3 53 60 58 88
3 52 60 58 88
3 53 60 58 88
3 55 60 58 88
3 52 60 58 88
3 53 60 58 88
3 50 60 58 88
3 53 60 58 88
3 52 60 58 88
3 53 60 58 88
3 55 60 58 88
3 57 60 58 88
3 53 60 58 88
3 55 60 58 88
3 52 60 58 88
3 50 60 58 88
3 52 60 58 88
3 53 60 58 88
3 52 60 58 88
3 53 60 58 88
3 50 60 58 88
3 52 60 58 88
3 53 60 58 88
3 52 60 58 88
3 53 60 58 88
3 55 60 58 88
3 53 60 58 88
3 55 60 58 88
3 52 60 58 88
3 53 60 58 88
3 50 60 58 88
3 49 60 58 88
3 50 60 58 88
3 52 60 58 88
3 54 60 58 88
3 55 60 58 88
3 52 60 58 88
3 54 60 58 88
3 55 60 58 88
3 54 60 58 88
3 55 60 58 88
3 57 60 58 88
3 55 60 58 88
3 57 60 58 88
3 53 60 58 88
3 55 60 58 88
3 52 60 58 88
3 50 60 58 88
3 52 60 58 88
3 54 60 58 88
3 56 60 58 88
3 57 60 58 88
3 54 60 58 88
3 56 60 58 88
3 57 60 58 88
3 56 60 58 88
3 57 60 58 88
3 59 60 58 88
3 57 60 58 88
3 59 60 58 88
3 55 60 58 88
3 57 60 58 88
3 54 60 58 88
3 55 60 58 88
3 52 60 58 88
3 54 60 58 88
3 55 60 58 88
3 57 60 58 88
3 59 60 58 88
3 55 60 58 88
3 60 60 58 88
3 59 60 58 88
3 60 60 58 88
3 62 60 58 88
3 60 60 58 88
3 62 60 58 88
3 59 60 58 88
3 60 60 58 88
3 62 480 470 88
3 55 120 116 88
3 67 60 58 88
3 65 60 58 88
3 67 60 58 88
3 69 60 58 88
3 65 60 58 88
3 67 60 58 88
3 64 600 470 88
3 62 120 116 88
3 53 120 116 88
3 57 120 116 88
3 50 6840 116 88
3 48 60 58 88
3 47 60 58 88
3 48 120 116 88
3 43 120 116 88
3 52 240 234 88
3 50 360 234 88
3 48 60 58 88
3 47 60 58 88
3 48 60 58 88
3 50 60 58 88
3 47 60 58 88
3 48 60 58 88
3 45 60 58 88
3 48 60 58 88
3 47 60 58 88
3 48 60 58 88
3 50 60 58 88
3 52 60 58 88
3 48 60 58 88
3 50 60 58 88
3 47 60 58 88
3 50 60 58 88
3 48 60 58 88
3 50 60 58 88
3 52 60 58 88
3 53 60 58 88
3 50 60 58 88
3 52 60 58 88
3 48 60 58 88
3 52 60 58 88
3 50 60 58 88
3 52 60 58 88
3 53 60 58 88
3 55 60 58 88
3 52 60 58 88
3 53 60 58 88
3 50 60 58 88
3 53 60 58 88
3 52 60 58 88
3 53 60 58 88
3 55 60 58 88
3 57 60 58 88
3 53 60 58 88
3 55 60 58 88
3 52 60 58 88
3 50 60 58 88
3 52 60 58 88
3 53 60 58 88
3 52 60 58 88
3 53 60 58 88
3 50 60 58 88
3 52 60 58 88
3 48 60 58 88
3 50 60 58 88
3 52 60 58 88
3 50 60 58 88
3 48 60 58 88
3 46 60 58 88
3 45 60 58 88
3 43 60 58 88
3 41 60 58 88
3 40 60 58 88
3 41 60 58 88
3 43 60 58 88
3 41 60 58 88
3 43 60 58 88
3 40 60 58 88
3 41 60 58 88
3 38 60 58 88
3 45 60 58 88
3 47 60 58 88
3 48 60 58 88
3 50 60 58 88
3 52 60 58 88
3 53 60 58 88
3 50 60 58 88
3 55 1800 1430 88
3 59 120 116 88
3 60 120 116 88
3 57 120 116 88
3 62 120 116 88
3 50 120 116 88
3 43 60 58 88
3 42 60 58 88
3 43 60 58 88
3 45 60 58 88
3 47 60 58 88
3 48 60 58 88
3 45 60 58 88
3 47 60 58 88
3 48 60 58 88
3 47 60 58 88
3 48 60 58 88
3 50 60 58 88
3 48 60 58 88
3 50 60 58 88
3 47 60 58 88
3 48 60 58 88
3 45 60 58 88
3 44 60 58 88
3 45 60 58 88
3 47 60 58 88
3 48 60 58 88
3 50 60 58 88
3 47 60 58 88
3 48 60 58 88
3 50 60 58 88
3 48 60 58 88
3 50 60 58 88
3 52 60 58 88
3 50 60 58 88
3 52 60 58 88
3 48 60 58 88
3 50 60 58 88
3 47 60 58 88
3 45 60 58 88
3 47 60 58 88
3 48 60 58 88
3 50 60 58 88
3 52 60 58 88
3 48 60 58 88
3 50 60 58 88
3 52 60 58 88
3 50 60 58 88
3 52 60 58 88
3 53 60 58 88
3 52 60 58 88
3 53 60 58 88
3 50 60 58 88
3 52 60 58 88
3 48 60 58 88
3 47 60 58 88
3 48 60 58 88
3 50 60 58 88
3 52 60 58 88
3 53 60 58 88
3 50 60 58 88
3 52 60 58 88
3 53 60 58 88
3 55 60 58 88
3 53 60 58 88
3 52 60 58 88
3 50 60 58 88
3 48 60 58 88
3 47 60 58 88
3 45 60 58 88
3 47 60 58 88
3 43 60 58 88
3 45 60 58 88
3 47 60 58 88
3 48 60 58 88
3 50 60 58 88
3 47 60 58 88
3 48 60 58 88
3 45 60 58 88
3 48 60 58 88
3 47 60 58 88
3 48 60 58 88
3 50 60 58 88
3 52 60 58 88
3 53 60 58 88
3 50 60 58 88
3 55 60 58 88
3 57 60 58 88
3 53 60 58 88
3 55 60 58 88
3 57 60 58 88
3 59 60 58 88
3 55 60 58 88
3 57 60 58 88
3 53 60 58 88
3 55 60 58 88
3 52 60 58 88
3 53 60 58 88
3 55 60 58 88
3 57 60 58 88
3 53 60 58 88
3 55 60 58 88
3 52 120 116 88
3 53 120 116 88
3 55 120 116 88
3 56 120 116 88
3 45 120 116 88
3 55 60 58 88
3 53 60 58 88
3 55 120 116 88
3 48 120 116 88
3 57 240 234 88
3 55 360 234 88
3 53 60 58 88
3 52 60 58 88
3 53 120 116 88
3 50 120 116 88
3 55 240 234 88
3 53 240 234 88
3 52 60 58 88
3 50 60 58 88
3 52 60 58 88
3 53 60 58 88
3 52 60 58 88
3 53 60 58 88
3 50 60 58 88
3 52 60 58 88
3 53 60 58 88
3 52 60 58 88
3 53 60 58 88
3 55 60 58 88
3 53 60 58 88
3 55 60 58 88
3 52 60 58 88
3 53 60 58 88
3 50 60 58 88
3 48 60 58 88
3 50 60 58 88
3 52 60 58 88
3 50 60 58 88
3 48 60 58 88
3 47 60 58 88
3 45 60 58 88
3 43 60 58 88
3 41 60 58 88
3 43 60 58 88
3 45 60 58 88
3 43 60 58 88
3 41 60 58 88
3 40 60 58 88
3 38 60 58 88
3 36 60 58 88
3 48 60 58 88
3 52 60 58 88
3 48 60 58 88
3 36 60 58 88
3 48 60 58 88
3 55 60 58 88
3 48 60 58 88
3 36 60 58 88
3 38 60 58 88
3 40 60 58 88
3 41 60 58 88
3 43 60 58 88
3 45 60 58 88
3 47 60 58 88
3 48 60 58 88
3 36 60 58 88
3 48 60 58 88
3 50 60 58 88
3 48 60 58 88
3 36 60 58 88
3 48 60 58 88
3 53 60 58 88
3 48 60 58 88
3 47 60 58 88
3 48 60 58 88
3 47 60 58 88
3 45 60 58 88
3 43 60 58 88
3 41 60 58 88
3 40 60 58 88
3 38 60 58 88
3 36 60 58 88
3 48 60 58 88
3 50 60 58 88
3 48 60 58 88
3 52 60 58 88
3 48 60 58 88
3 53 60 58 88
3 48 60 58 88
3 55 60 58 88
3 48 60 58 88
3 56 60 58 88
3 48 60 58 88
3 55 60 58 88
3 48 60 58 88
3 47 60 58 88
3 48 60 58 88
3 41 240 116 88
3 43 240 116 88
