0 0 360 0 0
0 68 120 116 88
0 70 60 58 88
0 68 60 58 88
0 66 60 58 88
0 68 60 58 88
0 77 120 116 88
0 73 120 116 88
0 68 120 116 88
0 66 60 58 88
0 65 60 58 88
0 66 120 116 88
0 75 120 116 88
0 65 120 116 88
0 73 120 116 88
0 63 120 116 88
0 72 120 116 88
0 61 120 116 88
0 73 60 58 88
0 72 60 58 88
0 73 60 58 88
0 75 60 58 88
0 77 60 58 88
0 78 60 58 88
0 80 60 58 88
0 79 60 58 88
0 77 60 58 88
0 79 60 58 88
0 80 60 58 88
0 78 60 58 88
0 77 60 58 88
0 75 60 58 88
0 77 300 294 88
0 75 60 58 88
0 73 60 58 88
0 77 60 58 88
0 75 60 58 88
0 73 60 58 88
0 72 60 58 88
0 75 60 58 88
0 73 60 58 88
0 72 60 58 88
0 73 60 58 88
0 70 60 58 88
0 70 60 58 88
0 72 60 58 88
0 75 120 116 88
0 78 480 470 88
0 77 480 474 88
0 75 360 353 88
0 73 120 116 88
0 72 120 116 88
0 75 240 236 88
0 68 120 116 88
0 77 360 338 88
0 77 60 58 88
0 73 60 58 88
0 70 360 338 88
0 70 120 116 88
0 75 360 338 88
0 75 60 58 88
0 72 60 58 88
0 68 360 338 88
0 68 120 116 88
0 73 300 294 88
0 72 60 58 88
0 73 60 58 88
0 70 60 58 88
0 82 300 298 88
0 80 60 58 88
0 79 60 58 88
0 82 60 58 88
0 80 60 58 88
0 75 60 58 88
0 77 60 58 88
0 78 60 58 88
0 77 60 58 88
0 75 60 58 88
0 73 60 58 88
0 75 60 58 88
0 84 120 116 88
0 80 120 116 88
0 75 120 116 88
0 73 60 58 88
0 72 60 58 88
0 73 120 116 88
0 82 120 116 88
0 72 120 116 88
0 80 120 116 88
0 70 120 116 88
0 79 120 116 88
0 68 60 58 88
0 70 60 58 88
0 72 60 58 88
0 73 60 58 88
0 72 60 58 88
0 70 60 58 88
0 68 60 58 88
0 72 60 58 88
0 77 60 58 88
0 75 60 58 88
0 74 60 58 88
0 77 60 58 88
0 80 60 58 88
0 78 60 58 88
0 77 60 58 88
0 80 60 58 88
0 80 30 29 88
0 82 30 29 88
0 83 60 58 88
0 82 60 58 88
0 80 60 58 88
0 78 60 58 88
0 77 60 58 88
0 75 60 58 88
0 74 60 58 88
0 75 60 58 88
0 78 60 58 88
0 77 60 58 88
0 75 60 58 88
0 74 60 58 88
0 77 60 58 88
0 70 60 58 88
0 68 60 58 88
0 66 60 58 88
0 65 60 58 88
0 63 60 58 88
0 62 60 58 88
0 63 60 58 88
0 65 60 58 88
0 66 60 58 88
0 68 60 58 88
0 70 60 58 88
0 68 60 58 88
0 66 60 58 88
0 68 60 58 88
0 70 60 58 88
0 68 60 58 88
0 66 60 58 88
0 65 60 58 88
0 66 300 294 88
0 65 60 58 88
0 63 60 58 88
0 66 60 58 88
0 65 60 58 88
0 63 60 58 88
0 61 60 58 88
0 65 60 58 88
0 63 60 58 88
0 61 60 58 88
0 63 60 58 88
0 60 60 58 88
0 61 60 58 88
0 65 60 58 88
0 66 60 58 88
0 65 60 58 88
0 73 300 294 88
0 72 60 58 88
0 73 60 58 88
0 70 60 58 88
0 82 300 298 88
0 63 60 58 88
0 65 60 58 88
0 63 60 58 88
0 72 300 294 88
0 70 60 58 88
0 72 60 58 88
0 68 60 58 88
0 80 300 298 88
0 61 60 58 88
0 63 60 58 88
0 61 60 58 88
0 70 300 294 88
0 68 60 58 88
0 70 60 58 88
0 67 60 58 88
0 79 300 298 88
0 76 60 58 88
0 77 60 58 88
0 73 60 58 88
0 70 480 470 88
0 68 480 474 88
0 67 360 353 88
0 65 120 116 88
0 64 120 116 88
0 67 120 116 88
0 72 60 58 88
0 70 60 58 88
0 68 60 58 88
0 72 60 58 88
0 70 60 58 88
0 68 60 58 88
0 67 60 58 88
0 70 60 58 88
0 68 60 58 88
0 65 60 58 88
0 73 60 58 88
0 70 60 58 88
0 72 60 58 88
0 68 60 58 88
0 78 60 58 88
0 76 60 58 88
0 76 60 58 88
0 77 60 58 88
0 83 60 58 88
0 84 60 58 88
0 76 180 175 88
0 77 60 38 88
0 77 360 234 88
0 77 120 116 88
0 71 60 58 88
0 70 60 58 88
0 68 60 58 88
0 70 60 58 88
0 77 120 116 88
0 74 120 116 88
0 68 120 116 88
0 66 60 58 88
0 65 60 58 88
0 66 120 116 88
0 75 120 116 88
0 69 60 58 88
0 68 60 58 88
0 66 60 58 88
0 68 60 58 88
0 75 120 116 88
0 72 120 116 88
0 66 120 116 88
0 65 60 58 88
0 63 60 58 88
0 65 60 58 88
0 68 60 58 88
0 73 60 58 88
0 75 60 58 88
0 77 60 58 88
0 75 60 58 88
0 73 60 58 88
0 75 60 58 88
0 84 120 116 88
0 80 120 116 88
0 75 120 116 88
0 73 60 58 88
0 72 60 58 88
0 73 120 116 88
0 82 120 116 88
0 72 120 116 88
0 80 120 116 88
0 70 120 116 88
0 79 120 116 88
0 68 60 58 88
0 63 60 58 88
0 65 60 58 88
0 67 60 58 88
0 68 60 58 88
0 70 60 58 88
0 72 60 58 88
0 68 60 58 88
0 73 60 58 88
0 72 60 58 88
0 70 60 58 88
0 72 60 58 88
0 73 60 58 88
0 72 60 58 88
0 70 60 58 88
0 68 60 58 88
0 70 300 294 88
0 68 60 58 88
0 66 60 58 88
0 70 60 58 88
0 68 60 58 88
0 66 60 58 88
0 65 60 58 88
0 68 60 58 88
0 66 60 58 88
0 65 60 58 88
0 63 60 58 88
0 66 60 58 88
0 65 120 116 88
0 68 120 116 88
0 73 360 234 88
0 76 60 58 88
0 73 60 58 88
0 70 360 234 88
0 70 60 58 88
0 73 60 58 88
0 76 240 234 88
0 75 120 116 88
0 80 120 116 88
0 73 120 116 88
0 79 120 116 88
0 68 120 116 88
0 80 60 58 88
0 79 60 58 88
0 80 60 58 88
0 82 60 58 88
0 83 60 58 88
0 80 60 58 88
0 77 60 58 88
0 78 60 58 88
0 80 60 58 88
0 77 60 58 88
0 73 60 58 88
0 75 60 58 88
0 77 60 58 88
0 73 60 58 88
0 70 60 58 88
0 72 60 58 88
0 73 60 58 88
0 70 60 58 88
0 78 60 58 88
0 80 60 58 88
0 82 60 58 88
0 78 60 58 88
0 75 60 58 88
0 77 60 58 88
0 78 60 58 88
0 75 60 58 88
0 72 60 58 88
0 73 60 58 88
0 75 60 58 88
0 72 60 58 88
0 68 60 58 88
0 70 60 58 88
0 72 60 58 88
0 68 60 58 88
0 77 60 58 88
0 78 60 58 88
0 80 60 58 88
0 77 60 58 88
0 74 60 58 88
0 75 60 58 88
0 77 60 58 88
0 74 60 58 88
0 70 60 58 88
0 72 60 58 88
0 74 60 58 88
0 70 60 58 88
0 66 60 58 88
0 68 60 58 88
0 70 60 58 88
0 66 60 58 88
0 75 60 58 88
0 77 60 58 88
0 78 60 58 88
0 75 60 58 88
0 72 60 58 88
0 73 60 58 88
0 75 60 58 88
0 72 60 58 88
0 68 60 58 88
0 70 60 58 88
0 72 60 58 88
0 68 60 58 88
0 65 60 58 88
0 66 60 58 88
0 68 60 58 88
0 65 60 58 88
0 61 60 58 88
0 65 60 58 88
0 68 60 58 88
0 70 60 58 88
0 71 60 58 88
0 70 60 58 88
0 68 60 58 88
0 70 60 58 88
0 78 120 116 88
0 73 120 116 88
0 70 120 116 88
0 68 60 58 88
0 66 60 58 88
0 68 60 58 88
0 61 60 58 88
0 65 60 58 88
0 68 60 58 88
0 70 60 58 88
0 68 60 58 88
0 66 60 58 88
0 68 60 58 88
0 77 120 116 88
0 73 120 116 88
0 68 120 116 88
0 66 60 58 88
0 65 60 58 88
0 66 60 58 88
0 60 60 58 88
0 63 60 58 88
0 66 60 58 88
0 68 60 58 88
0 66 60 58 88
0 65 60 58 88
0 66 60 58 88
0 75 120 116 88
0 72 120 116 88
0 66 120 116 88
0 65 60 58 88
0 63 60 58 88
0 65 60 58 88
0 68 60 58 88
0 70 60 58 88
0 72 60 58 88
0 73 60 58 88
0 75 60 58 88
0 77 60 58 88
0 75 60 58 88
0 78 60 58 88
0 77 60 58 88
0 75 60 58 88
0 73 60 58 88
0 82 23 22 88
0 80 30 29 88
0 82 30 29 88
0 80 30 29 88
0 82 30 29 88
0 80 22 21 88
0 82 23 22 88
0 80 22 21 88
0 82 23 22 88
0 80 22 21 88
0 82 23 22 88
0 80 22 21 88
0 82 23 22 88
0 80 22 21 88
0 82 23 22 88
0 80 22 21 88
0 82 23 22 88
0 80 22 21 88
0 82 23 22 88
0 80 22 21 88
0 80 60 38 88
0 80 60 58 88
0 78 60 58 88
0 80 60 58 88
0 77 60 58 88
0 80 60 58 88
0 75 60 58 88
0 80 60 58 88
0 73 60 58 88
0 80 60 58 88
0 72 60 58 88
0 70 60 58 88
0 72 60 58 88
0 75 60 58 88
0 77 60 58 88
0 78 60 58 88
0 80 60 58 88
0 78 60 58 88
0 77 60 58 88
0 80 60 58 88
0 75 60 58 88
0 80 60 58 88
0 73 60 58 88
0 80 60 58 88
0 72 60 58 88
0 80 60 58 88
0 70 60 58 88
0 68 60 58 88
0 70 60 58 88
0 73 60 58 88
0 75 60 58 88
0 77 60 58 88
0 78 60 58 88
0 77 60 58 88
0 75 60 58 88
0 77 60 58 88
0 73 60 58 88
0 75 60 58 88
0 72 60 58 88
0 75 60 58 88
0 70 60 58 88
0 75 60 58 88
0 68 60 58 88
0 67 60 58 88
0 68 60 58 88
0 72 60 58 88
0 73 60 58 88
0 75 60 58 88
0 77 60 58 88
0 78 60 58 88
0 80 60 58 88
0 82 60 58 88
0 72 120 116 88
0 68 120 116 88
0 70 60 58 88
0 68 60 58 88
0 66 60 58 88
0 68 60 58 88
0 77 120 116 88
0 73 120 116 88
0 68 120 116 88
0 66 60 58 88
0 65 60 58 88
0 66 120 116 88
0 75 120 116 88
0 65 120 116 88
0 73 120 116 88
0 63 120 116 88
0 72 120 116 88
0 61 120 116 88
0 73 60 58 88
0 72 60 58 88
0 73 60 58 88
0 75 60 58 88
0 77 60 58 88
0 78 60 58 88
0 80 60 58 88
0 78 60 58 88
0 77 60 58 88
0 78 60 58 88
0 80 60 58 88
0 78 60 58 88
0 77 60 58 88
0 75 60 58 88
0 77 300 294 88
0 75 60 58 88
0 73 60 58 88
0 77 60 58 88
0 75 60 58 88
0 73 60 58 88
0 72 60 58 88
0 75 60 58 88
0 73 60 58 88
0 72 60 58 88
0 73 60 58 88
0 70 60 58 88
0 72 120 116 88
0 75 120 116 88
0 78 480 470 88
0 77 480 474 88
0 75 360 353 88
0 73 120 116 88
0 72 120 116 88
0 75 240 236 88
0 68 120 116 88
0 73 120 116 88
0 71 120 116 88
0 70 600 578 88
0 70 60 58 88
0 66 60 58 88
0 63 360 338 88
0 63 120 116 88
0 68 360 338 88
0 68 60 58 88
0 65 60 58 88
0 62 360 353 88
0 58 120 116 88
0 66 300 298 88
0 65 60 58 88
0 66 60 58 88
0 63 60 58 88
0 75 300 294 88
0 73 60 58 88
0 72 60 58 88
0 75 60 58 88
0 73 60 58 88
0 68 60 58 88
0 70 60 58 88
0 71 60 58 88
0 70 60 58 88
0 68 60 58 88
0 66 60 58 88
0 68 60 58 88
0 77 120 116 88
0 73 120 116 88
0 68 120 116 88
0 66 60 58 88
0 65 60 58 88
0 66 120 116 88
0 75 120 116 88
0 65 120 116 88
0 73 120 116 88
0 63 120 116 88
0 72 120 116 88
0 61 60 58 88
0 65 60 58 88
0 66 60 58 88
0 68 60 58 88
0 70 60 58 88
0 72 60 58 88
0 73 60 58 88
0 75 60 58 88
0 76 60 58 88
0 75 60 58 88
0 73 60 58 88
0 75 60 58 88
0 76 60 58 88
0 79 60 58 88
0 80 60 58 88
0 82 60 58 88
0 73 60 58 88
0 72 60 58 88
0 70 60 58 88
0 68 60 58 88
0 75 120 116 88
0 66 120 116 88
0 65 120 116 88
0 61 0 116 88
0 68 0 116 88
0 73 120 116 88
0 63 120 116 88
0 72 120 116 88
1 0 52080 0 0
1 66 0 98 88
1 70 120 116 88
1 66 0 116 88
1 68 120 98 88
1 65 0 470 88
2 0 2280 0 0
2 61 120 116 88
2 65 60 58 88
2 63 60 58 88
2 61 60 58 88
2 63 60 58 88
2 72 120 116 88
2 68 120 116 88
2 63 120 116 88
2 61 60 58 88
2 60 60 58 88
2 61 120 116 88
2 70 120 116 88
2 60 120 116 88
2 68 120 116 88
2 58 120 116 88
2 67 120 116 88
2 56 120 116 88
2 68 60 58 88
2 67 60 58 88
2 68 60 58 88
2 70 60 58 88
2 72 60 58 88
2 68 60 58 88
2 73 60 58 88
2 72 60 58 88
2 70 60 58 88
2 72 60 58 88
2 73 60 58 88
2 72 60 58 88
2 70 60 58 88
2 68 60 58 88
2 70 300 294 88
2 68 60 58 88
2 66 60 58 88
2 70 60 58 88
2 68 60 58 88
2 66 60 58 88
2 65 60 58 88
2 68 60 58 88
2 66 60 58 88
2 65 60 58 88
2 66 60 58 88
2 63 60 58 88
2 65 360 234 88
2 68 120 116 88
2 73 360 338 88
2 73 60 58 88
2 70 60 58 88
2 63 360 234 88
2 67 120 116 88
2 72 360 338 88
2 72 60 58 88
2 68 60 58 88
2 61 360 234 88
2 65 120 116 88
2 70 300 294 88
2 73 60 58 88
2 75 60 58 88
2 70 60 58 88
2 72 360 234 88
2 68 180 175 88
2 67 60 58 88
2 65 60 58 88
2 67 60 58 88
2 68 60 58 88
2 66 60 58 88
2 65 60 58 88
2 63 60 58 88
2 65 300 294 88
2 63 60 58 88
2 61 60 58 88
2 65 60 58 88
2 63 60 58 88
2 61 60 58 88
2 60 60 58 88
2 63 60 58 88
2 61 60 58 88
2 60 60 58 88
2 61 60 58 88
2 58 60 58 88
2 60 120 116 88
2 63 120 116 88
2 68 360 234 88
2 59 60 58 88
2 56 60 58 88
2 53 360 234 88
2 53 60 58 88
2 56 60 58 88
2 59 240 234 88
2 58 120 116 88
2 59 120 116 88
2 58 120 116 88
2 50 120 116 88
2 51 2280 234 88
2 65 120 116 88
2 70 300 294 88
2 73 60 58 88
2 75 60 58 88
2 70 60 58 88
2 72 360 116 88
2 63 120 116 88
2 68 300 294 88
2 72 60 58 88
2 73 60 58 88
2 68 60 58 88
2 70 360 116 88
2 61 120 116 88
2 67 300 294 88
2 70 60 58 88
2 72 60 58 88
2 67 60 58 88
2 68 360 234 88
2 60 120 116 88
2 61 60 58 88
2 60 60 58 88
2 58 60 58 88
2 60 60 58 88
2 68 120 116 88
2 65 120 116 88
2 60 120 116 88
2 58 60 58 88
2 56 60 58 88
2 58 120 116 88
2 67 120 116 88
2 56 120 116 88
2 65 120 116 88
2 55 120 116 88
2 64 120 116 88
2 53 360 353 88
2 52 120 116 88
2 53 120 116 88
2 52 120 116 88
2 53 120 116 88
2 58 120 116 88
2 56 120 116 88
2 55 60 58 88
2 53 60 58 88
2 55 120 116 88
2 58 120 116 88
2 56 60 58 88
2 58 60 58 88
2 60 60 58 88
2 56 60 58 88
2 53 60 58 88
2 54 60 58 88
2 56 60 58 88
2 53 60 58 88
2 50 60 58 88
2 51 60 58 88
2 53 60 58 88
2 50 60 58 88
2 46 60 58 88
2 50 60 58 88
2 53 60 58 88
2 58 60 58 88
2 51 60 58 88
2 54 60 58 88
2 58 60 58 88
2 62 60 58 88
2 63 60 58 88
2 65 60 58 88
2 66 60 58 88
2 63 60 58 88
2 60 60 58 88
2 61 60 58 88
2 63 60 58 88
2 60 60 58 88
2 56 300 278 88
2 56 60 58 88
2 58 60 58 88
2 60 60 58 88
2 61 480 116 88
2 72 480 470 88
2 70 360 356 88
2 68 120 116 88
2 67 120 116 88
2 70 120 116 88
2 63 360 58 88
2 56 120 116 88
2 58 60 58 88
2 56 60 58 88
2 54 60 58 88
2 56 60 58 88
2 65 120 116 88
2 61 120 116 88
2 56 120 116 88
2 54 60 58 88
2 53 60 58 88
2 54 120 116 88
2 63 120 116 88
2 53 120 116 88
2 61 120 116 88
2 51 120 116 88
2 60 120 116 88
2 61 360 234 88
2 80 60 58 88
2 77 60 58 88
2 73 360 234 88
2 73 60 58 88
2 70 60 58 88
2 67 360 234 88
2 73 120 116 88
2 71 240 234 88
2 70 240 234 88
2 68 600 116 88
2 59 60 58 88
2 56 60 58 88
2 53 360 116 88
2 58 60 58 88
2 54 60 58 88
2 51 360 116 88
2 58 60 58 88
2 54 60 58 88
2 51 360 116 88
2 56 60 58 88
2 53 60 58 88
2 50 360 116 88
2 56 60 58 88
2 53 60 58 88
2 50 360 116 88
2 54 60 58 88
2 51 60 58 88
2 48 360 116 88
2 54 60 58 88
2 51 60 58 88
2 48 9720 116 88
2 61 60 58 88
2 63 60 58 88
2 65 60 58 88
2 63 60 58 88
2 61 60 58 88
2 63 60 58 88
2 72 120 116 88
2 68 120 116 88
2 63 120 116 88
2 61 60 58 88
2 60 60 58 88
2 61 120 116 88
2 70 120 116 88
2 60 120 116 88
2 68 120 116 88
2 58 120 116 88
2 67 120 116 88
2 56 120 116 88
2 68 60 58 88
2 66 60 58 88
2 68 60 58 88
2 70 60 58 88
2 72 60 58 88
2 68 60 58 88
2 73 60 58 88
2 72 60 58 88
2 70 60 58 88
2 72 60 58 88
2 73 60 58 88
2 72 60 58 88
2 70 60 58 88
2 68 60 58 88
2 70 300 294 88
2 68 60 58 88
2 66 60 58 88
2 70 60 58 88
2 68 60 58 88
2 66 60 58 88
2 65 60 58 88
2 68 60 58 88
2 66 60 58 88
2 65 60 58 88
2 66 60 58 88
2 63 60 58 88
2 65 600 590 88
2 61 120 116 88
2 66 120 116 88
2 65 120 116 88
2 66 360 338 88
2 66 60 58 88
2 63 60 58 88
2 56 360 234 88
2 60 120 116 88
2 65 360 338 88
2 65 60 58 88
2 62 60 58 88
2 54 360 234 88
2 58 120 116 88
2 63 300 294 88
2 66 60 58 88
2 68 60 58 88
2 63 60 58 88
2 65 360 234 88
2 61 180 178 88
2 60 60 58 88
2 58 60 58 88
2 60 60 58 88
2 61 60 58 88
2 60 60 58 88
2 58 60 58 88
2 56 60 58 88
2 58 300 294 88
2 56 60 58 88
2 54 60 58 88
2 58 60 58 88
2 56 60 58 88
2 54 60 58 88
2 53 60 58 88
2 56 60 58 88
2 54 60 58 88
2 53 60 58 88
2 51 60 58 88
2 54 60 58 88
2 53 60 58 88
2 56 60 58 88
2 58 60 58 88
2 60 60 58 88
2 61 60 58 88
2 60 60 58 88
2 58 60 58 88
2 56 60 58 88
2 55 60 58 88
2 56 60 58 88
2 58 60 58 88
2 55 60 58 88
2 51 300 278 88
2 51 60 58 88
2 53 60 58 88
2 54 60 58 88
2 56 60 58 88
2 58 60 58 88
2 60 60 58 88
2 56 60 58 88
2 61 240 234 88
2 63 240 234 88
3 0 4200 0 0
3 56 120 116 88
3 58 60 58 88
3 56 60 58 88
3 54 60 58 88
3 56 60 58 88
3 65 120 116 88
3 61 120 116 88
3 56 120 116 88
3 54 60 58 88
3 53 60 58 88
3 54 120 116 88
3 63 120 116 88
3 53 120 116 88
3 61 120 116 88
3 51 120 116 88
3 60 120 116 88
3 49 120 116 88
3 61 60 58 88
3 60 60 58 88
3 61 60 58 88
3 63 60 58 88
3 65 60 58 88
3 61 60 58 88
3 58 60 58 88
3 60 60 58 88
3 61 60 58 88
3 58 60 58 88
3 55 60 58 88
3 56 60 58 88
3 58 60 58 88
3 55 60 58 88
3 48 120 116 88
3 60 60 58 88
3 58 60 58 88
3 60 60 58 88
3 61 60 58 88
3 63 60 58 88
3 60 60 58 88
3 56 60 58 88
3 58 60 58 88
3 60 60 58 88
3 56 60 58 88
3 53 60 58 88
3 55 60 58 88
3 56 60 58 88
3 53 60 58 88
3 46 120 116 88
3 58 60 58 88
3 56 60 58 88
3 58 60 58 88
3 60 60 58 88
3 61 60 58 88
3 58 60 58 88
3 55 60 58 88
3 56 60 58 88
3 58 60 58 88
3 55 60 58 88
3 51 60 58 88
3 53 60 58 88
3 55 60 58 88
3 51 60 58 88
3 44 120 116 88
3 56 60 58 88
3 58 60 58 88
3 60 120 116 88
3 56 120 116 88
3 61 240 234 88
3 60 240 234 88
3 58 120 116 88
3 56 120 116 88
3 55 240 234 88
3 56 240 234 88
3 51 240 234 88
3 56 360 234 88
3 63 60 58 88
3 60 60 58 88
3 56 360 234 88
3 56 60 58 88
3 53 60 58 88
3 50 360 234 88
3 53 120 116 88
3 54 120 116 88
3 56 120 116 88
3 58 120 116 88
3 46 120 116 88
3 39 360 234 88
3 51 120 116 88
3 54 60 58 88
3 53 60 58 88
3 51 60 58 88
3 53 60 58 88
3 61 120 116 88
3 58 120 116 88
3 53 120 116 88
3 51 60 58 88
3 49 60 58 88
3 51 120 116 88
3 60 120 116 88
3 49 120 116 88
3 58 120 116 88
3 48 120 116 88
3 57 120 116 88
3 46 120 116 88
3 58 60 58 88
3 57 60 58 88
3 58 60 58 88
3 60 60 58 88
3 61 60 58 88
3 58 60 58 88
3 55 60 58 88
3 56 60 58 88
3 58 60 58 88
3 55 60 58 88
3 51 60 58 88
3 53 60 58 88
3 55 60 58 88
3 51 60 58 88
3 44 120 116 88
3 56 60 58 88
3 55 60 58 88
3 56 60 58 88
3 58 60 58 88
3 60 60 58 88
3 56 60 58 88
3 53 60 58 88
3 55 60 58 88
3 56 60 58 88
3 53 60 58 88
3 49 60 58 88
3 51 60 58 88
3 53 60 58 88
3 49 60 58 88
3 43 120 116 88
3 55 60 58 88
3 53 60 58 88
3 55 60 58 88
3 56 60 58 88
3 58 60 58 88
3 55 60 58 88
3 52 60 58 88
3 53 60 58 88
3 55 60 58 88
3 52 60 58 88
3 48 60 58 88
3 50 60 58 88
3 52 60 58 88
3 48 60 58 88
3 41 60 58 88
3 43 60 58 88
3 44 60 58 88
3 46 60 58 88
3 48 60 58 88
3 50 60 58 88
3 52 60 58 88
3 48 60 58 88
3 53 60 58 88
3 51 60 58 88
3 49 60 58 88
3 51 60 58 88
3 53 60 58 88
3 51 60 58 88
3 49 60 58 88
3 48 60 58 88
3 49 300 294 88
3 48 60 58 88
3 46 60 58 88
3 49 60 58 88
3 48 60 58 88
3 46 60 58 88
3 44 60 58 88
3 48 60 58 88
3 46 60 58 88
3 44 60 58 88
3 46 60 58 88
3 43 60 58 88
3 44 120 116 88
3 49 120 116 88
3 43 120 116 88
3 48 120 116 88
3 41 120 116 88
3 46 120 116 88
3 44 120 116 88
3 49 120 116 88
3 48 480 470 88
3 53 1740 234 88
3 44 60 58 88
3 46 60 58 88
3 48 60 58 88
3 49 300 294 88
3 51 60 58 88
3 53 60 58 88
3 55 60 58 88
3 56 60 58 88
3 55 60 58 88
3 53 60 58 88
3 55 60 58 88
3 56 60 58 88
3 55 60 58 88
3 53 60 58 88
3 51 60 58 88
3 53 300 294 88
3 51 60 58 88
3 49 60 58 88
3 53 60 58 88
3 51 60 58 88
3 49 60 58 88
3 48 60 58 88
3 51 60 58 88
3 49 60 58 88
3 48 60 58 88
3 46 60 58 88
3 49 60 58 88
3 48 120 116 88
3 51 120 116 88
3 54 480 474 88
3 53 480 470 88
3 51 360 356 88
3 49 120 116 88
3 51 120 116 88
3 44 120 116 88
3 49 60 58 88
3 51 60 58 88
3 53 60 58 88
3 54 60 58 88
3 53 60 58 88
3 51 60 58 88
3 49 60 58 88
3 53 60 58 88
3 58 60 58 88
3 56 60 58 88
3 55 60 58 88
3 58 60 58 88
3 61 60 58 88
3 59 60 58 88
3 58 60 58 88
3 61 60 58 88
3 64 120 116 88
3 63 60 58 88
3 61 60 58 88
3 59 60 58 88
3 58 60 58 88
3 56 60 58 88
3 55 60 58 88
3 56 60 58 88
3 59 60 58 88
3 58 60 58 88
3 56 60 58 88
3 55 60 58 88
3 53 60 58 88
3 51 60 58 88
3 49 60 58 88
3 47 60 58 88
3 49 60 58 88
3 51 60 58 88
3 47 60 58 88
3 44 120 116 88
3 56 60 58 88
3 53 60 58 88
3 49 360 116 88
3 49 60 58 88
3 46 60 58 88
3 42 360 116 88
3 54 60 58 88
3 51 60 58 88
3 48 360 116 88
3 48 60 58 88
3 44 60 58 88
3 41 360 116 88
3 53 60 58 88
3 50 60 58 88
3 46 360 116 88
3 46 60 58 88
3 42 60 58 88
3 39 360 116 88
3 51 60 58 88
3 48 60 58 88
3 44 360 116 88
3 44 60 58 88
3 41 60 58 88
3 37 600 234 88
3 59 60 58 88
3 49 60 58 88
3 58 60 58 88
3 49 60 58 88
3 56 60 58 88
3 49 60 58 88
3 54 60 58 88
3 49 60 58 88
3 53 60 58 88
3 51 60 58 88
3 53 120 116 88
3 44 240 116 88
3 58 60 58 88
3 49 60 58 88
3 56 60 58 88
3 49 60 58 88
3 54 60 58 88
3 49 60 58 88
3 53 60 58 88
3 49 60 58 88
3 51 60 58 88
3 49 60 58 88
3 51 120 116 88
3 44 240 116 88
3 56 60 58 88
3 44 60 58 88
3 54 60 58 88
3 44 60 58 88
3 53 60 58 88
3 44 60 58 88
3 51 60 58 88
3 44 60 58 88
3 49 60 58 88
3 48 60 58 88
3 49 60 58 88
3 44 60 58 88
3 53 60 58 88
3 51 60 58 88
3 53 60 58 88
3 44 60 58 88
3 56 60 58 88
3 54 60 58 88
3 56 60 58 88
3 44 60 58 88
3 58 60 58 88
3 44 60 58 88
3 60 60 58 88
3 61 60 58 88
3 63 60 58 88
3 60 60 58 88
3 56 60 58 88
3 60 60 58 88
3 63 60 58 88
3 65 60 58 88
3 66 60 58 88
3 65 60 58 88
3 63 60 58 88
3 65 60 58 88
3 73 120 116 88
3 68 120 116 88
3 65 120 116 88
3 63 60 58 88
3 61 60 58 88
3 63 60 58 88
3 56 60 58 88
3 60 60 58 88
3 63 60 58 88
3 65 60 58 88
3 63 60 58 88
3 61 60 58 88
3 63 60 58 88
3 72 120 116 88
3 68 120 116 88
3 63 120 116 88
3 61 60 58 88
3 60 60 58 88
3 61 60 58 88
3 56 60 58 88
3 60 60 58 88
3 61 60 58 88
3 63 60 58 88
3 61 60 58 88
3 60 60 58 88
3 61 60 58 88
3 70 120 116 88
3 67 120 116 88
3 61 120 116 88
3 60 60 58 88
3 58 60 58 88
3 60 60 58 88
3 56 60 58 88
3 58 60 58 88
3 60 60 58 88
3 61 60 58 88
3 63 60 58 88
3 65 60 58 88
3 63 60 58 88
3 66 60 58 88
3 65 60 58 88
3 63 60 58 88
3 61 60 58 88
3 66 120 116 88
3 58 60 58 88
3 60 60 58 88
3 61 60 58 88
3 60 60 58 88
3 58 60 58 88
3 56 60 58 88
3 58 300 294 88
3 56 60 58 88
3 54 60 58 88
3 58 60 58 88
3 56 60 58 88
3 54 60 58 88
3 53 60 58 88
3 56 60 58 88
3 54 60 58 88
3 53 60 58 88
3 54 60 58 88
3 51 60 58 88
3 53 180 175 88
3 56 60 58 88
3 58 60 58 88
3 60 60 58 88
3 61 360 353 88
3 60 480 474 88
3 58 360 353 88
3 56 120 116 88
3 58 120 116 88
3 51 120 116 88
3 56 360 234 88
3 56 120 116 88
3 58 60 58 88
3 56 60 58 88
3 54 60 58 88
3 56 60 58 88
3 65 120 116 88
3 61 120 116 88
3 56 120 116 88
3 54 60 58 88
3 53 60 58 88
3 54 120 116 88
3 63 120 116 88
3 53 120 116 88
3 61 120 116 88
3 51 120 116 88
3 60 120 116 88
3 49 60 58 88
3 44 60 58 88
3 49 60 58 88
3 51 60 58 88
3 53 60 58 88
3 54 60 58 88
3 56 60 58 88
3 53 60 58 88
3 54 60 58 88
3 42 60 58 88
3 54 60 58 88
3 53 60 58 88
3 54 60 58 88
3 56 60 58 88
3 58 60 58 88
3 54 60 58 88
3 51 60 58 88
3 53 60 58 88
3 54 60 58 88
3 51 60 58 88
3 48 60 58 88
3 49 60 58 88
3 51 60 58 88
3 48 60 58 88
3 41 120 116 88
3 53 60 58 88
3 51 60 58 88
3 53 60 58 88
3 54 60 58 88
3 56 60 58 88
3 53 60 58 88
3 50 60 58 88
3 51 60 58 88
3 53 60 58 88
3 50 60 58 88
3 46 60 58 88
3 48 60 58 88
3 50 60 58 88
3 46 60 58 88
3 39 120 116 88
3 51 60 58 88
3 50 60 58 88
3 51 60 58 88
3 53 60 58 88
3 54 60 58 88
3 51 60 58 88
3 48 60 58 88
3 49 60 58 88
3 51 60 58 88
3 48 60 58 88
3 44 60 58 88
3 46 60 58 88
3 48 60 58 88
3 44 60 58 88
3 37 120 116 88
3 49 60 58 88
3 51 60 58 88
3 53 120 116 88
3 49 120 116 88
3 54 240 234 88
3 53 240 234 88
3 51 120 116 88
3 49 120 116 88
3 48 240 234 88
3 49 240 234 88
3 44 240 234 88
3 46 780 116 88
3 49 60 58 88
3 48 60 58 88
3 46 60 58 88
3 44 600 234 88
3 41 120 116 88
3 42 120 116 88
3 44 120 116 88
