0 0 4080 0 0
0 68 240 234 88
0 67 120 116 88
0 68 60 58 88
0 70 60 58 88
0 71 120 116 88
0 70 120 116 88
0 68 120 116 88
0 74 120 116 88
0 75 120 116 88
0 66 120 116 88
0 68 120 102 88
0 68 120 116 88
0 70 120 102 88
0 70 120 116 88
0 63 120 116 88
0 65 120 116 88
0 66 360 353 88
0 64 60 58 88
0 66 60 58 88
0 68 120 116 88
0 67 60 58 88
0 68 60 58 88
0 70 120 116 88
0 68 60 58 88
0 70 60 58 88
0 71 120 116 88
0 68 120 116 88
0 70 240 116 88
0 67 240 116 88
0 68 120 116 88
0 70 120 116 88
0 71 240 234 88
0 73 240 116 88
0 70 240 116 88
0 71 120 116 88
0 75 60 58 88
0 74 60 58 88
0 75 240 234 88
0 77 240 116 88
0 74 240 116 88
0 75 120 116 88
0 77 120 116 88
0 78 360 353 88
0 76 60 58 88
0 78 60 58 88
0 80 120 116 88
0 79 60 58 88
0 80 60 58 88
0 82 120 116 88
0 80 60 58 88
0 82 60 58 88
0 83 120 116 88
0 80 120 116 88
0 82 240 116 88
0 79 240 116 88
0 80 120 116 88
0 78 60 58 88
0 76 60 58 88
0 75 120 116 88
0 76 120 116 88
0 78 240 116 88
0 75 240 116 88
0 76 120 116 88
0 75 60 58 88
0 73 60 58 88
0 72 120 116 88
0 73 120 116 88
0 75 240 116 88
0 72 240 116 88
0 73 600 234 88
0 73 240 234 88
0 75 120 116 88
0 76 240 234 88
0 75 240 234 88
0 73 600 596 88
0 79 120 116 88
0 80 120 116 88
0 71 120 116 88
0 70 120 116 88
0 79 120 116 88
0 80 120 116 88
0 73 120 116 88
0 71 120 116 88
0 80 120 116 88
0 78 120 116 88
0 70 120 116 88
0 68 120 116 88
0 78 120 116 88
0 77 120 116 88
0 68 120 116 88
0 66 5040 234 88
0 75 240 234 88
0 74 120 116 88
0 75 60 58 88
0 77 60 58 88
0 78 120 116 88
0 77 120 116 88
0 75 120 116 88
0 81 120 116 88
0 82 120 116 88
0 73 120 116 88
0 75 120 102 88
0 75 120 116 88
0 77 120 102 88
0 77 120 116 88
0 70 120 116 88
0 77 120 116 88
0 78 360 353 88
0 82 120 116 88
0 83 360 356 88
0 76 120 116 88
0 75 240 234 88
0 73 720 714 88
0 71 360 353 88
0 70 60 58 88
0 68 60 58 88
0 70 60 58 88
0 66 60 58 88
0 72 120 116 88
0 73 600 590 88
0 71 60 58 88
0 70 60 58 88
0 71 60 58 88
0 68 60 58 88
0 74 120 116 88
0 75 120 116 88
0 73 60 58 88
0 71 60 58 88
0 70 120 116 88
0 71 120 116 88
0 73 240 116 88
0 70 240 116 88
0 71 120 116 88
0 70 60 58 88
0 68 60 58 88
0 67 120 116 88
0 68 120 116 88
0 70 240 116 88
0 67 240 116 88
0 68 600 234 88
0 68 240 234 88
0 70 120 116 88
0 71 240 234 88
0 70 240 234 88
0 68 720 714 88
0 66 240 234 88
0 64 600 596 88
0 63 120 116 88
0 71 480 470 88
0 69 600 474 88
0 68 120 116 88
0 70 120 102 88
0 70 120 116 88
0 72 120 102 88
0 72 120 116 88
0 73 360 234 88
0 73 120 116 88
0 72 120 116 88
0 73 60 58 88
0 75 60 58 88
0 76 120 116 88
0 75 120 116 88
0 73 120 116 88
0 79 120 116 88
0 80 120 116 88
0 71 120 116 88
0 73 120 102 88
0 73 120 116 88
0 75 120 102 88
0 75 120 116 88
0 68 120 116 88
0 72 120 116 88
0 73 480 470 88
0 71 480 474 88
0 70 120 116 88
0 68 120 116 88
0 67 120 116 88
0 68 240 234 88
0 67 120 116 88
1 0 2160 0 0
1 63 240 234 88
1 60 120 116 88
1 61 60 58 88
1 63 60 58 88
1 64 120 116 88
1 63 120 116 88
1 61 120 116 88
1 67 120 116 88
1 68 120 116 88
1 59 120 116 88
1 61 120 102 88
1 61 120 116 88
1 63 120 102 88
1 63 120 116 88
1 56 240 234 88
1 61 360 353 88
1 59 60 58 88
1 61 60 58 88
1 63 120 116 88
1 62 60 58 88
1 63 60 58 88
1 65 120 116 88
1 63 60 58 88
1 65 60 58 88
1 66 120 116 88
1 63 120 116 88
1 65 240 116 88
1 62 240 116 88
1 63 360 234 88
1 58 120 116 88
1 56 360 234 88
1 63 120 116 88
1 64 120 116 88
1 63 240 116 88
1 63 120 116 88
1 64 240 116 88
1 63 240 116 88
1 63 360 234 88
1 66 120 116 88
1 68 240 116 88
1 66 240 116 88
1 66 360 234 88
1 70 120 116 88
1 71 240 116 88
1 70 240 116 88
1 66 120 116 88
1 68 120 116 88
1 70 120 116 88
1 71 60 58 88
1 70 60 58 88
1 68 120 116 88
1 73 240 234 88
1 75 120 116 88
1 76 240 234 88
1 75 240 234 88
1 73 720 714 88
1 71 240 234 88
1 69 720 714 88
1 68 240 234 88
1 66 600 596 88
1 64 60 58 88
1 66 60 58 88
1 68 120 116 88
1 66 60 58 88
1 64 60 58 88
1 63 120 116 88
1 64 60 58 88
1 66 60 58 88
1 68 120 116 88
1 67 60 58 88
1 68 60 58 88
1 70 120 116 88
1 68 60 58 88
1 70 60 58 88
1 71 120 116 88
1 68 120 116 88
1 70 240 116 88
1 67 240 116 88
1 68 840 116 88
1 67 120 116 88
1 68 360 234 88
1 66 120 116 88
1 65 360 234 88
1 65 240 236 88
1 63 60 58 88
1 62 60 58 88
1 63 240 234 88
1 60 120 116 88
1 61 60 58 88
1 63 60 58 88
1 64 120 116 88
1 63 120 116 88
1 61 120 116 88
1 67 120 116 88
1 68 120 116 88
1 59 120 116 88
1 61 120 102 88
1 61 120 116 88
1 63 120 102 88
1 63 120 116 88
1 56 120 116 88
1 67 120 116 88
1 68 360 353 88
1 66 60 58 88
1 65 60 58 88
1 66 60 58 88
1 63 60 58 88
1 69 120 116 88
1 70 600 590 88
1 69 60 58 88
1 67 60 58 88
1 69 60 58 88
1 65 60 58 88
1 70 120 116 88
1 72 600 590 88
1 70 60 58 88
1 69 60 58 88
1 70 60 58 88
1 72 60 58 88
1 73 240 236 88
1 72 60 58 88
1 70 60 58 88
1 69 60 58 88
1 70 60 58 88
1 67 60 58 88
1 69 60 58 88
1 70 600 596 88
1 72 120 116 88
1 73 120 116 88
1 70 120 116 88
1 71 300 294 88
1 58 60 58 88
1 59 60 58 88
1 61 60 58 88
1 63 240 234 88
1 61 120 116 88
1 70 120 116 88
1 71 300 294 88
1 75 60 58 88
1 76 60 58 88
1 78 60 58 88
1 80 360 116 88
1 66 120 116 88
1 68 120 116 88
1 70 60 58 88
1 71 60 58 88
1 64 360 356 88
1 63 60 58 88
1 61 60 58 88
1 63 60 58 88
1 59 60 58 88
1 65 120 116 88
1 66 600 596 88
1 64 60 58 88
1 63 60 58 88
1 64 60 58 88
1 61 60 58 88
1 67 120 116 88
1 68 720 714 88
1 66 240 234 88
1 64 720 714 88
1 63 240 234 88
1 61 600 596 88
1 59 60 58 88
1 61 60 58 88
1 63 120 116 88
1 61 60 58 88
1 59 60 58 88
1 58 120 116 88
1 60 60 58 88
1 61 60 58 88
1 63 120 116 88
1 62 60 58 88
1 63 60 58 88
1 65 120 116 88
1 63 60 58 88
1 65 60 58 88
1 66 120 116 88
1 63 120 116 88
1 65 240 116 88
1 62 240 116 88
1 63 120 116 88
1 61 60 58 88
1 59 60 58 88
1 58 120 116 88
1 59 120 116 88
1 61 240 116 88
1 58 240 116 88
1 59 360 234 88
1 59 120 116 88
1 61 120 102 88
1 61 120 116 88
1 63 120 102 88
1 63 120 116 88
1 64 60 58 88
1 59 60 58 88
1 61 60 58 88
1 63 60 58 88
1 64 120 116 88
1 68 120 116 88
1 66 540 538 88
1 63 60 58 88
1 64 60 58 88
1 66 60 58 88
1 68 120 116 88
1 66 60 58 88
1 64 60 58 88
1 63 120 116 88
1 68 240 234 88
1 67 60 58 88
1 68 60 58 88
1 70 120 116 88
1 68 60 58 88
1 70 60 58 88
1 71 120 116 88
1 68 120 116 88
1 69 240 116 88
1 69 240 116 88
1 63 360 116 88
1 68 120 116 88
1 70 240 116 88
1 68 120 116 88
1 66 120 116 88
1 64 120 116 88
1 63 120 116 88
1 61 240 222 88
1 61 120 116 88
1 59 120 116 88
1 58 240 234 88
2 0 240 0 0
2 56 240 234 88
2 55 120 116 88
2 56 60 58 88
2 58 60 58 88
2 59 120 116 88
2 58 120 116 88
2 56 120 116 88
2 62 120 116 88
2 63 120 116 88
2 54 120 116 88
2 56 120 102 88
2 56 120 116 88
2 58 120 102 88
2 58 120 116 88
2 51 120 116 88
2 53 120 116 88
2 54 360 353 88
2 52 60 58 88
2 54 60 58 88
2 56 120 116 88
2 55 60 58 88
2 56 60 58 88
2 58 120 116 88
2 56 60 58 88
2 58 60 58 88
2 59 120 116 88
2 56 120 116 88
2 58 240 116 88
2 55 240 116 88
2 56 120 116 88
2 54 120 116 88
2 52 240 234 88
2 51 120 116 88
2 56 240 234 88
2 58 120 116 88
2 59 240 234 88
2 58 240 234 88
2 56 600 596 88
2 54 60 58 88
2 56 60 58 88
2 58 120 116 88
2 54 120 116 88
2 51 120 116 88
2 52 240 116 88
2 59 120 116 88
2 61 360 234 88
2 63 120 116 88
2 61 240 116 88
2 58 240 116 88
2 59 360 234 88
2 59 120 116 88
2 64 240 116 88
2 61 240 116 88
2 63 360 234 88
2 63 120 116 88
2 68 240 116 88
2 65 240 116 88
2 63 240 116 88
2 63 240 234 88
2 60 120 116 88
2 61 60 58 88
2 63 60 58 88
2 64 120 116 88
2 63 120 116 88
2 61 120 116 88
2 67 120 116 88
2 68 120 116 88
2 59 120 116 88
2 61 120 102 88
2 61 120 116 88
2 63 120 102 88
2 63 120 116 88
2 56 360 234 88
2 56 120 116 88
2 57 120 102 88
2 57 120 116 88
2 59 120 102 88
2 59 120 116 88
2 52 360 234 88
2 52 120 116 88
2 54 120 102 88
2 54 120 116 88
2 56 120 102 88
2 56 120 116 88
2 49 120 116 88
2 51 120 116 88
2 52 120 116 88
2 54 120 116 88
2 56 360 353 88
2 59 120 116 88
2 61 240 234 88
2 59 120 116 88
2 63 120 116 88
2 64 240 116 88
2 63 240 116 88
2 63 240 116 88
2 56 240 234 88
2 55 120 116 88
2 56 60 58 88
2 58 60 58 88
2 59 120 116 88
2 58 120 116 88
2 56 120 116 88
2 62 120 116 88
2 63 120 116 88
2 54 120 116 88
2 56 120 102 88
2 56 120 116 88
2 58 120 102 88
2 58 120 116 88
2 51 120 116 88
2 53 120 116 88
2 54 360 353 88
2 52 60 58 88
2 54 60 58 88
2 56 120 116 88
2 55 60 58 88
2 56 60 58 88
2 58 120 116 88
2 56 60 58 88
2 58 60 58 88
2 59 120 116 88
2 56 120 116 88
2 58 240 116 88
2 55 240 116 88
2 56 360 234 88
2 59 120 116 88
2 58 120 116 88
2 56 120 116 88
2 58 120 116 88
2 60 120 116 88
2 53 120 116 88
2 63 120 116 88
2 65 120 116 88
2 67 120 116 88
2 60 120 116 88
2 58 120 116 88
2 60 120 116 88
2 61 120 116 88
2 63 600 590 88
2 61 60 58 88
2 60 60 58 88
2 61 120 116 88
2 58 180 162 88
2 58 60 58 88
2 63 60 58 88
2 61 60 58 88
2 60 60 58 88
2 58 60 58 88
2 60 120 116 88
2 58 120 116 88
2 60 60 58 88
2 62 60 58 88
2 63 120 116 88
2 65 120 116 88
2 66 300 294 88
2 68 60 58 88
2 66 60 58 88
2 65 60 58 88
2 63 60 58 88
2 61 60 58 88
2 59 60 58 88
2 58 60 58 88
2 56 240 234 88
2 54 120 116 88
2 56 120 116 88
2 58 120 116 88
2 61 120 116 88
2 63 480 470 88
2 61 360 353 88
2 59 120 102 88
2 59 240 116 88
2 58 240 116 88
2 59 4080 234 88
2 56 240 234 88
2 55 120 116 88
2 56 60 58 88
2 58 60 58 88
2 60 120 116 88
2 58 120 116 88
2 56 120 116 88
2 62 120 116 88
2 63 120 116 88
2 54 120 116 88
2 56 120 102 88
2 56 120 116 88
2 58 120 102 88
2 58 120 116 88
2 51 360 234 88
2 51 120 116 88
2 52 120 102 88
2 52 120 116 88
2 54 120 102 88
2 54 120 116 88
2 47 60 58 88
2 51 60 58 88
2 52 60 58 88
2 54 60 58 88
2 56 480 470 88
2 54 240 234 88
2 52 360 234 88
2 59 120 116 88
2 61 120 102 88
2 61 120 116 88
2 63 120 102 88
2 63 120 116 88
2 56 600 590 88
2 58 60 58 88
2 60 60 58 88
2 61 120 116 88
2 63 120 116 88
2 64 240 234 88
2 63 240 234 88
2 64 240 116 88
2 66 240 116 88
2 60 360 116 88
2 64 120 116 88
2 63 240 116 88
2 63 240 234 88
2 61 360 234 88
2 49 120 116 88
2 51 480 470 88
3 0 6000 0 0
3 51 240 234 88
3 48 120 116 88
3 49 60 58 88
3 51 60 58 88
3 52 120 116 88
3 51 120 116 88
3 49 120 116 88
3 55 120 116 88
3 56 120 116 88
3 47 120 116 88
3 49 120 102 88
3 49 120 116 88
3 51 120 102 88
3 51 120 116 88
3 44 360 234 88
3 51 120 116 88
3 52 120 102 88
3 52 120 116 88
3 54 120 102 88
3 54 120 116 88
3 47 360 234 88
3 54 120 116 88
3 56 120 102 88
3 56 120 116 88
3 58 120 102 88
3 58 120 116 88
3 51 4080 116 88
3 49 240 234 88
3 48 120 116 88
3 49 60 58 88
3 51 60 58 88
3 52 120 116 88
3 51 120 116 88
3 49 120 116 88
3 55 120 116 88
3 56 120 116 88
3 47 120 116 88
3 49 120 102 88
3 49 120 116 88
3 51 120 102 88
3 51 120 116 88
3 44 120 116 88
3 46 120 116 88
3 47 120 116 88
3 49 120 116 88
3 51 360 234 88
3 51 120 116 88
3 53 240 234 88
3 51 480 470 88
3 50 240 234 88
3 51 300 234 88
3 39 60 58 88
3 40 60 58 88
3 42 60 58 88
3 44 120 116 88
3 49 240 234 88
3 51 120 116 88
3 52 240 234 88
3 51 240 234 88
3 49 600 596 88
3 47 60 58 88
3 46 60 58 88
3 47 60 58 88
3 44 60 58 88
3 50 120 116 88
3 51 600 596 88
3 49 60 58 88
3 48 60 58 88
3 49 60 58 88
3 46 60 58 88
3 52 120 116 88
3 53 600 596 88
3 51 60 58 88
3 49 60 58 88
3 51 60 58 88
3 48 60 58 88
3 53 120 116 88
3 54 420 412 88
3 53 60 58 88
3 51 240 234 88
3 53 240 234 88
3 46 1680 234 88
3 54 240 234 88
3 51 120 116 88
3 52 60 58 88
3 54 60 58 88
3 56 120 116 88
3 54 120 116 88
3 52 120 116 88
3 58 120 116 88
3 59 120 116 88
3 51 120 116 88
3 52 120 102 88
3 52 120 116 88
3 54 120 102 88
3 54 120 116 88
3 47 120 116 88
3 46 120 116 88
3 44 120 116 88
3 49 120 116 88
3 42 120 116 88
3 40 120 116 88
3 39 120 116 88
3 44 120 116 88
3 49 120 116 88
3 47 120 116 88
3 46 120 116 88
3 51 120 116 88
3 44 120 116 88
3 42 120 116 88
3 41 120 116 88
3 46 120 116 88
3 39 360 234 88
3 51 120 116 88
3 52 120 102 88
3 52 120 116 88
3 54 120 102 88
3 54 120 116 88
3 47 360 234 88
3 47 120 116 88
3 49 120 102 88
3 49 120 116 88
3 51 120 102 88
3 51 120 116 88
3 44 120 116 88
3 46 120 116 88
3 47 120 116 88
3 49 120 116 88
3 51 120 116 88
3 54 180 175 88
3 56 60 58 88
3 54 60 58 88
3 53 60 58 88
3 51 60 58 88
3 50 60 58 88
3 48 60 58 88
3 46 60 58 88
3 44 60 58 88
3 42 60 58 88
3 44 60 58 88
3 46 60 58 88
3 47 240 234 88
3 46 120 116 88
3 44 120 116 88
3 42 120 116 88
3 46 120 116 88
3 39 1080 234 88
3 44 120 116 88
3 45 120 102 88
3 45 120 116 88
3 47 120 102 88
3 47 120 116 88
3 40 240 234 88
3 52 480 470 88
3 51 240 234 88
3 49 120 116 88
3 51 120 116 88
3 52 120 116 88
3 54 120 116 88
3 56 1200 1188 88
3 54 600 474 88
3 52 120 116 88
3 43 120 102 88
3 43 120 116 88
3 44 120 102 88
3 44 120 116 88
3 37 120 116 88
3 39 120 116 88
3 40 240 234 88
3 39 480 470 88
