0 0 180 0 0
0 65 60 58 88
0 64 60 58 88
0 65 60 58 88
0 72 180 116 88
0 69 60 58 88
0 67 60 58 88
0 69 60 58 88
0 74 180 116 88
0 72 60 58 88
0 74 60 58 88
0 76 60 58 88
0 77 60 58 88
0 76 60 58 88
0 74 60 58 88
0 72 60 58 88
0 74 60 58 88
0 70 60 58 88
0 69 60 58 88
0 67 60 58 88
0 65 60 58 88
0 64 120 116 88
0 70 60 58 88
0 69 120 116 88
0 74 60 58 88
0 67 120 116 88
0 74 60 58 88
0 72 120 116 88
0 77 60 58 88
0 71 120 116 88
0 77 60 58 88
0 76 60 58 88
0 74 60 58 88
0 72 60 58 88
0 79 120 116 88
0 71 60 58 88
0 72 240 234 88
0 70 60 58 88
0 69 60 58 88
0 70 60 58 88
0 72 60 58 88
0 74 60 58 88
0 75 240 238 88
0 74 60 58 88
0 72 60 58 88
0 74 60 58 88
0 76 60 58 88
0 77 60 58 88
0 79 240 234 88
0 77 60 58 88
0 76 60 58 88
0 77 60 58 88
0 79 60 58 88
0 81 60 58 88
0 82 240 238 88
0 81 60 58 88
0 79 60 58 88
0 81 60 58 88
0 82 60 58 88
0 81 60 58 88
0 79 240 234 88
0 84 60 58 88
0 76 60 58 88
0 77 180 175 88
0 76 60 58 88
0 77 60 58 88
0 79 60 58 88
0 72 120 116 88
0 77 60 41 88
0 77 120 116 88
0 76 60 58 88
0 77 360 116 88
0 79 60 58 88
0 77 60 58 88
0 76 60 58 88
0 74 60 58 88
0 75 60 58 88
0 72 60 58 88
0 70 60 58 88
0 69 60 58 88
0 67 60 58 88
0 69 120 116 88
0 74 60 58 88
0 67 120 116 88
0 74 60 58 88
0 67 120 116 88
0 76 120 118 88
0 73 60 58 88
0 74 120 116 88
0 71 60 58 88
0 72 120 118 88
0 76 60 58 88
0 77 60 58 88
0 71 60 58 88
0 72 60 58 88
0 74 60 58 88
0 67 120 116 88
0 72 60 41 88
0 72 120 116 88
0 71 60 58 88
0 72 120 116 88
0 67 60 58 88
0 70 180 175 88
0 69 300 294 88
0 74 60 58 88
0 67 300 281 88
0 67 60 58 88
0 72 240 221 88
0 72 60 58 88
0 71 60 58 88
0 72 360 116 88
0 79 60 58 88
0 77 60 58 88
0 76 60 58 88
0 74 60 58 88
0 76 60 58 88
0 72 60 58 88
0 71 60 58 88
0 69 60 58 88
0 67 60 58 88
0 73 180 116 88
0 81 60 58 88
0 79 60 58 88
0 77 60 58 88
0 76 60 58 88
0 77 60 58 88
0 74 60 58 88
0 73 60 58 88
0 71 60 58 88
0 69 60 58 88
0 74 240 238 88
0 72 60 58 88
0 71 60 58 88
0 72 240 238 88
0 70 60 58 88
0 69 60 58 88
0 70 240 238 88
0 72 60 58 88
0 70 60 58 88
0 69 60 58 88
0 70 60 58 88
0 67 60 58 88
0 66 60 58 88
0 64 60 58 88
0 62 60 58 88
0 67 240 238 88
0 65 60 58 88
0 64 60 58 88
0 65 60 58 88
0 67 60 58 88
0 69 60 58 88
0 70 240 234 88
0 69 60 58 88
0 67 60 58 88
0 69 240 234 88
0 70 60 58 88
0 72 60 58 88
0 74 240 234 88
0 72 60 58 88
0 70 60 58 88
0 72 240 234 88
0 74 60 58 88
0 76 60 58 88
0 77 240 234 88
0 76 60 58 88
0 74 60 58 88
0 76 240 234 88
0 77 60 58 88
0 79 60 58 88
0 81 60 58 88
0 79 60 58 88
0 77 60 58 88
0 76 60 58 88
0 77 30 29 88
0 76 30 29 88
0 74 30 29 88
0 72 30 29 88
0 77 360 353 88
0 75 60 58 88
0 79 60 58 88
0 78 60 58 88
0 79 360 355 88
0 78 60 58 88
0 79 60 58 88
0 81 60 58 88
0 70 60 58 88
0 74 60 58 88
0 72 60 58 88
0 70 60 58 88
0 72 60 58 88
0 69 60 58 88
0 67 120 116 88
0 75 60 58 88
0 73 120 116 88
0 69 120 101 88
0 69 60 58 88
0 74 60 58 88
0 73 60 58 88
0 74 60 58 88
0 76 60 58 88
0 74 60 58 88
0 76 60 58 88
0 77 60 58 88
0 70 240 238 88
0 76 60 58 88
0 79 60 58 88
0 72 240 238 88
0 70 60 58 88
0 69 60 58 88
0 70 300 116 88
0 70 60 58 88
0 69 120 116 88
0 67 60 58 88
0 65 240 234 88
0 63 60 58 88
0 62 60 58 88
0 60 240 234 88
0 62 60 58 88
0 63 60 58 88
0 65 240 234 88
0 67 60 58 88
0 69 60 58 88
0 70 240 234 88
0 72 60 58 88
0 74 60 58 88
0 75 420 418 88
0 74 60 58 88
0 72 60 58 88
0 74 60 58 88
0 75 60 58 88
0 74 60 58 88
0 72 240 221 88
0 72 60 58 88
0 77 60 58 88
0 70 240 221 88
0 70 60 58 88
0 75 60 58 88
0 69 240 221 88
0 69 60 58 88
0 74 60 58 88
0 67 240 221 88
0 67 60 58 88
0 72 60 58 88
0 65 300 294 88
0 70 120 118 88
0 67 60 58 88
0 69 180 175 88
0 74 60 58 88
0 70 180 175 88
0 69 60 58 88
0 70 60 58 88
0 72 60 58 88
0 74 60 58 88
0 72 60 58 88
0 75 60 58 88
0 74 60 58 88
0 75 60 58 88
0 72 60 58 88
0 70 960 954 88
0 67 60 58 88
0 68 60 58 88
0 68 240 234 88
0 65 60 58 88
0 67 60 58 88
0 67 240 234 88
0 64 60 58 88
0 65 60 58 88
0 65 240 234 88
0 62 60 58 88
0 64 60 58 88
0 64 180 116 88
0 68 240 238 88
0 67 60 58 88
0 65 60 58 88
0 67 240 238 88
0 65 60 58 88
0 64 60 58 88
0 65 60 58 88
0 72 60 58 88
0 77 60 58 88
0 70 240 234 88
0 76 60 58 88
0 79 60 58 88
0 72 240 234 88
0 77 60 58 88
0 80 60 58 88
0 73 120 116 88
0 77 60 58 88
0 82 120 116 88
0 73 60 58 88
0 72 120 116 88
0 82 60 58 88
0 80 120 116 88
0 77 60 58 88
0 71 60 58 88
0 77 60 58 88
0 79 60 58 88
0 80 60 58 88
0 79 60 58 88
0 77 120 118 88
0 76 60 58 88
0 73 120 116 88
0 72 60 58 88
0 70 120 118 88
0 68 60 58 88
0 67 60 58 88
0 65 60 58 88
0 64 60 58 88
0 65 120 118 88
0 62 60 58 88
0 64 60 58 88
0 69 60 58 88
0 67 60 58 88
0 69 60 58 88
0 70 0 116 88
0 73 180 116 88
0 72 60 58 88
0 74 60 58 88
0 76 60 58 88
0 77 60 58 88
0 76 60 58 88
0 74 60 58 88
0 72 60 58 88
0 74 60 58 88
0 70 60 58 88
0 69 60 58 88
0 65 30 29 88
0 67 30 29 88
0 69 30 29 88
0 70 30 29 88
0 72 360 355 88
0 70 270 267 88
0 67 30 29 88
0 69 30 29 88
0 70 30 29 88
0 72 270 267 88
0 69 30 29 88
0 70 30 29 88
0 72 30 29 88
0 74 210 209 88
0 70 30 29 88
0 72 30 29 88
0 74 30 29 88
0 76 30 29 88
0 77 30 29 88
0 79 30 29 88
0 77 30 29 88
0 76 30 29 88
0 74 30 29 88
0 72 30 29 88
0 70 30 29 88
0 69 60 58 88
0 72 60 58 88
0 70 60 58 88
0 72 300 296 88
0 74 60 58 88
0 75 180 175 88
0 74 300 294 88
0 79 60 58 88
0 76 300 294 88
0 81 60 58 88
0 77 120 116 88
0 74 60 58 88
0 69 60 58 88
0 70 60 58 88
0 67 60 58 88
1 0 30600 0 0
1 72 180 116 88
1 63 180 116 88
2 0 1620 0 0
2 60 60 58 88
2 58 60 58 88
2 60 60 58 88
2 65 180 116 88
2 64 60 58 88
2 62 60 58 88
2 64 60 58 88
2 69 180 116 88
2 67 60 58 88
2 69 60 58 88
2 71 60 58 88
2 72 60 58 88
2 71 60 58 88
2 69 60 58 88
2 67 60 58 88
2 69 60 58 88
2 65 60 58 88
2 64 60 58 88
2 62 60 58 88
2 60 60 58 88
2 62 60 58 88
2 64 60 58 88
2 66 60 58 88
2 67 240 234 88
2 65 60 58 88
2 63 60 58 88
2 65 60 58 88
2 67 60 58 88
2 69 60 58 88
2 70 240 238 88
2 69 60 58 88
2 67 60 58 88
2 69 60 58 88
2 71 60 58 88
2 73 60 58 88
2 74 240 234 88
2 72 60 58 88
2 70 60 58 88
2 72 60 58 88
2 74 60 58 88
2 76 60 58 88
2 77 240 238 88
2 76 60 58 88
2 74 60 58 88
2 72 240 238 88
2 69 60 58 88
2 70 240 234 88
2 69 120 116 88
2 70 60 58 88
2 69 120 116 88
2 67 60 58 88
2 72 60 58 88
2 70 60 58 88
2 69 60 58 88
2 67 60 58 88
2 69 60 58 88
2 65 60 58 88
2 64 60 58 88
2 62 60 58 88
2 60 60 58 88
2 66 180 175 88
2 67 180 116 88
2 65 360 355 88
2 64 180 175 88
2 69 180 175 88
2 67 180 175 88
2 65 420 418 88
2 64 60 58 88
2 65 60 58 88
2 64 120 116 88
2 62 60 58 88
2 60 300 294 88
2 67 180 176 88
2 60 60 58 88
2 65 300 296 88
2 59 60 58 88
2 60 60 58 88
2 62 60 58 88
2 64 60 58 88
2 65 60 58 88
2 67 60 58 88
2 69 60 58 88
2 62 180 175 88
2 64 60 58 88
2 67 60 58 88
2 65 60 58 88
2 64 60 58 88
2 65 60 58 88
2 62 60 58 88
2 60 360 116 88
2 62 60 58 88
2 60 60 58 88
2 59 60 58 88
2 57 60 58 88
2 58 60 58 88
2 55 60 58 88
2 53 60 58 88
2 52 60 58 88
2 50 60 58 88
2 55 360 355 88
2 53 60 58 88
2 52 60 58 88
2 50 60 58 88
2 52 60 58 88
2 54 60 58 88
2 56 60 58 88
2 57 360 116 88
2 55 60 58 88
2 57 60 58 88
2 58 60 58 88
2 60 540 535 88
2 58 60 58 88
2 57 60 58 88
2 55 60 58 88
2 57 60 58 88
2 59 60 58 88
2 61 60 58 88
2 62 240 238 88
2 60 60 58 88
2 58 60 58 88
2 60 240 238 88
2 62 60 58 88
2 64 60 58 88
2 65 240 238 88
2 64 60 58 88
2 62 60 58 88
2 64 240 238 88
2 65 60 58 88
2 67 60 58 88
2 69 240 238 88
2 67 60 58 88
2 65 60 58 88
2 67 240 238 88
2 69 60 58 88
2 71 60 58 88
2 72 660 116 88
2 74 60 58 88
2 71 120 116 88
2 67 180 176 88
2 72 60 58 88
2 71 60 58 88
2 72 60 58 88
2 74 60 58 88
2 72 60 58 88
2 74 60 58 88
2 75 60 58 88
2 69 300 296 88
2 67 60 41 88
2 67 120 116 88
2 66 60 58 88
2 67 360 353 88
2 65 120 116 88
2 67 60 58 88
2 69 360 116 88
2 53 60 58 88
2 52 60 58 88
2 53 60 58 88
2 60 180 116 88
2 57 60 58 88
2 55 60 58 88
2 57 60 58 88
2 62 180 116 88
2 60 60 58 88
2 62 60 58 88
2 64 60 58 88
2 65 60 58 88
2 64 60 58 88
2 62 60 58 88
2 60 60 58 88
2 62 60 58 88
2 58 60 58 88
2 57 60 58 88
2 55 60 58 88
2 53 60 58 88
2 58 240 238 88
2 57 60 58 88
2 55 60 58 88
2 57 240 238 88
2 58 60 58 88
2 60 60 58 88
2 62 240 238 88
2 63 60 58 88
2 65 60 58 88
2 67 240 238 88
2 69 60 58 88
2 70 60 58 88
2 72 120 116 88
2 70 60 58 88
2 69 180 175 88
2 70 240 238 88
2 69 60 58 88
2 67 60 58 88
2 69 240 238 88
2 67 60 58 88
2 65 60 58 88
2 67 240 238 88
2 65 60 58 88
2 64 60 58 88
2 65 240 238 88
2 63 60 58 88
2 62 60 58 88
2 63 240 238 88
2 62 60 58 88
2 60 60 58 88
2 62 180 175 88
2 60 180 175 88
2 65 240 238 88
2 62 60 58 88
2 63 780 58 88
2 62 60 58 88
2 63 60 58 88
2 65 60 58 88
2 67 60 58 88
2 65 60 58 88
2 68 60 58 88
2 67 60 58 88
2 68 60 58 88
2 65 60 58 88
2 64 60 58 88
2 65 60 58 88
2 67 60 58 88
2 60 240 238 88
2 56 60 58 88
2 58 60 41 88
2 58 240 238 88
2 55 60 58 88
2 56 60 41 88
2 56 240 238 88
2 53 60 58 88
2 55 60 41 88
2 55 240 238 88
2 59 60 58 88
2 60 120 116 88
2 64 60 58 88
2 65 60 58 88
2 58 240 234 88
2 52 60 58 88
2 55 60 58 88
2 56 420 418 88
2 55 60 58 88
2 53 60 58 88
2 52 60 58 88
2 55 60 58 88
2 58 120 118 88
2 56 60 58 88
2 55 60 58 88
2 53 60 58 88
2 56 60 58 88
2 60 120 118 88
2 58 60 58 88
2 56 60 58 88
2 55 60 58 88
2 56 60 58 88
2 53 60 58 88
2 52 1320 116 88
2 60 60 58 88
2 59 60 58 88
2 60 180 116 88
2 60 180 116 88
2 61 480 116 88
2 70 60 58 88
2 69 120 116 88
2 67 60 58 88
2 65 240 58 88
2 69 60 58 88
2 63 60 58 88
2 63 60 58 88
2 62 30 29 88
2 65 30 29 88
2 67 30 29 88
2 69 30 29 88
2 70 60 58 88
2 62 60 58 88
2 65 60 58 88
2 65 60 58 88
2 64 180 161 88
2 64 60 58 88
2 67 60 58 88
2 67 60 58 88
2 65 150 146 88
2 72 30 29 88
2 70 30 29 88
2 69 30 29 88
2 67 30 29 88
2 65 30 29 88
2 67 660 58 88
2 64 60 58 88
2 65 120 116 88
2 70 60 58 88
2 69 60 58 88
2 70 60 58 88
2 72 180 176 88
2 65 60 58 88
2 70 300 296 88
2 67 60 58 88
2 72 240 238 88
2 69 60 58 88
2 70 60 58 88
2 65 120 116 88
2 64 60 58 88
3 0 29700 0 0
3 47 180 175 88
3 48 120 116 88
3 50 60 58 88
3 52 120 116 88
3 48 60 58 88
3 53 120 116 88
3 55 60 58 88
3 56 180 175 88
3 55 180 116 88
3 53 180 116 88
4 0 4860 0 0
4 53 60 58 88
4 52 60 58 88
4 53 60 58 88
4 60 180 116 88
4 57 60 58 88
4 55 60 58 88
4 57 60 58 88
4 62 180 116 88
4 60 60 58 88
4 62 60 58 88
4 64 60 58 88
4 65 60 58 88
4 64 60 58 88
4 62 60 58 88
4 60 60 58 88
4 62 60 58 88
4 58 60 58 88
4 57 60 58 88
4 55 60 58 88
4 53 60 58 88
4 58 360 355 88
4 57 180 175 88
4 55 60 58 88
4 53 60 58 88
4 52 60 58 88
4 50 60 58 88
4 52 60 58 88
4 48 60 58 88
4 47 60 58 88
4 45 60 58 88
4 43 60 58 88
4 48 60 58 88
4 47 60 58 88
4 48 60 58 88
4 53 180 116 88
4 52 60 58 88
4 50 60 58 88
4 52 60 58 88
4 57 180 116 88
4 55 60 58 88
4 57 60 58 88
4 59 60 58 88
4 60 60 58 88
4 59 60 58 88
4 57 60 58 88
4 55 60 58 88
4 57 60 58 88
4 53 60 58 88
4 52 60 58 88
4 53 60 58 88
4 50 60 58 88
4 48 60 58 88
4 50 60 58 88
4 52 60 58 88
4 53 60 58 88
4 55 60 58 88
4 52 60 58 88
4 50 60 58 88
4 52 60 58 88
4 53 60 58 88
4 55 60 58 88
4 57 60 58 88
4 53 60 58 88
4 52 60 58 88
4 53 60 58 88
4 55 60 58 88
4 57 60 58 88
4 55 60 58 88
4 53 60 58 88
4 55 120 116 88
4 43 60 58 88
4 60 60 58 88
4 59 60 58 88
4 57 60 58 88
4 55 60 58 88
4 57 60 58 88
4 53 60 58 88
4 52 60 58 88
4 50 60 58 88
4 48 60 58 88
4 53 360 355 88
4 52 180 175 88
4 50 180 175 88
4 46 180 175 88
4 45 600 594 88
4 46 60 58 88
4 48 60 58 88
4 50 60 58 88
4 52 60 58 88
4 54 60 58 88
4 55 120 116 88
4 53 60 58 88
4 52 180 175 88
4 51 180 175 88
4 50 600 594 88
4 52 60 58 88
4 53 60 58 88
4 55 180 175 88
4 52 180 175 88
4 53 240 234 88
4 55 60 58 88
4 57 60 58 88
4 58 180 175 88
4 55 180 175 88
4 57 240 234 88
4 58 60 58 88
4 60 60 58 88
4 62 180 175 88
4 59 180 175 88
4 60 240 234 88
4 62 60 58 88
4 64 60 58 88
4 65 60 58 88
4 64 60 58 88
4 62 60 58 88
4 60 60 58 88
4 62 60 58 88
4 58 60 58 88
4 57 60 58 88
4 55 60 58 88
4 53 60 58 88
4 55 60 58 88
4 57 60 58 88
4 59 60 58 88
4 60 60 58 88
4 59 60 58 88
4 57 60 58 88
4 55 60 58 88
4 56 60 58 88
4 53 60 58 88
4 51 60 58 88
4 50 60 58 88
4 48 60 58 88
4 50 60 58 88
4 52 60 58 88
4 54 60 58 88
4 55 60 58 88
4 53 60 58 88
4 51 60 58 88
4 50 60 58 88
4 51 60 58 88
4 48 60 58 88
4 46 60 58 88
4 45 60 58 88
4 43 60 58 88
4 45 60 58 88
4 47 60 58 88
4 49 60 58 88
4 50 60 58 88
4 48 60 58 88
4 46 60 58 88
4 45 60 58 88
4 46 60 58 88
4 43 60 58 88
4 41 60 58 88
4 40 60 58 88
4 38 60 58 88
4 50 180 116 88
4 52 180 116 88
4 51 180 116 88
4 50 60 58 88
4 52 60 58 88
4 53 60 58 88
4 52 60 58 88
4 53 60 58 88
4 55 60 58 88
4 45 120 116 88
4 46 60 58 88
4 48 120 116 88
4 49 60 58 88
4 50 240 234 88
4 48 60 58 88
4 46 60 58 88
4 53 300 294 88
4 51 60 58 88
4 50 120 116 88
4 48 60 58 88
4 46 120 116 88
4 45 60 58 88
4 43 120 116 88
4 41 60 58 88
4 39 120 116 88
4 38 60 58 88
4 36 240 234 88
4 38 60 58 88
4 39 60 58 88
4 41 1980 1556 88
4 46 60 58 88
4 45 60 58 88
4 46 60 58 88
4 53 180 116 88
4 50 60 58 88
4 48 60 58 88
4 50 60 58 88
4 55 180 116 88
4 53 60 58 88
4 55 60 58 88
4 57 60 58 88
4 58 60 58 88
4 57 60 58 88
4 55 60 58 88
4 53 60 58 88
4 55 60 58 88
4 51 60 58 88
4 50 60 58 88
4 48 60 58 88
4 46 60 58 88
4 58 60 58 88
4 60 60 58 88
4 62 60 58 88
4 63 60 58 88
4 62 60 58 88
4 60 60 58 88
4 58 60 58 88
4 60 60 58 88
4 56 60 58 88
4 55 120 116 88
4 53 60 58 88
4 52 120 116 88
4 48 60 58 88
4 53 180 116 88
4 50 180 116 88
4 52 180 116 88
4 53 180 116 88
4 49 180 116 88
4 47 180 116 88
4 48 2220 2218 88
4 50 60 58 88
4 52 60 58 88
4 53 60 58 88
4 55 60 58 88
4 56 60 58 88
4 38 360 353 88
4 36 300 116 88
4 48 420 176 88
4 48 180 116 88
4 48 180 116 88
4 46 60 58 88
4 49 60 58 88
4 53 60 58 88
4 58 60 58 88
4 57 60 58 88
4 55 60 58 88
4 57 120 116 88
4 58 60 58 88
4 60 120 116 88
4 48 60 58 88
4 53 180 116 88
4 41 60 58 88
4 40 60 58 88
4 41 60 58 88
4 46 180 116 88
4 43 60 58 88
4 41 60 58 88
4 43 60 58 88
4 48 180 116 88
4 45 60 58 88
4 43 60 58 88
4 45 60 58 88
4 50 180 116 88
4 46 60 58 88
4 45 60 58 88
4 46 60 58 88
4 52 180 116 88
4 48 60 58 88
4 50 60 58 88
4 52 60 58 88
4 53 60 58 88
4 52 60 58 88
4 50 60 58 88
4 48 60 58 88
4 50 60 58 88
4 46 60 58 88
4 45 60 58 88
4 46 60 58 88
4 43 60 58 88
4 41 60 58 88
4 43 60 58 88
4 45 60 58 88
4 46 60 58 88
4 48 60 58 88
4 45 60 58 88
4 43 60 58 88
4 45 60 58 88
4 46 60 58 88
4 48 60 58 88
4 50 60 58 88
4 46 60 58 88
4 45 60 58 88
4 46 60 58 88
4 48 60 58 88
4 50 60 58 88
4 48 60 58 88
