0 0 120 0 0
0 62 120 116 88
0 64 120 116 88
0 65 120 116 88
0 67 120 116 88
0 64 120 116 88
0 65 60 58 88
0 62 60 58 88
0 61 60 58 88
0 62 60 58 88
0 70 240 234 88
0 69 38 36 88
0 67 30 29 88
0 69 30 29 88
0 67 30 29 88
0 69 30 29 88
0 67 30 29 88
0 65 22 21 88
0 67 30 29 88
0 69 300 294 88
0 67 60 58 88
0 65 60 58 88
0 64 60 58 88
0 67 60 58 88
0 65 60 58 88
0 64 60 58 88
0 62 60 58 88
0 64 120 116 88
0 72 180 175 88
0 71 60 58 88
0 69 60 58 88
0 71 60 45 88
0 71 60 58 88
0 69 60 58 88
0 68 60 58 88
0 69 60 58 88
0 69 60 58 88
0 67 60 58 88
0 66 60 58 88
0 67 60 58 88
0 76 240 234 88
0 67 240 234 88
0 65 120 116 88
0 74 180 175 88
0 72 60 58 88
0 70 60 58 88
0 69 60 58 88
0 72 60 58 88
0 70 60 58 88
0 69 60 58 88
0 67 60 58 88
0 69 240 234 88
0 67 600 596 88
0 64 120 116 88
0 65 120 116 88
0 67 120 116 88
0 69 120 116 88
0 65 120 116 88
0 70 60 58 88
0 67 60 58 88
0 66 60 58 88
0 67 60 58 88
0 75 240 234 88
0 73 30 29 88
0 74 30 29 88
0 73 30 29 88
0 71 30 29 88
0 73 120 116 88
0 74 240 225 88
0 74 240 234 88
0 71 30 29 88
0 72 30 29 88
0 71 30 29 88
0 69 30 29 88
0 71 120 116 88
0 72 240 225 88
0 72 240 234 88
0 69 30 29 88
0 70 30 29 88
0 69 30 29 88
0 67 30 29 88
0 69 120 116 88
0 70 840 836 88
0 69 120 116 88
0 71 120 116 88
0 73 120 116 88
0 74 120 116 88
0 71 120 116 88
0 73 60 58 88
0 69 60 58 88
0 68 60 58 88
0 69 60 58 88
0 77 240 234 88
0 76 38 36 88
0 74 30 29 88
0 76 30 29 88
0 74 30 29 88
0 76 30 29 88
0 74 30 29 88
0 72 22 21 88
0 74 30 29 88
0 76 120 116 88
0 81 180 175 88
0 79 60 58 88
0 78 60 58 88
0 76 60 58 88
0 79 60 58 88
0 78 60 58 88
0 76 60 58 88
0 74 60 58 88
0 75 60 58 88
0 84 60 58 88
0 82 180 116 88
0 81 60 58 88
0 80 60 58 88
0 78 60 58 88
0 81 60 58 88
0 80 60 58 88
0 78 60 58 88
0 76 60 58 88
0 74 60 58 88
0 72 60 58 88
0 71 60 58 88
0 72 60 45 88
0 72 60 58 88
0 71 60 58 88
0 69 60 58 88
0 71 60 45 88
0 71 60 58 88
0 69 60 58 88
0 68 60 58 88
0 69 60 58 88
0 67 300 294 88
0 65 60 58 88
0 64 60 58 88
0 65 60 45 88
0 65 60 58 88
0 64 60 58 88
0 62 60 58 88
0 69 60 58 88
0 69 1020 1014 88
0 75 60 58 88
0 76 60 58 88
0 69 60 58 88
0 72 60 58 88
0 71 60 58 88
0 69 60 58 88
0 68 60 58 88
0 69 30 29 88
0 68 30 29 88
0 69 240 234 88
0 67 60 58 88
0 65 60 58 88
0 64 60 58 88
0 67 60 58 88
0 65 60 58 88
0 64 60 58 88
0 62 60 58 88
0 64 120 116 88
0 76 120 116 88
0 74 120 116 88
0 73 120 116 88
0 71 120 116 88
0 74 120 116 88
0 73 60 58 88
0 76 60 58 88
0 77 60 58 88
0 76 60 58 88
0 67 240 234 88
0 70 300 298 88
0 69 60 58 88
0 67 60 58 88
0 69 60 45 88
0 69 60 58 88
0 67 60 58 88
0 65 60 58 88
0 67 60 45 88
0 67 60 58 88
0 65 60 58 88
0 64 60 58 88
0 65 60 58 88
0 65 300 294 88
0 64 60 58 88
0 66 60 58 88
0 67 60 58 88
0 66 60 58 88
0 67 60 58 88
0 69 60 58 88
0 67 60 58 88
0 67 60 58 88
0 69 60 58 88
0 70 60 58 88
0 69 60 45 88
0 69 60 58 88
0 71 60 58 88
0 72 60 58 88
0 71 60 45 88
0 71 60 58 88
0 73 60 58 88
0 74 60 58 88
0 73 60 58 88
0 73 120 116 88
0 81 120 116 88
0 79 120 116 88
0 77 120 116 88
0 76 120 116 88
0 79 120 116 88
0 77 60 58 88
0 81 60 58 88
0 82 60 58 88
0 81 60 58 88
0 73 240 234 88
0 76 360 356 88
0 69 120 116 88
0 74 240 234 88
0 72 360 356 88
0 75 180 175 88
0 74 60 58 88
0 72 60 58 88
0 74 60 45 88
0 74 60 58 88
0 72 60 58 88
0 70 60 58 88
0 72 60 58 88
0 72 60 58 88
0 70 60 58 88
0 69 60 58 88
0 70 60 58 88
0 74 60 58 88
0 72 60 58 88
0 70 60 58 88
0 72 60 45 88
0 72 60 58 88
0 70 60 58 88
0 69 60 58 88
0 70 60 58 88
0 70 60 58 88
0 69 60 58 88
0 67 60 58 88
0 69 60 58 88
0 72 60 58 88
0 70 60 58 88
0 69 60 58 88
0 70 60 45 88
0 70 60 58 88
0 69 60 58 88
0 67 60 58 88
0 69 60 58 88
0 69 60 58 88
0 67 60 58 88
0 65 60 58 88
0 67 60 58 88
0 76 240 234 88
0 74 38 36 88
0 73 30 29 88
0 74 30 29 88
0 73 30 29 88
0 74 30 29 88
0 73 30 29 88
0 71 22 21 88
0 73 30 29 88
0 74 300 294 88
0 72 60 58 88
0 70 60 58 88
0 69 60 58 88
0 72 60 58 88
0 70 60 58 88
0 69 60 58 88
0 67 60 58 88
0 69 120 116 88
0 66 120 116 88
0 67 120 116 88
0 69 120 116 88
0 70 120 116 88
0 67 120 116 88
0 69 60 58 88
0 72 60 58 88
0 75 180 175 88
0 74 60 58 88
0 72 60 58 88
0 70 60 58 88
0 74 60 58 88
0 72 60 58 88
0 70 60 58 88
0 69 60 58 88
0 70 60 58 88
0 74 60 58 88
0 77 180 175 88
0 76 60 58 88
0 74 60 58 88
0 73 60 58 88
0 76 60 58 88
0 74 60 58 88
0 73 60 58 88
0 71 60 58 88
0 73 60 58 88
0 76 60 58 88
0 82 180 175 88
0 81 60 58 88
0 79 60 58 88
0 77 60 58 88
0 81 60 58 88
0 79 60 58 88
0 77 60 58 88
0 76 60 58 88
0 79 60 58 88
0 77 60 58 88
0 76 60 58 88
0 77 60 45 88
0 77 60 58 88
0 76 60 58 88
0 74 60 58 88
0 76 60 45 88
0 76 60 58 88
0 74 60 58 88
0 73 60 58 88
0 74 60 58 88
0 72 300 294 88
0 70 60 58 88
0 69 60 58 88
0 70 60 45 88
0 70 60 58 88
0 69 60 58 88
0 67 60 58 88
0 74 60 58 88
0 74 1020 1014 88
0 80 60 58 88
0 81 60 58 88
0 74 60 58 88
0 77 60 58 88
0 76 60 58 88
0 74 60 58 88
0 73 60 58 88
0 74 720 708 88
1 0 1560 0 0
1 57 120 116 88
1 59 120 116 88
1 60 120 116 88
1 62 120 116 88
1 59 120 116 88
1 60 60 58 88
1 57 60 58 88
1 56 60 58 88
1 57 60 58 88
1 65 240 234 88
1 64 30 29 88
1 62 30 29 88
1 64 30 29 88
1 62 30 29 88
1 64 30 29 88
1 62 30 29 88
1 60 30 29 88
1 62 30 29 88
1 64 300 294 88
1 62 60 58 88
1 61 60 58 88
1 59 60 58 88
1 62 60 58 88
1 61 60 58 88
1 59 60 58 88
1 57 60 58 88
1 62 840 234 88
1 65 180 175 88
1 64 60 58 88
1 62 60 58 88
1 64 60 45 88
1 64 60 58 88
1 62 60 58 88
1 61 60 58 88
1 62 60 58 88
1 61 240 234 88
1 62 120 116 88
1 64 120 116 88
1 61 120 116 88
1 62 120 116 88
1 63 120 116 88
1 62 120 116 88
1 67 240 234 88
1 64 300 234 88
1 69 60 58 88
1 67 60 58 88
1 69 60 58 88
1 65 240 234 88
1 62 300 234 88
1 67 60 58 88
1 65 60 58 88
1 67 60 58 88
1 63 240 234 88
1 60 360 234 88
1 69 120 116 88
1 67 120 116 88
1 65 120 116 88
1 64 120 116 88
1 67 120 116 88
1 61 240 234 88
1 62 120 116 88
1 64 120 116 88
1 57 360 234 88
1 64 120 116 88
1 62 120 116 88
1 61 120 116 88
1 59 120 116 88
1 62 120 116 88
1 61 60 58 88
1 64 60 58 88
1 65 60 58 88
1 64 60 58 88
1 57 240 234 88
1 60 240 234 88
1 58 60 58 88
1 62 60 58 88
1 63 60 58 88
1 62 60 58 88
1 59 240 234 88
1 64 1080 356 88
1 57 120 116 88
1 59 120 116 88
1 61 120 116 88
1 62 120 116 88
1 59 120 116 88
1 60 60 58 88
1 57 60 58 88
1 56 60 58 88
1 57 60 58 88
1 65 240 234 88
1 64 30 29 88
1 62 30 29 88
1 64 30 29 88
1 62 30 29 88
1 64 30 29 88
1 62 30 29 88
1 60 30 29 88
1 62 30 29 88
1 64 120 116 88
1 65 120 116 88
1 60 30 29 88
1 59 30 29 88
1 60 30 29 88
1 59 30 29 88
1 60 30 29 88
1 59 30 29 88
1 60 30 29 88
1 59 30 29 88
1 60 30 29 88
1 59 23 22 88
1 60 22 21 88
1 59 23 22 88
1 60 22 21 88
1 59 23 22 88
1 60 22 21 88
1 59 23 22 88
1 60 22 21 88
1 59 30 29 88
1 57 3000 234 88
1 62 120 116 88
1 60 120 116 88
1 58 120 116 88
1 57 120 116 88
1 60 120 116 88
1 58 240 234 88
1 62 480 470 88
1 55 840 234 88
1 62 120 116 88
1 64 120 116 88
1 65 120 116 88
1 67 120 116 88
1 64 120 116 88
1 65 60 58 88
1 62 60 58 88
1 61 60 58 88
1 62 60 58 88
1 70 240 234 88
1 69 30 29 88
1 67 30 29 88
1 69 30 29 88
1 67 30 29 88
1 69 30 29 88
1 67 30 29 88
1 69 30 29 88
1 67 30 29 88
1 69 240 234 88
1 54 240 234 88
1 57 300 234 88
1 55 60 58 88
1 54 60 58 88
1 55 60 58 88
1 52 240 234 88
1 55 300 234 88
1 53 60 58 88
1 52 60 58 88
1 53 60 58 88
1 50 240 234 88
1 53 360 234 88
1 53 120 116 88
1 55 120 116 88
1 57 120 116 88
1 58 120 116 88
1 55 120 116 88
1 57 120 116 88
1 53 120 116 88
1 55 120 116 88
1 57 120 116 88
1 55 360 234 88
1 57 120 116 88
1 55 120 116 88
1 54 120 116 88
1 52 120 116 88
1 55 120 116 88
1 54 120 116 88
1 58 120 116 88
1 57 120 116 88
1 55 120 116 88
1 54 120 116 88
1 57 120 116 88
1 55 120 116 88
1 60 120 116 88
1 59 120 116 88
1 57 120 116 88
1 56 120 116 88
1 59 120 116 88
1 57 120 116 88
1 65 120 116 88
1 64 120 116 88
1 62 120 116 88
1 61 120 116 88
1 64 120 116 88
1 62 840 116 88
1 62 120 116 88
1 64 120 116 88
1 66 120 116 88
1 67 120 116 88
1 64 120 116 88
1 65 60 58 88
1 62 60 58 88
1 61 60 58 88
1 62 60 58 88
1 70 240 234 88
1 69 30 29 88
1 67 30 29 88
1 69 30 29 88
1 67 30 29 88
1 69 30 29 88
1 67 30 29 88
1 65 30 29 88
1 67 30 29 88
1 69 120 116 88
1 70 120 116 88
1 65 30 29 88
1 64 30 29 88
1 65 30 29 88
1 64 30 29 88
1 65 30 29 88
1 64 30 29 88
1 65 30 29 88
1 64 30 29 88
1 65 30 29 88
1 64 23 22 88
1 65 22 21 88
1 64 23 22 88
1 65 22 21 88
1 64 23 22 88
1 65 22 21 88
1 64 23 22 88
1 65 22 21 88
1 64 150 29 88
1 69 0 116 88
1 72 120 116 88
1 67 0 116 88
1 70 120 116 88
1 66 0 116 88
1 69 120 116 88
1 64 0 116 88
1 67 120 105 88
1 67 0 116 88
1 70 120 116 88
1 66 0 708 88
2 0 30360 0 0
2 50 0 116 88
2 54 120 116 88
2 52 0 116 88
2 55 120 116 88
2 54 0 116 88
2 57 120 116 88
2 55 0 105 88
2 58 120 116 88
2 52 0 116 88
2 55 120 116 88
2 54 0 708 88
3 0 3720 0 0
3 50 120 116 88
3 52 120 116 88
3 53 120 116 88
3 55 120 116 88
3 52 120 116 88
3 53 60 58 88
3 50 60 58 88
3 49 60 58 88
3 50 60 58 88
3 58 240 234 88
3 57 38 36 88
3 55 30 29 88
3 57 30 29 88
3 55 30 29 88
3 57 30 29 88
3 55 30 29 88
3 53 22 21 88
3 55 30 29 88
3 57 300 294 88
3 55 60 58 88
3 53 60 58 88
3 52 60 58 88
3 55 60 58 88
3 53 60 58 88
3 52 60 58 88
3 50 60 58 88
3 55 120 116 88
3 58 180 175 88
3 57 60 58 88
3 55 60 58 88
3 57 60 45 88
3 57 60 58 88
3 55 60 58 88
3 53 60 58 88
3 55 60 58 88
3 55 60 58 88
3 53 60 58 88
3 52 60 58 88
3 53 60 58 88
3 57 60 58 88
3 55 60 58 88
3 53 60 58 88
3 55 60 45 88
3 55 60 58 88
3 53 60 58 88
3 52 60 58 88
3 53 60 58 88
3 53 60 58 88
3 52 60 58 88
3 50 60 58 88
3 52 60 58 88
3 55 60 58 88
3 53 60 58 88
3 51 60 58 88
3 53 60 45 88
3 53 60 58 88
3 51 60 58 88
3 50 60 58 88
3 51 60 58 88
3 51 60 58 88
3 50 60 58 88
3 49 60 58 88
3 50 60 58 88
3 58 240 234 88
3 57 38 36 88
3 55 30 29 88
3 57 30 29 88
3 55 30 29 88
3 57 30 29 88
3 55 30 29 88
3 53 22 21 88
3 55 30 29 88
3 57 300 294 88
3 55 60 58 88
3 53 60 58 88
3 52 60 58 88
3 55 60 58 88
3 53 60 58 88
3 52 60 58 88
3 50 60 58 88
3 52 120 116 88
3 49 120 116 88
3 50 120 116 88
3 52 120 116 88
3 53 120 116 88
3 50 120 116 88
3 57 240 234 88
3 54 120 116 88
3 52 120 116 88
3 50 120 116 88
3 54 120 116 88
3 55 240 234 88
3 56 120 116 88
3 54 120 116 88
3 52 120 116 88
3 56 120 116 88
3 57 120 116 88
3 45 120 116 88
3 47 120 116 88
3 48 120 116 88
3 50 120 116 88
3 47 120 116 88
3 49 60 58 88
3 45 60 58 88
3 44 60 58 88
3 45 60 58 88
3 53 240 234 88
3 52 38 36 88
3 50 30 29 88
3 52 30 29 88
3 50 30 29 88
3 52 30 29 88
3 50 30 29 88
3 48 22 21 88
3 50 30 29 88
3 52 120 116 88
3 53 120 116 88
3 52 60 58 88
3 50 60 58 88
3 48 60 58 88
3 50 60 45 88
3 50 60 58 88
3 48 60 58 88
3 47 60 58 88
3 48 60 58 88
3 48 120 116 88
3 50 120 116 88
3 52 120 116 88
3 50 120 116 88
3 52 240 234 88
3 57 120 116 88
3 45 120 116 88
3 47 120 116 88
3 49 120 116 88
3 50 120 116 88
3 47 120 116 88
3 49 60 58 88
3 45 60 58 88
3 44 60 58 88
3 45 60 58 88
3 53 240 234 88
3 52 30 29 88
3 50 30 29 88
3 52 30 29 88
3 50 150 146 88
3 57 120 116 88
3 53 120 116 88
3 52 120 116 88
3 50 120 116 88
3 49 120 116 88
3 52 120 116 88
3 50 60 58 88
3 53 60 58 88
3 55 60 58 88
3 53 60 58 88
3 45 240 234 88
3 50 38 36 88
3 49 30 29 88
3 50 30 29 88
3 49 30 29 88
3 50 30 29 88
3 49 30 29 88
3 47 22 21 88
3 49 30 29 88
3 50 840 708 88
3 55 120 116 88
3 54 120 116 88
3 52 120 116 88
3 50 120 116 88
3 53 120 116 88
3 52 300 294 88
3 50 60 58 88
3 49 60 58 88
3 47 60 58 88
3 50 60 58 88
3 49 60 58 88
3 47 60 58 88
3 45 60 58 88
3 50 840 234 88
3 57 120 116 88
3 55 120 116 88
3 53 120 116 88
3 52 120 116 88
3 55 120 116 88
3 54 60 58 88
3 57 60 58 88
3 58 60 58 88
3 57 60 58 88
3 50 240 234 88
3 54 240 234 88
3 43 240 234 88
3 48 240 234 88
3 52 240 234 88
3 41 240 234 88
3 46 240 234 88
3 50 240 234 88
3 52 720 708 88
3 53 120 116 88
3 50 120 116 88
3 52 120 116 88
3 54 120 116 88
3 55 120 116 88
3 52 120 116 88
3 54 60 58 88
3 50 60 58 88
3 49 60 58 88
3 50 60 58 88
3 58 120 116 88
3 57 120 116 88
3 55 120 116 88
3 58 120 116 88
3 57 120 116 88
3 55 120 116 88
3 54 120 116 88
3 52 120 116 88
3 50 120 116 88
3 54 120 116 88
3 43 120 116 88
3 57 120 116 88
3 56 120 116 88
3 54 120 116 88
3 52 120 116 88
3 56 120 116 88
3 45 120 116 88
3 62 120 116 88
3 61 120 116 88
3 59 120 116 88
3 57 120 116 88
3 61 120 116 88
3 62 120 116 88
3 50 120 116 88
3 52 120 116 88
3 53 120 116 88
3 55 120 116 88
3 52 120 116 88
3 54 60 58 88
3 50 60 58 88
3 48 60 58 88
3 50 60 58 88
3 58 240 234 88
3 57 30 29 88
3 55 30 29 88
3 57 30 29 88
3 55 30 29 88
3 57 30 29 88
3 55 30 29 88
3 53 30 29 88
3 55 30 29 88
3 57 120 116 88
3 58 120 116 88
3 57 60 58 88
3 55 60 58 88
3 53 60 58 88
3 55 60 45 88
3 55 60 58 88
3 53 60 58 88
3 52 60 58 88
3 53 60 58 88
3 53 120 116 88
3 55 120 116 88
3 57 120 116 88
3 55 120 116 88
3 57 240 234 88
3 50 720 708 88
