0 0 1440 0 0
0 65 120 116 88
0 69 120 116 88
0 67 120 116 88
0 65 120 116 88
0 67 120 116 88
0 59 60 58 88
0 60 60 58 88
0 62 60 58 88
0 64 60 58 88
0 65 120 116 88
0 67 60 58 88
0 65 60 58 88
0 64 60 58 88
0 62 60 58 88
0 64 60 58 88
0 62 60 58 88
0 60 60 58 88
0 62 60 58 88
0 64 60 58 88
0 65 60 58 88
0 67 120 116 88
0 65 120 116 88
0 64 120 116 88
0 65 60 58 88
0 64 60 58 88
0 62 60 58 88
0 64 60 58 88
0 65 60 58 88
0 67 60 58 88
0 69 60 58 88
0 72 60 58 88
0 70 60 58 88
0 69 60 58 88
0 67 60 58 88
0 65 60 58 88
0 65 41 40 88
0 64 30 29 88
0 65 30 29 88
0 64 30 29 88
0 65 30 29 88
0 64 30 29 88
0 65 30 29 88
0 64 30 29 88
0 65 27 26 88
0 64 26 25 88
0 62 26 25 88
0 64 30 29 88
0 65 120 116 88
0 69 240 234 88
0 67 120 116 88
0 72 240 234 88
0 71 120 116 88
0 76 240 234 88
0 74 420 401 88
0 74 60 58 88
0 72 120 101 88
0 72 120 116 88
0 74 120 116 88
0 72 120 116 88
0 70 120 116 88
0 72 120 116 88
0 64 60 58 88
0 65 60 58 88
0 67 60 58 88
0 69 60 58 88
0 70 120 116 88
0 72 60 58 88
0 70 60 58 88
0 69 60 58 88
0 67 60 58 88
0 69 60 58 88
0 67 60 58 88
0 65 60 58 88
0 67 60 58 88
0 69 60 58 88
0 70 60 58 88
0 72 60 58 88
0 70 60 58 88
0 69 60 58 88
0 70 60 58 88
0 72 60 58 88
0 74 60 58 88
0 76 60 58 88
0 79 60 58 88
0 77 60 58 88
0 76 60 58 88
0 74 60 58 88
0 72 60 58 88
0 72 34 33 88
0 71 26 25 88
0 72 26 25 88
0 71 27 26 88
0 72 26 25 88
0 71 26 25 88
0 72 26 25 88
0 71 27 26 88
0 72 26 25 88
0 71 26 25 88
0 72 23 22 88
0 71 22 21 88
0 69 23 22 88
0 71 22 21 88
0 72 60 58 88
0 74 60 58 88
0 76 60 58 88
0 77 60 58 88
0 79 60 58 88
0 81 60 58 88
0 70 60 58 88
0 72 60 58 88
0 74 60 58 88
0 76 60 58 88
0 77 60 58 88
0 79 60 58 88
0 81 60 58 88
0 84 60 58 88
0 82 60 58 88
0 81 60 58 88
0 79 60 58 88
0 77 60 58 88
0 77 120 101 88
0 77 34 33 88
0 76 30 29 88
0 77 30 29 88
0 76 30 29 88
0 77 30 29 88
0 76 30 29 88
0 74 26 25 88
0 76 30 29 88
0 77 360 116 88
0 79 420 401 88
0 79 60 58 88
0 77 60 58 88
0 76 60 58 88
0 74 60 58 88
0 72 60 58 88
0 77 420 401 88
0 77 60 58 88
0 76 60 58 88
0 74 60 58 88
0 73 60 58 88
0 71 60 58 88
0 76 480 476 88
0 69 120 116 88
0 74 120 116 88
0 73 240 234 88
0 81 120 116 88
0 82 120 116 88
0 81 120 116 88
0 79 120 116 88
0 81 120 116 88
0 73 60 58 88
0 74 60 58 88
0 76 60 58 88
0 77 60 58 88
0 79 120 116 88
0 81 60 58 88
0 79 60 58 88
0 77 60 58 88
0 76 60 58 88
0 77 60 58 88
0 81 60 58 88
0 79 60 58 88
0 77 60 58 88
0 76 60 58 88
0 74 60 58 88
0 74 34 33 88
0 73 30 29 88
0 74 30 29 88
0 73 30 29 88
0 74 26 25 88
0 73 26 25 88
0 74 27 26 88
0 73 26 25 88
0 74 26 25 88
0 73 26 25 88
0 74 27 26 88
0 73 52 50 88
0 73 60 58 88
0 74 30 29 88
0 72 30 29 88
0 70 60 58 88
0 69 60 58 88
0 67 60 58 88
0 65 60 58 88
0 70 120 116 88
0 69 120 116 88
0 67 120 116 88
0 69 420 418 88
0 70 60 58 88
0 65 26 25 88
0 64 27 26 88
0 65 22 21 88
0 64 23 22 88
0 65 22 21 88
0 64 60 58 88
0 62 60 58 88
0 62 60 58 88
0 64 60 58 88
0 65 60 58 88
0 67 60 58 88
0 69 60 58 88
0 70 60 58 88
0 72 60 58 88
0 70 60 58 88
0 72 60 58 88
0 74 60 58 88
0 75 60 58 88
0 74 60 58 88
0 66 60 58 88
0 64 60 58 88
0 62 60 58 88
0 64 60 58 88
0 66 60 58 88
0 67 60 58 88
0 69 420 418 88
0 67 60 58 88
0 69 60 58 88
0 70 60 58 88
0 72 60 58 88
0 74 60 58 88
0 75 120 116 88
0 74 120 116 88
0 72 120 116 88
0 74 120 116 88
0 66 60 58 88
0 67 60 58 88
0 69 60 58 88
0 70 60 58 88
0 72 60 58 88
0 70 60 58 88
0 74 60 58 88
0 72 60 58 88
0 70 60 58 88
0 69 60 58 88
0 70 60 58 88
0 66 60 58 88
0 67 60 58 88
0 69 60 58 88
0 70 60 58 88
0 73 60 58 88
0 74 60 58 88
0 79 60 58 88
0 72 19 18 88
0 70 22 22 88
0 72 23 22 88
0 70 19 18 88
0 72 18 18 88
0 70 19 18 88
0 69 60 58 88
0 67 60 58 88
0 67 120 116 88
0 70 300 298 88
0 67 60 58 88
0 72 60 58 88
0 70 60 58 88
0 69 60 58 88
0 67 60 58 88
0 69 420 418 88
0 65 60 58 88
0 70 60 58 88
0 69 60 58 88
0 67 60 58 88
0 65 60 58 88
0 64 120 116 88
0 65 120 116 88
0 67 120 116 88
0 69 120 116 88
0 70 120 116 88
0 72 120 116 88
0 74 120 116 88
0 76 120 116 88
0 77 120 116 88
0 79 420 418 88
0 72 60 58 88
0 77 60 58 88
0 75 60 58 88
0 74 60 58 88
0 72 60 58 88
0 74 60 58 88
0 72 60 58 88
0 75 60 58 88
0 74 60 58 88
0 72 60 58 88
0 70 60 58 88
0 72 120 116 88
0 64 60 58 88
0 65 60 58 88
0 67 60 58 88
0 69 60 58 88
0 70 60 58 88
0 69 60 58 88
0 72 60 58 88
0 70 60 58 88
0 69 60 58 88
0 67 60 58 88
0 69 60 58 88
0 67 60 58 88
0 70 60 58 88
0 69 60 58 88
0 72 60 58 88
0 70 60 58 88
0 74 60 58 88
0 72 60 58 88
0 76 60 58 88
0 74 60 58 88
0 77 60 58 88
0 76 60 58 88
0 79 60 58 88
0 69 60 58 88
0 70 60 58 88
0 67 60 58 88
0 69 180 178 88
0 70 60 58 88
0 69 19 18 88
0 67 19 18 88
0 69 18 18 88
0 67 19 17 88
0 69 15 15 88
0 67 15 15 88
0 69 15 15 88
0 67 60 58 88
0 65 60 58 88
1 60 120 116 88
1 62 120 116 88
1 60 120 116 88
1 58 120 116 88
1 60 120 116 88
1 52 60 58 88
1 53 60 58 88
1 55 60 58 88
1 57 60 58 88
1 58 120 116 88
1 60 60 58 88
1 58 60 58 88
1 57 60 58 88
1 55 60 58 88
1 57 60 58 88
1 55 60 58 88
1 53 60 58 88
1 55 60 58 88
1 57 60 58 88
1 58 60 58 88
1 60 60 58 88
1 58 60 58 88
1 57 60 58 88
1 58 60 58 88
1 60 60 58 88
1 62 60 58 88
1 64 60 58 88
1 67 60 58 88
1 65 60 58 88
1 64 60 58 88
1 62 60 58 88
1 60 60 58 88
1 60 38 36 88
1 59 30 29 88
1 60 30 29 88
1 59 30 29 88
1 60 30 29 88
1 59 22 21 88
1 60 23 22 88
1 59 22 21 88
1 60 23 22 88
1 59 22 21 88
1 60 23 22 88
1 59 22 21 88
1 57 23 22 88
1 59 22 21 88
1 60 120 116 88
1 58 120 116 88
1 57 120 116 88
1 58 60 58 88
1 57 60 58 88
1 55 60 58 88
1 57 60 58 88
1 58 60 58 88
1 60 60 58 88
1 57 240 234 88
1 62 120 116 88
1 64 120 116 88
1 67 120 116 88
1 60 120 116 88
1 60 600 594 88
1 65 120 116 88
1 64 240 234 88
1 69 120 116 88
1 67 240 234 88
1 72 180 161 88
1 72 60 58 88
1 71 60 58 88
1 69 60 58 88
1 67 60 58 88
1 65 60 58 88
1 64 180 175 88
1 70 60 58 88
1 69 60 58 88
1 67 60 58 88
1 65 60 58 88
1 64 60 58 88
1 62 60 58 88
1 64 60 58 88
1 65 60 58 88
1 67 60 58 88
1 69 960 116 88
1 65 120 116 88
1 69 120 116 88
1 67 120 116 88
1 65 120 116 88
1 67 120 116 88
1 59 60 58 88
1 60 60 58 88
1 62 60 58 88
1 64 60 58 88
1 65 120 116 88
1 67 60 58 88
1 65 60 58 88
1 64 60 58 88
1 62 60 58 88
1 64 60 58 88
1 62 60 58 88
1 60 60 58 88
1 62 60 58 88
1 64 60 58 88
1 60 60 58 88
1 65 600 234 88
1 72 120 116 88
1 74 120 116 88
1 72 120 116 88
1 70 120 116 88
1 72 120 116 88
1 64 60 58 88
1 65 60 58 88
1 67 60 58 88
1 69 60 58 88
1 70 120 116 88
1 72 60 58 88
1 70 60 58 88
1 69 60 58 88
1 67 60 58 88
1 69 480 476 88
1 70 60 58 88
1 69 60 58 88
1 67 60 58 88
1 65 60 58 88
1 67 480 476 88
1 69 60 58 88
1 67 60 58 88
1 65 60 58 88
1 64 60 58 88
1 65 60 58 88
1 64 60 58 88
1 65 60 58 88
1 67 60 58 88
1 69 60 58 88
1 67 60 58 88
1 69 60 58 88
1 70 60 58 88
1 69 60 58 88
1 67 60 58 88
1 65 60 58 88
1 64 60 58 88
1 62 60 58 88
1 61 60 58 88
1 62 60 58 88
1 65 60 58 88
1 64 60 58 88
1 62 60 58 88
1 61 240 116 88
1 69 120 116 88
1 70 120 116 88
1 69 120 116 88
1 67 120 116 88
1 69 120 116 88
1 61 60 58 88
1 62 60 58 88
1 64 60 58 88
1 65 60 58 88
1 67 120 116 88
1 69 60 58 88
1 67 60 58 88
1 65 60 58 88
1 64 60 58 88
1 65 360 234 88
1 62 38 36 88
1 61 30 29 88
1 62 30 29 88
1 61 30 29 88
1 62 30 29 88
1 61 30 29 88
1 62 30 29 88
1 61 22 21 88
1 62 23 22 88
1 61 22 21 88
1 62 23 22 88
1 61 52 50 88
1 61 60 58 88
1 57 60 58 88
1 59 60 58 88
1 61 60 58 88
1 62 60 58 88
1 64 60 58 88
1 65 60 58 88
1 64 60 58 88
1 61 240 234 88
1 62 960 234 88
1 62 120 116 88
1 63 120 116 88
1 62 120 116 88
1 60 120 116 88
1 62 120 116 88
1 54 60 58 88
1 55 60 58 88
1 57 60 58 88
1 58 60 58 88
1 60 60 58 88
1 58 60 58 88
1 62 60 58 88
1 60 60 58 88
1 58 60 58 88
1 57 60 58 88
1 58 60 58 88
1 62 60 58 88
1 60 60 58 88
1 58 60 58 88
1 57 60 58 88
1 55 60 58 88
1 54 360 116 88
1 55 60 58 88
1 57 60 58 88
1 58 60 58 88
1 60 60 58 88
1 62 60 58 88
1 57 60 58 88
1 58 120 116 88
1 55 120 116 88
1 54 120 116 88
1 55 60 58 88
1 62 60 58 88
1 67 60 58 88
1 65 60 58 88
1 64 60 58 88
1 62 60 58 88
1 64 420 353 88
1 60 60 58 88
1 65 60 58 88
1 63 60 58 88
1 62 60 58 88
1 60 60 58 88
1 62 360 353 88
1 60 120 116 88
1 62 120 116 88
1 64 120 116 88
1 65 120 116 88
1 67 120 116 88
1 69 120 116 88
1 70 420 418 88
1 67 60 58 88
1 72 60 58 88
1 70 60 58 88
1 69 60 58 88
1 67 60 58 88
1 69 480 476 88
1 50 120 116 88
1 55 180 178 88
1 53 60 58 88
1 58 60 58 88
1 57 60 58 88
1 55 60 58 88
1 53 60 58 88
1 55 120 116 88
1 46 60 58 88
1 48 60 58 88
1 50 60 58 88
1 52 60 58 88
1 53 600 594 88
1 58 240 236 88
1 64 120 116 88
1 65 240 236 88
1 64 240 234 88
2 0 3240 0 0
2 48 120 116 88
2 50 120 116 88
2 48 120 116 88
2 46 120 116 88
2 48 120 116 88
2 40 60 58 88
2 41 60 58 88
2 43 60 58 88
2 45 60 58 88
2 46 120 116 88
2 48 60 58 88
2 46 60 58 88
2 45 60 58 88
2 43 60 58 88
2 45 60 58 88
2 43 60 58 88
2 41 60 58 88
2 43 60 58 88
2 45 60 58 88
2 46 60 58 88
2 48 60 58 88
2 47 60 58 88
2 45 60 58 88
2 47 60 58 88
2 48 60 58 88
2 50 60 58 88
2 52 60 58 88
2 55 60 58 88
2 53 60 58 88
2 52 60 58 88
2 50 60 58 88
2 48 60 58 88
2 48 38 36 88
2 47 30 29 88
2 48 30 29 88
2 47 30 29 88
2 48 30 29 88
2 47 30 29 88
2 48 30 29 88
2 47 30 29 88
2 48 30 29 88
2 47 30 29 88
2 45 22 21 88
2 47 30 29 88
2 48 120 116 88
2 50 60 58 88
2 52 60 58 88
2 53 120 116 88
2 58 360 353 88
2 57 60 58 88
2 60 60 58 88
2 58 60 58 88
2 57 60 58 88
2 55 60 58 88
2 53 60 58 88
2 53 38 36 88
2 52 30 29 88
2 53 30 29 88
2 52 30 29 88
2 53 30 29 88
2 52 30 29 88
2 53 30 29 88
2 52 30 29 88
2 53 30 29 88
2 52 30 29 88
2 50 22 21 88
2 52 30 29 88
2 53 1680 234 88
2 60 120 116 88
2 62 120 116 88
2 60 120 116 88
2 58 120 116 88
2 60 120 116 88
2 52 60 58 88
2 53 60 58 88
2 55 60 58 88
2 57 60 58 88
2 58 120 116 88
2 60 60 58 88
2 58 60 58 88
2 57 60 58 88
2 55 60 58 88
2 57 60 58 88
2 60 60 58 88
2 58 60 58 88
2 57 60 58 88
2 55 60 58 88
2 53 60 58 88
2 53 38 36 88
2 52 30 29 88
2 53 30 29 88
2 52 30 29 88
2 53 30 29 88
2 52 30 29 88
2 53 30 29 88
2 52 30 29 88
2 53 30 29 88
2 52 30 29 88
2 50 22 21 88
2 52 30 29 88
2 53 120 116 88
2 55 120 116 88
2 57 120 116 88
2 50 360 234 88
2 52 120 116 88
2 53 120 116 88
2 55 120 116 88
2 49 240 234 88
2 61 120 116 88
2 62 120 116 88
2 60 120 116 88
2 58 120 116 88
2 58 38 36 88
2 57 30 29 88
2 58 30 29 88
2 57 30 29 88
2 58 30 29 88
2 57 22 21 88
2 58 23 22 88
2 57 22 21 88
2 58 23 22 88
2 57 22 21 88
2 58 23 22 88
2 57 22 21 88
2 58 23 22 88
2 57 22 21 88
2 58 23 22 88
2 57 22 21 88
2 58 23 22 88
2 57 22 21 88
2 58 23 22 88
2 57 22 21 88
2 58 23 22 88
2 57 22 21 88
2 58 23 22 88
2 57 22 21 88
2 58 23 22 88
2 57 22 21 88
2 58 23 22 88
2 57 22 21 88
2 58 23 22 88
2 57 22 21 88
2 58 23 22 88
2 57 22 21 88
2 58 23 22 88
2 57 22 21 88
2 58 23 22 88
2 57 22 21 88
2 58 23 22 88
2 57 22 21 88
2 58 23 22 88
2 57 22 21 88
2 58 23 22 88
2 57 22 21 88
2 58 23 22 88
2 57 22 21 88
2 58 23 22 88
2 57 22 21 88
2 58 23 22 88
2 57 22 21 88
2 58 23 22 88
2 57 22 21 88
2 58 23 22 88
2 57 22 21 88
2 58 23 22 88
2 57 22 21 88
2 58 23 22 88
2 57 22 21 88
2 58 23 22 88
2 57 22 21 88
2 58 23 22 88
2 57 22 21 88
2 58 23 22 88
2 57 22 21 88
2 57 240 221 88
2 57 120 116 88
2 58 120 116 88
2 57 120 116 88
2 55 120 116 88
2 57 120 116 88
2 49 60 58 88
2 50 60 58 88
2 52 60 58 88
2 53 60 58 88
2 55 120 116 88
2 57 60 58 88
2 55 60 58 88
2 53 60 58 88
2 52 60 58 88
2 53 180 175 88
2 55 60 58 88
2 53 60 58 88
2 52 60 58 88
2 50 60 58 88
2 55 60 58 88
2 57 120 116 88
2 45 120 116 88
2 38 240 234 88
2 50 120 116 88
2 51 120 116 88
2 50 120 116 88
2 48 120 116 88
2 50 120 116 88
2 42 60 58 88
2 43 60 58 88
2 45 60 58 88
2 46 60 58 88
2 48 60 58 88
2 46 60 58 88
2 50 60 58 88
2 48 60 58 88
2 46 60 58 88
2 45 60 58 88
2 46 360 116 88
2 54 360 116 88
2 55 360 116 88
2 51 360 116 88
2 50 420 116 88
2 48 60 58 88
2 50 120 101 88
2 50 120 116 88
2 43 120 116 88
2 45 120 116 88
2 46 120 116 88
2 48 120 116 88
2 50 120 116 88
2 52 120 116 88
2 53 120 116 88
2 55 120 116 88
2 57 120 116 88
2 58 420 418 88
2 55 60 58 88
2 60 60 58 88
2 58 60 58 88
2 57 60 58 88
2 55 60 58 88
2 53 60 58 88
2 48 60 58 88
2 53 60 58 88
2 51 60 58 88
2 50 60 58 88
2 48 60 58 88
2 46 60 58 88
2 48 60 58 88
2 46 60 58 88
2 45 60 58 88
2 43 60 58 88
2 41 60 58 88
2 40 360 234 88
2 41 120 116 88
2 43 120 116 88
2 45 120 116 88
2 46 360 234 88
2 45 360 234 88
2 43 360 234 88
2 41 120 116 88
2 43 120 116 88
2 45 120 116 88
2 46 120 116 88
2 48 120 116 88
2 50 120 116 88
2 52 120 116 88
2 48 120 116 88
2 53 120 116 88
2 46 120 116 88
2 48 120 116 88
2 36 120 116 88
