0 0 3960 0 0
0 69 60 58 88
0 71 60 58 88
0 73 60 58 88
0 71 60 58 88
0 69 60 58 88
0 73 60 58 88
0 71 60 58 88
0 74 60 58 88
0 73 180 175 88
0 76 60 58 88
0 74 180 178 88
0 78 60 58 88
0 76 60 58 88
0 74 60 58 88
0 76 60 58 88
0 71 60 58 88
0 73 60 58 88
0 74 60 58 88
0 73 60 58 88
0 74 60 58 88
0 76 60 58 88
0 78 60 58 88
0 76 60 58 88
0 81 60 58 88
0 80 60 58 88
0 78 60 58 88
0 80 60 58 88
0 78 60 58 88
0 76 60 58 88
0 75 60 58 88
0 76 420 412 88
0 75 60 58 88
0 76 180 175 88
0 75 60 58 88
0 76 180 175 88
0 73 60 58 88
0 74 420 412 88
0 72 60 58 88
0 73 420 415 88
0 70 60 58 88
0 71 300 294 88
0 65 60 58 88
0 66 60 58 88
0 68 60 58 88
0 69 60 58 88
0 68 60 58 88
0 66 60 58 88
0 69 60 58 88
0 68 60 58 88
0 71 60 58 88
0 69 180 175 88
0 73 60 58 88
0 71 180 175 88
0 74 60 58 88
0 73 60 58 88
0 71 60 58 88
0 73 60 58 88
0 68 60 58 88
0 69 60 58 88
0 71 60 58 88
0 69 540 531 88
0 73 60 58 88
0 71 60 58 88
0 69 60 58 88
0 71 60 58 88
0 66 60 58 88
0 68 60 58 88
0 69 60 58 88
0 68 660 644 88
0 68 60 58 88
0 73 180 175 88
0 75 60 58 88
0 72 240 116 88
0 75 300 294 88
0 72 60 58 88
0 73 60 58 88
0 75 60 58 88
0 73 60 58 88
0 78 60 58 88
0 76 60 58 88
0 75 60 58 88
0 76 540 531 88
0 79 60 58 88
0 78 60 58 88
0 76 60 58 88
0 78 60 58 88
0 73 60 58 88
0 74 60 58 88
0 76 60 58 88
0 74 540 531 88
0 78 60 58 88
0 76 60 58 88
0 74 60 58 88
0 76 60 58 88
0 71 60 58 88
0 73 60 58 88
0 74 60 58 88
0 73 60 58 88
0 74 60 58 88
0 73 60 58 88
0 71 60 58 88
0 69 60 58 88
0 68 60 58 88
0 66 60 58 88
0 64 60 58 88
0 62 60 58 88
0 66 60 58 88
0 68 60 58 88
0 71 60 58 88
0 64 60 58 88
0 68 60 58 88
0 70 60 58 88
0 73 60 58 88
0 71 420 404 88
0 71 60 58 88
0 69 420 404 88
0 69 60 58 88
0 68 420 412 88
0 67 60 58 88
0 66 480 234 88
0 66 1020 234 88
0 73 60 58 88
0 74 60 58 88
0 76 60 58 88
0 78 60 58 88
0 76 60 58 88
0 74 60 58 88
0 78 60 58 88
0 76 60 58 88
0 79 60 58 88
0 78 180 175 88
0 81 60 58 88
0 79 180 178 88
0 83 60 58 88
0 81 60 58 88
0 80 60 58 88
0 81 60 58 88
0 76 60 58 88
0 78 60 58 88
0 79 60 58 88
0 78 540 524 88
0 78 60 58 88
0 76 60 58 88
0 75 60 58 88
0 76 60 58 88
0 71 60 58 88
0 73 60 58 88
0 74 60 58 88
0 73 540 538 88
0 72 60 58 88
0 71 60 58 88
0 70 60 58 88
0 71 60 58 88
0 66 60 58 88
0 68 60 58 88
0 69 60 58 88
0 68 180 175 88
0 69 60 58 88
0 71 180 175 88
0 73 60 58 88
0 74 180 175 88
0 75 60 58 88
0 76 180 175 88
0 77 60 58 88
0 78 540 538 88
0 75 60 58 88
0 76 60 58 88
0 78 60 58 88
0 76 60 58 88
0 81 60 58 88
0 80 60 58 88
0 78 60 58 88
0 80 60 58 88
0 78 60 58 88
0 76 60 58 88
0 75 60 58 88
0 76 60 58 88
0 71 60 58 88
0 73 60 58 88
0 74 60 58 88
0 73 60 58 88
0 68 60 58 88
0 69 60 58 88
0 71 60 58 88
0 69 60 58 88
0 74 60 58 88
0 73 60 58 88
0 71 60 58 88
0 73 60 58 88
0 71 60 58 88
0 69 60 58 88
0 68 60 58 88
0 69 60 58 88
0 64 60 58 88
0 66 60 58 88
0 67 60 58 88
0 66 60 58 88
0 69 60 58 88
0 71 60 58 88
0 73 60 58 88
0 74 300 294 88
0 68 60 58 88
0 69 60 58 88
0 71 60 58 88
0 73 60 58 88
0 71 60 58 88
0 69 60 58 88
0 73 60 58 88
0 71 60 58 88
0 74 60 58 88
0 73 180 175 88
0 76 60 58 88
0 74 180 175 88
0 78 60 58 88
0 76 60 58 88
0 75 60 58 88
0 76 60 58 88
0 71 60 58 88
0 73 60 58 88
0 74 60 58 88
0 73 180 175 88
0 71 60 58 88
0 69 15 15 88
0 68 23 22 88
0 69 22 21 88
0 68 15 15 88
0 69 15 15 88
0 68 15 15 88
0 69 15 15 88
0 68 60 58 88
0 69 60 44 88
1 0 1560 0 0
1 64 60 58 88
1 66 60 58 88
1 68 60 58 88
1 66 60 58 88
1 64 60 58 88
1 68 60 58 88
1 66 60 58 88
1 69 60 58 88
1 68 180 175 88
1 71 60 58 88
1 69 180 175 88
1 73 60 58 88
1 71 60 58 88
1 69 60 58 88
1 71 60 58 88
1 66 60 58 88
1 68 60 58 88
1 69 60 58 88
1 68 60 58 88
1 71 60 58 88
1 69 60 58 88
1 68 60 58 88
1 69 60 58 88
1 64 60 58 88
1 66 60 58 88
1 67 60 58 88
1 66 60 58 88
1 69 60 58 88
1 68 60 58 88
1 66 60 58 88
1 68 60 58 88
1 63 60 58 88
1 64 60 58 88
1 66 60 58 88
1 64 360 353 88
1 66 120 116 88
1 68 180 164 88
1 68 60 58 88
1 69 180 164 88
1 69 60 58 88
1 71 360 234 88
1 68 120 116 88
1 69 120 116 88
1 68 120 116 88
1 69 120 116 88
1 71 120 116 88
1 71 300 294 88
1 69 60 58 88
1 68 60 58 88
1 71 60 58 88
1 69 60 58 88
1 66 60 58 88
1 71 180 175 88
1 68 60 58 88
1 73 240 236 88
1 66 300 284 88
1 66 60 58 88
1 64 420 404 88
1 64 60 58 88
1 63 420 412 88
1 62 60 58 88
1 61 360 353 88
1 63 120 116 88
1 65 180 164 88
1 65 60 58 88
1 66 180 164 88
1 66 60 58 88
1 68 540 234 88
1 68 60 58 88
1 66 60 58 88
1 65 60 58 88
1 66 60 58 88
1 61 60 58 88
1 63 60 58 88
1 64 60 58 88
1 63 540 538 88
1 56 60 58 88
1 61 60 58 88
1 63 60 58 88
1 64 60 58 88
1 63 60 58 88
1 61 60 58 88
1 64 60 58 88
1 63 60 58 88
1 66 60 58 88
1 64 180 175 88
1 68 60 58 88
1 66 180 178 88
1 69 60 58 88
1 68 60 58 88
1 66 60 58 88
1 68 60 58 88
1 63 60 58 88
1 64 60 58 88
1 66 60 58 88
1 64 180 175 88
1 56 60 58 88
1 58 120 116 88
1 60 120 116 88
1 61 60 58 88
1 63 60 58 88
1 61 60 58 88
1 60 60 58 88
1 61 60 58 88
1 56 60 58 88
1 58 60 58 88
1 59 60 58 88
1 58 540 116 88
1 73 60 58 88
1 71 60 58 88
1 70 60 58 88
1 71 60 58 88
1 66 60 58 88
1 68 60 58 88
1 69 60 58 88
1 68 480 470 88
1 69 1140 116 88
1 66 60 58 88
1 67 420 412 88
1 65 60 58 88
1 66 420 415 88
1 63 60 58 88
1 64 360 353 88
1 62 60 58 88
1 61 60 58 88
1 59 60 58 88
1 58 60 58 88
1 56 60 58 88
1 54 60 58 88
1 62 60 58 88
1 61 60 58 88
1 59 60 58 88
1 58 60 58 88
1 59 60 58 88
1 64 60 58 88
1 62 60 58 88
1 61 60 58 88
1 62 60 58 88
1 74 60 58 88
1 73 60 58 88
1 71 60 58 88
1 73 60 58 88
1 68 60 58 88
1 69 60 58 88
1 71 60 58 88
1 69 360 353 88
1 71 120 116 88
1 73 180 164 88
1 73 60 58 88
1 74 180 175 88
1 75 60 58 88
1 76 540 524 88
1 76 60 58 88
1 74 60 58 88
1 73 60 58 88
1 74 60 58 88
1 69 60 58 88
1 71 60 58 88
1 73 60 58 88
1 71 540 524 88
1 71 60 58 88
1 69 60 58 88
1 68 60 58 88
1 69 60 58 88
1 64 60 58 88
1 66 60 58 88
1 67 60 58 88
1 66 540 531 88
1 59 60 58 88
1 64 60 58 88
1 66 60 58 88
1 68 60 58 88
1 66 60 58 88
1 64 60 58 88
1 67 60 58 88
1 66 60 58 88
1 69 60 58 88
1 68 180 175 88
1 71 60 58 88
1 69 180 175 88
1 73 60 58 88
1 71 60 58 88
1 69 60 58 88
1 71 60 58 88
1 66 60 58 88
1 68 60 58 88
1 69 60 58 88
1 68 60 58 88
1 69 60 58 88
1 68 60 58 88
1 66 60 58 88
1 68 60 58 88
1 63 60 58 88
1 64 60 58 88
1 66 60 58 88
1 64 540 116 88
1 62 60 58 88
1 61 60 58 88
1 59 60 58 88
1 61 60 58 88
1 56 60 58 88
1 57 60 58 88
1 59 60 58 88
1 57 780 116 88
1 69 60 58 88
1 68 60 58 88
1 66 60 58 88
1 64 420 412 88
1 66 60 58 88
1 68 180 164 88
1 68 60 58 88
1 69 180 164 88
1 69 60 58 88
1 71 540 234 88
1 69 60 58 88
1 68 60 58 88
1 66 60 58 88
1 64 60 58 88
1 62 60 58 88
1 61 60 58 88
1 59 60 58 88
2 0 120 0 0
2 57 60 58 88
2 59 60 58 88
2 61 60 58 88
2 59 60 58 88
2 57 60 58 88
2 61 60 58 88
2 59 60 58 88
2 62 60 58 88
2 61 180 175 88
2 64 60 58 88
2 62 180 178 88
2 66 60 58 88
2 64 60 58 88
2 62 60 58 88
2 64 60 58 88
2 59 60 58 88
2 61 60 58 88
2 62 60 58 88
2 61 120 116 88
2 57 120 116 88
2 59 120 116 88
2 61 120 116 88
2 62 120 116 88
2 59 60 58 88
2 64 60 58 88
2 61 120 116 88
2 66 60 58 88
2 61 60 58 88
2 63 120 116 88
2 64 240 234 88
2 63 120 116 88
2 64 180 175 88
2 59 60 58 88
2 61 120 116 88
2 57 120 116 88
2 62 180 175 88
2 57 60 58 88
2 59 120 116 88
2 56 120 116 88
2 61 60 58 88
2 62 60 58 88
2 61 60 58 88
2 59 60 58 88
2 57 180 164 88
2 57 60 58 88
2 64 180 175 88
2 52 60 58 88
2 54 180 175 88
2 66 60 58 88
2 68 360 234 88
2 64 120 116 88
2 57 120 116 88
2 59 120 116 88
2 61 120 116 88
2 63 120 116 88
2 64 120 116 88
2 52 60 58 88
2 54 60 58 88
2 56 60 58 88
2 54 60 58 88
2 52 60 58 88
2 56 60 58 88
2 54 60 58 88
2 57 60 58 88
2 56 180 175 88
2 59 60 58 88
2 57 180 178 88
2 61 60 58 88
2 59 60 58 88
2 57 60 58 88
2 59 60 58 88
2 54 60 58 88
2 56 60 58 88
2 57 60 58 88
2 56 60 58 88
2 59 60 58 88
2 57 60 58 88
2 56 60 58 88
2 57 60 58 88
2 52 60 58 88
2 54 60 58 88
2 56 60 58 88
2 54 60 58 88
2 57 60 58 88
2 56 60 58 88
2 54 60 58 88
2 56 60 58 88
2 51 60 58 88
2 53 60 58 88
2 54 60 58 88
2 53 60 58 88
2 49 60 58 88
2 51 60 58 88
2 53 60 58 88
2 54 180 164 88
2 54 60 58 88
2 61 180 175 88
2 49 60 58 88
2 50 180 175 88
2 51 60 58 88
2 52 180 175 88
2 56 60 58 88
2 53 120 116 88
2 49 120 116 88
2 54 180 175 88
2 56 60 58 88
2 57 120 116 88
2 54 120 116 88
2 47 180 175 88
2 49 60 58 88
2 51 120 116 88
2 47 120 116 88
2 52 180 175 88
2 51 60 58 88
2 49 180 175 88
2 61 60 58 88
2 60 60 58 88
2 56 60 58 88
2 61 60 58 88
2 59 60 58 88
2 57 60 58 88
2 56 60 58 88
2 57 60 58 88
2 54 60 58 88
2 56 180 175 88
2 51 60 58 88
2 48 120 116 88
2 44 120 116 88
2 49 1140 596 88
2 61 60 58 88
2 58 120 116 88
2 54 120 116 88
2 59 180 175 88
2 54 60 58 88
2 50 120 116 88
2 47 120 116 88
2 52 180 175 88
2 47 60 58 88
2 44 120 116 88
2 40 120 116 88
2 33 60 58 88
2 40 60 58 88
2 45 60 58 88
2 47 60 58 88
2 49 60 58 88
2 47 60 58 88
2 45 60 58 88
2 49 60 58 88
2 47 60 58 88
2 50 60 58 88
2 49 180 175 88
2 52 60 58 88
2 50 180 178 88
2 54 60 58 88
2 52 60 58 88
2 51 60 58 88
2 52 60 58 88
2 47 60 58 88
2 49 60 58 88
2 50 60 58 88
2 49 60 58 88
2 52 60 58 88
2 50 60 58 88
2 49 60 58 88
2 50 60 58 88
2 45 60 58 88
2 47 60 58 88
2 49 60 58 88
2 47 60 58 88
2 50 60 58 88
2 49 60 58 88
2 47 60 58 88
2 49 60 58 88
2 44 60 58 88
2 46 60 58 88
2 47 60 58 88
2 46 60 58 88
2 42 60 58 88
2 44 60 58 88
2 46 60 58 88
2 44 60 58 88
2 49 60 58 88
2 47 60 58 88
2 46 60 58 88
2 47 60 58 88
2 49 60 58 88
2 50 60 58 88
2 52 60 58 88
2 50 60 58 88
2 55 60 58 88
2 54 60 58 88
2 52 60 58 88
2 54 60 58 88
2 56 60 58 88
2 57 60 58 88
2 59 60 58 88
2 57 60 58 88
2 62 60 58 88
2 61 60 58 88
2 59 60 58 88
2 61 60 58 88
2 57 60 58 88
2 59 60 58 88
2 61 60 58 88
2 62 180 175 88
2 50 60 58 88
2 57 180 175 88
2 58 60 58 88
2 59 180 175 88
2 47 60 58 88
2 48 180 175 88
2 60 60 58 88
2 61 180 175 88
2 57 60 58 88
2 62 60 58 88
2 61 60 58 88
2 59 60 58 88
2 57 60 58 88
2 59 60 58 88
2 54 60 58 88
2 56 60 58 88
2 57 60 58 88
2 56 60 58 88
2 57 60 58 88
2 56 60 58 88
2 54 60 58 88
2 56 60 58 88
2 59 60 58 88
2 57 60 58 88
2 56 60 58 88
2 57 60 58 88
2 56 60 58 88
2 54 60 58 88
2 52 60 58 88
2 54 60 58 88
2 49 60 58 88
2 51 60 58 88
2 52 60 58 88
2 51 60 58 88
2 52 60 58 88
2 51 60 58 88
2 49 60 58 88
2 51 60 58 88
2 54 60 58 88
2 52 60 58 88
2 51 60 58 88
2 52 180 175 88
2 40 60 58 88
2 52 180 175 88
2 46 60 58 88
2 47 180 175 88
2 59 60 58 88
2 61 180 175 88
2 49 60 58 88
2 50 180 175 88
2 62 60 58 88
2 63 180 175 88
2 51 60 58 88
2 52 540 116 88
2 54 60 58 88
2 56 60 58 88
2 57 60 58 88
2 56 60 58 88
2 59 60 58 88
2 57 60 58 88
2 56 60 58 88
2 57 540 234 88
2 47 60 58 88
2 49 60 58 88
2 50 60 58 88
2 49 60 58 88
2 52 60 58 88
2 50 60 58 88
2 49 60 58 88
2 50 60 58 88
2 49 60 58 88
2 47 60 58 88
2 45 60 58 88
2 47 60 58 88
2 42 60 58 88
2 44 60 58 88
2 45 60 58 88
2 44 60 58 88
2 40 60 58 88
2 42 60 58 88
2 44 60 58 88
2 45 60 58 88
2 47 60 58 88
2 49 60 58 88
2 45 60 58 88
2 52 180 175 88
2 40 60 58 88
2 42 180 175 88
2 54 60 58 88
2 56 60 58 88
2 57 60 58 88
2 56 60 58 88
2 54 60 58 88
2 52 60 58 88
2 50 60 58 88
2 49 60 58 88
2 47 60 58 88
2 45 120 116 88
2 50 120 116 88
2 52 240 234 88
