0 0 3240 0 0
0 66 120 116 88
0 64 120 116 88
0 61 120 116 88
0 69 360 356 88
0 68 60 58 88
0 66 60 58 88
0 68 360 353 88
0 73 120 116 88
0 66 360 356 88
0 64 60 58 88
0 63 60 58 88
0 64 120 116 88
0 61 120 116 88
0 63 480 470 88
0 61 120 116 88
0 73 120 116 88
0 66 360 353 88
0 71 120 116 88
0 64 360 356 88
0 69 240 234 88
0 68 240 234 88
0 66 240 234 88
0 65 120 116 88
0 66 360 234 88
0 71 120 116 88
0 68 120 116 88
0 64 240 116 88
0 69 120 116 88
0 66 120 116 88
0 63 240 116 88
0 68 120 116 88
0 65 120 116 88
0 61 120 116 88
0 66 480 474 88
0 65 240 234 88
0 66 120 116 88
0 69 120 116 88
0 71 120 116 88
0 74 240 116 88
0 68 120 116 88
0 69 120 116 88
0 73 240 116 88
0 66 60 58 88
0 68 60 58 88
0 69 23 22 88
0 68 22 21 88
0 69 23 22 88
0 68 22 21 88
0 69 23 22 88
0 68 22 21 88
0 69 23 22 88
0 68 22 21 88
0 66 30 29 88
0 68 30 29 88
0 69 360 234 88
0 75 120 116 88
0 72 120 116 88
0 68 240 116 88
0 73 120 116 88
0 78 240 234 88
0 75 240 234 88
0 80 120 116 88
0 76 120 116 88
0 78 120 116 88
0 81 240 116 88
0 74 120 116 88
0 76 120 116 88
0 80 240 116 88
0 73 120 116 88
0 71 120 116 88
0 69 120 116 88
0 68 360 234 88
0 73 120 116 88
0 69 120 116 88
0 66 120 116 88
0 74 360 356 88
0 73 60 58 88
0 71 60 58 88
0 73 360 353 88
0 78 120 116 88
0 71 360 356 88
0 69 60 58 88
0 68 60 58 88
0 69 120 116 88
0 66 120 116 88
0 68 480 470 88
0 66 360 353 88
0 71 120 116 88
0 64 120 116 88
0 68 120 116 88
0 69 120 116 88
0 73 120 116 88
0 66 240 234 88
0 69 23 22 88
0 68 26 25 88
0 69 26 25 88
0 68 26 25 88
0 69 27 26 88
0 68 22 21 88
0 69 23 22 88
0 68 22 21 88
0 66 23 22 88
0 68 22 21 88
0 69 1080 234 88
0 74 120 116 88
0 73 180 175 88
0 71 60 58 88
0 70 120 116 88
0 66 120 116 88
0 71 480 470 88
0 70 120 116 88
0 69 240 236 88
0 71 120 116 88
0 69 180 175 88
0 68 60 58 88
0 66 480 470 88
0 64 360 353 88
0 69 120 116 88
0 71 360 353 88
0 68 120 116 88
0 73 360 353 88
0 69 120 116 88
0 74 600 582 88
0 74 120 116 88
0 73 180 175 88
0 71 60 58 88
0 69 240 234 88
0 78 360 356 88
0 76 120 116 88
0 74 180 175 88
0 73 60 58 88
0 74 120 116 88
0 71 120 116 88
0 76 360 356 88
0 78 120 116 88
0 74 120 116 88
0 71 120 116 88
0 73 360 234 88
0 70 120 116 88
0 71 120 116 88
0 74 120 116 88
0 73 180 175 88
0 71 60 58 88
0 69 360 353 88
0 74 120 116 88
0 67 360 353 88
0 73 120 116 88
0 66 600 234 88
0 65 120 116 88
0 66 120 116 88
0 69 120 116 88
0 63 120 116 88
0 66 120 116 88
0 71 360 356 88
0 69 60 58 88
0 68 60 58 88
0 69 120 116 88
0 73 120 116 88
0 66 120 116 88
0 69 120 116 88
0 74 360 342 88
0 74 120 116 88
0 73 180 175 88
0 71 60 58 88
0 69 600 596 88
0 68 60 58 88
0 66 60 58 88
0 68 120 116 88
0 63 120 116 88
0 64 120 116 88
0 76 120 116 88
0 75 180 175 88
0 73 60 58 88
0 72 120 116 88
0 78 120 116 88
0 76 120 116 88
0 75 120 116 88
0 76 360 353 88
0 75 60 58 88
0 73 60 58 88
0 80 120 116 88
0 72 120 116 88
0 73 480 462 88
0 73 30 29 88
0 72 30 29 88
0 73 30 29 88
0 72 30 29 88
0 73 30 29 88
0 72 30 29 88
0 70 30 29 88
0 72 30 29 88
0 73 360 234 88
0 73 120 116 88
0 71 60 58 88
0 73 60 58 88
0 71 60 58 88
0 69 60 58 88
0 71 60 58 88
0 69 60 58 88
0 68 60 58 88
0 71 60 58 88
0 69 60 58 88
0 71 60 58 88
0 69 60 58 88
0 68 60 58 88
0 69 60 58 88
0 68 60 58 88
0 66 60 58 88
0 69 60 58 88
0 68 120 116 88
0 73 120 116 88
0 66 120 116 88
0 70 120 116 88
0 71 120 116 88
0 66 120 116 88
0 71 480 470 88
0 69 480 474 88
0 68 480 470 88
0 66 240 234 88
0 68 120 116 88
0 72 120 116 88
0 73 120 116 88
0 76 240 116 88
0 76 120 116 88
0 75 120 116 88
0 78 240 236 88
0 72 120 116 88
0 73 360 353 88
0 67 120 116 88
0 68 360 356 88
0 70 120 116 88
0 63 120 116 88
0 67 120 116 88
0 68 300 234 88
0 69 60 58 88
0 71 60 58 88
0 68 60 58 88
0 69 60 58 88
0 71 60 58 88
0 69 60 58 88
0 68 60 58 88
0 69 60 58 88
0 68 60 58 88
0 66 60 58 88
0 69 60 58 88
0 68 60 58 88
0 69 60 58 88
0 71 60 58 88
0 68 60 58 88
0 73 360 342 88
0 73 120 116 88
0 71 300 282 88
0 71 60 58 88
0 69 60 58 88
0 68 60 58 88
0 69 60 58 88
0 71 60 58 88
0 73 60 58 88
0 69 60 58 88
0 74 60 58 88
0 76 60 58 88
0 74 60 58 88
0 73 60 58 88
0 74 60 58 88
0 73 60 58 88
0 71 60 58 88
0 74 60 58 88
0 73 60 58 88
0 74 60 58 88
0 73 60 58 88
0 71 60 58 88
0 73 60 58 88
0 71 60 58 88
0 69 60 58 88
0 73 60 58 88
0 71 540 531 88
0 68 60 58 88
0 70 60 58 88
0 71 60 58 88
0 70 60 58 88
0 71 60 58 88
0 73 60 58 88
0 70 60 58 88
0 71 60 58 88
0 70 60 58 88
0 71 60 58 88
0 73 60 58 88
0 71 60 58 88
0 73 60 58 88
0 74 60 58 88
0 71 60 58 88
0 73 60 58 88
0 71 60 58 88
0 73 60 58 88
0 74 60 58 88
0 73 60 58 88
0 74 60 58 88
0 76 60 58 88
0 73 60 58 88
0 74 60 58 88
0 76 60 58 88
0 74 60 58 88
0 73 60 58 88
0 74 60 58 88
0 73 60 58 88
0 71 60 58 88
0 74 60 58 88
0 67 540 522 88
0 67 60 58 88
0 66 60 58 88
0 64 60 58 88
0 66 60 58 88
0 64 60 58 88
0 62 60 58 88
0 66 60 58 88
0 59 240 234 88
0 62 23 22 88
0 61 26 25 88
0 62 26 25 88
0 61 26 25 88
0 62 27 26 88
0 61 22 21 88
0 62 23 22 88
0 61 22 21 88
0 59 23 22 88
0 61 22 21 88
0 62 120 116 88
0 66 120 116 88
0 71 360 353 88
0 70 60 58 88
0 68 60 58 88
0 70 240 234 88
0 71 360 234 88
0 76 120 116 88
0 69 360 353 88
0 74 120 116 88
0 67 360 353 88
0 72 120 116 88
0 70 120 116 88
0 66 180 175 88
0 71 60 58 88
0 73 60 58 88
0 74 60 58 88
0 65 120 116 88
0 73 120 116 88
0 66 360 353 88
0 65 60 58 88
0 66 60 58 88
0 68 60 58 88
0 69 60 58 88
0 71 60 58 88
0 68 60 58 88
0 71 60 58 88
0 69 60 58 88
0 68 60 58 88
0 66 60 58 88
0 74 360 353 88
0 73 60 58 88
0 71 60 58 88
0 73 360 356 88
0 78 120 116 88
0 71 360 353 88
0 69 60 58 88
0 68 60 58 88
0 69 120 116 88
0 66 120 116 88
0 68 480 470 88
0 66 120 116 88
0 73 120 116 88
0 78 120 116 88
0 81 120 116 88
0 80 600 590 88
0 81 120 116 88
0 80 120 116 88
0 78 120 116 88
0 76 600 582 88
0 76 120 116 88
0 75 120 116 88
0 78 120 116 88
0 72 360 353 88
0 75 120 116 88
0 68 360 234 88
0 73 120 116 88
0 71 60 58 88
0 73 60 58 88
0 71 60 58 88
0 69 60 58 88
0 71 60 58 88
0 69 60 58 88
0 68 60 58 88
0 71 60 58 88
0 69 60 58 88
0 71 60 58 88
0 69 60 58 88
0 68 60 58 88
0 69 60 58 88
0 68 60 58 88
0 66 60 58 88
0 69 60 58 88
0 68 60 58 88
0 69 60 58 88
0 68 60 58 88
0 66 60 58 88
0 68 60 58 88
0 66 60 58 88
0 64 60 58 88
0 68 60 58 88
0 66 60 58 88
0 68 60 58 88
0 66 60 58 88
0 64 60 58 88
0 66 60 58 88
0 64 60 58 88
0 63 60 58 88
0 66 60 58 88
0 64 600 234 88
0 67 120 116 88
0 66 120 116 88
0 64 120 116 88
0 62 600 234 88
0 66 120 116 88
0 64 120 116 88
0 62 120 116 88
0 61 360 342 88
0 61 120 116 88
0 66 360 353 88
0 65 60 58 88
0 66 60 58 88
0 68 120 116 88
0 66 60 58 88
0 68 60 58 88
0 69 600 116 88
0 73 120 116 88
0 69 120 116 88
0 66 120 116 88
0 74 360 353 88
0 73 60 58 88
0 71 60 58 88
0 73 360 356 88
0 78 120 116 88
0 71 360 353 88
0 69 60 58 88
0 68 60 58 88
0 69 120 116 88
0 66 120 116 88
0 68 540 531 88
0 66 120 116 88
0 65 120 116 88
0 66 120 116 88
0 68 60 58 88
0 61 120 116 88
0 66 240 222 88
0 66 11 11 88
0 65 15 13 88
0 66 12 11 88
0 65 11 10 88
0 66 11 11 88
0 65 60 58 88
1 0 360 0 0
1 61 120 116 88
1 57 120 116 88
1 54 120 116 88
1 62 360 356 88
1 61 60 58 88
1 59 60 58 88
1 61 360 353 88
1 66 120 116 88
1 59 360 356 88
1 57 60 58 88
1 56 60 58 88
1 57 120 116 88
1 54 120 116 88
1 56 480 470 88
1 54 120 116 88
1 56 120 116 88
1 57 120 116 88
1 59 120 116 88
1 61 360 234 88
1 63 120 116 88
1 64 360 234 88
1 64 120 116 88
1 58 360 234 88
1 60 120 116 88
1 61 360 234 88
1 61 240 234 88
1 60 60 58 88
1 58 60 58 88
1 60 120 116 88
1 56 120 116 88
1 64 360 353 88
1 57 120 116 88
1 62 360 353 88
1 56 120 116 88
1 61 240 234 88
1 59 240 234 88
1 57 240 234 88
1 56 240 234 88
1 54 720 234 88
1 52 240 234 88
1 57 240 234 88
1 62 120 116 88
1 59 120 116 88
1 56 360 234 88
1 57 120 116 88
1 59 120 116 88
1 62 240 116 88
1 56 120 116 88
1 57 120 116 88
1 61 240 116 88
1 54 120 116 88
1 56 120 116 88
1 59 240 116 88
1 57 120 116 88
1 62 240 234 88
1 59 240 234 88
1 64 120 116 88
1 61 120 116 88
1 63 120 116 88
1 66 240 116 88
1 60 120 116 88
1 61 120 116 88
1 64 240 116 88
1 58 60 58 88
1 60 60 58 88
1 61 23 22 88
1 60 22 21 88
1 61 23 22 88
1 60 22 21 88
1 61 23 22 88
1 60 22 21 88
1 61 23 22 88
1 60 22 21 88
1 58 30 29 88
1 60 30 29 88
1 61 360 234 88
1 66 120 116 88
1 62 120 116 88
1 59 240 116 88
1 64 120 116 88
1 61 120 116 88
1 57 240 116 88
1 62 60 58 88
1 61 60 58 88
1 59 120 116 88
1 57 120 116 88
1 56 240 234 88
1 54 360 234 88
1 71 120 116 88
1 64 360 342 88
1 64 120 116 88
1 69 360 353 88
1 68 60 58 88
1 66 60 58 88
1 68 120 116 88
1 65 120 116 88
1 66 360 353 88
1 64 60 58 88
1 63 60 58 88
1 64 360 356 88
1 62 60 58 88
1 61 60 58 88
1 62 480 470 88
1 61 360 356 88
1 62 120 116 88
1 59 120 116 88
1 64 120 116 88
1 61 600 234 88
1 61 120 116 88
1 59 180 175 88
1 57 60 58 88
1 56 360 353 88
1 61 120 116 88
1 54 120 116 88
1 66 120 116 88
1 64 180 175 88
1 62 60 58 88
1 61 120 116 88
1 67 120 116 88
1 66 180 175 88
1 64 60 58 88
1 63 120 116 88
1 59 120 116 88
1 64 480 470 88
1 63 120 116 88
1 62 240 236 88
1 61 60 58 88
1 59 60 58 88
1 61 120 116 88
1 66 120 116 88
1 62 120 116 88
1 59 120 116 88
1 64 360 356 88
1 61 120 116 88
1 66 360 353 88
1 69 120 116 88
1 68 180 175 88
1 66 60 58 88
1 64 120 116 88
1 71 120 116 88
1 69 120 116 88
1 68 120 116 88
1 66 120 116 88
1 64 120 116 88
1 62 120 116 88
1 61 120 116 88
1 59 240 234 88
1 66 360 353 88
1 62 120 116 88
1 61 180 175 88
1 59 60 58 88
1 58 120 116 88
1 54 120 116 88
1 59 480 470 88
1 58 120 116 88
1 66 120 116 88
1 62 120 116 88
1 59 120 116 88
1 67 360 353 88
1 66 60 58 88
1 64 60 58 88
1 66 360 356 88
1 71 120 116 88
1 64 360 353 88
1 62 60 58 88
1 61 60 58 88
1 62 120 116 88
1 59 120 116 88
1 61 480 470 88
1 59 360 353 88
1 68 120 116 88
1 64 480 470 88
1 62 360 353 88
1 71 120 116 88
1 68 120 116 88
1 65 240 116 88
1 68 240 234 88
1 66 60 58 88
1 65 60 58 88
1 66 120 116 88
1 63 120 116 88
1 60 480 470 88
1 61 600 116 88
1 75 120 116 88
1 73 180 175 88
1 72 60 58 88
1 73 120 116 88
1 71 120 116 88
1 69 120 116 88
1 66 120 116 88
1 60 120 116 88
1 63 120 116 88
1 56 120 116 88
1 68 120 116 88
1 66 60 58 88
1 68 60 58 88
1 66 60 58 88
1 64 60 58 88
1 66 60 58 88
1 64 60 58 88
1 63 60 58 88
1 66 60 58 88
1 64 60 58 88
1 66 60 58 88
1 64 60 58 88
1 63 60 58 88
1 64 60 58 88
1 63 60 58 88
1 61 60 58 88
1 64 60 58 88
1 63 120 116 88
1 68 120 116 88
1 61 120 116 88
1 65 120 116 88
1 66 60 58 88
1 62 60 58 88
1 61 60 58 88
1 59 60 58 88
1 61 60 58 88
1 57 60 58 88
1 62 240 234 88
1 56 120 116 88
1 58 120 116 88
1 61 120 116 88
1 54 360 116 88
1 66 120 116 88
1 64 60 58 88
1 66 60 58 88
1 64 60 58 88
1 63 60 58 88
1 64 60 58 88
1 63 60 58 88
1 61 60 58 88
1 64 60 58 88
1 63 60 58 88
1 64 60 58 88
1 63 60 58 88
1 61 60 58 88
1 63 60 58 88
1 61 60 58 88
1 60 60 58 88
1 63 60 58 88
1 61 60 58 88
1 63 60 58 88
1 61 60 58 88
1 60 60 58 88
1 61 60 58 88
1 64 60 58 88
1 63 60 58 88
1 61 60 58 88
1 60 120 116 88
1 63 120 116 88
1 64 120 116 88
1 68 240 116 88
1 68 120 116 88
1 66 120 116 88
1 69 240 236 88
1 68 60 58 88
1 66 60 58 88
1 68 120 116 88
1 70 120 116 88
1 63 60 58 88
1 64 60 58 88
1 63 60 58 88
1 61 60 58 88
1 63 60 58 88
1 61 60 58 88
1 59 60 58 88
1 63 60 58 88
1 61 60 58 88
1 63 60 58 88
1 61 60 58 88
1 59 60 58 88
1 61 60 58 88
1 59 60 58 88
1 58 60 58 88
1 61 60 58 88
1 59 60 58 88
1 61 60 58 88
1 63 60 58 88
1 59 60 58 88
1 64 480 474 88
1 63 240 234 88
1 64 300 234 88
1 71 60 58 88
1 69 60 58 88
1 68 60 58 88
1 66 360 342 88
1 66 120 116 88
1 64 600 234 88
1 69 120 116 88
1 68 360 353 88
1 61 120 116 88
1 66 300 298 88
1 69 60 58 88
1 68 60 58 88
1 66 60 58 88
1 68 60 58 88
1 66 60 58 88
1 65 60 58 88
1 68 60 58 88
1 66 120 116 88
1 61 120 116 88
1 62 360 356 88
1 63 120 116 88
1 64 360 353 88
1 65 120 116 88
1 66 780 762 88
1 66 60 58 88
1 64 60 58 88
1 62 60 58 88
1 64 60 58 88
1 62 60 58 88
1 61 60 58 88
1 64 60 58 88
1 57 540 522 88
1 57 60 58 88
1 55 60 58 88
1 54 60 58 88
1 55 60 58 88
1 54 60 58 88
1 52 60 58 88
1 55 60 58 88
1 54 360 116 88
1 59 120 116 88
1 64 360 234 88
1 66 120 116 88
1 62 120 116 88
1 59 120 116 88
1 67 360 353 88
1 66 60 58 88
1 64 60 58 88
1 66 360 356 88
1 71 120 116 88
1 64 360 353 88
1 62 60 58 88
1 61 60 58 88
1 62 120 116 88
1 59 120 116 88
1 61 480 470 88
1 59 780 234 88
1 73 60 58 88
1 71 60 58 88
1 69 60 58 88
1 68 300 294 88
1 71 60 58 88
1 69 60 58 88
1 68 60 58 88
1 66 120 116 88
1 69 120 116 88
1 68 180 175 88
1 66 60 58 88
1 65 120 116 88
1 61 120 116 88
1 66 480 462 88
1 66 23 22 88
1 65 26 25 88
1 66 26 25 88
1 65 26 25 88
1 66 27 26 88
1 65 22 21 88
1 66 23 22 88
1 65 22 21 88
1 63 23 22 88
1 65 22 21 88
1 66 600 234 88
1 68 120 116 88
1 73 120 116 88
1 76 120 116 88
1 75 600 596 88
1 68 120 116 88
1 73 120 116 88
1 71 120 116 88
1 69 600 596 88
1 63 120 116 88
1 68 120 116 88
1 66 180 162 88
1 66 60 58 88
1 64 60 58 88
1 63 60 58 88
1 61 60 58 88
1 63 60 58 88
1 64 60 58 88
1 61 60 58 88
1 63 360 234 88
1 64 120 116 88
1 61 120 116 88
1 64 120 116 88
1 63 180 175 88
1 61 60 58 88
1 60 120 116 88
1 56 120 116 88
1 61 480 462 88
1 61 30 29 88
1 60 30 29 88
1 61 30 29 88
1 60 30 29 88
1 61 30 29 88
1 60 30 29 88
1 58 30 29 88
1 60 30 29 88
1 61 120 116 88
1 56 120 116 88
1 61 120 116 88
1 64 120 116 88
1 58 240 234 88
1 59 120 116 88
1 61 240 236 88
1 54 120 116 88
1 59 120 116 88
1 62 120 116 88
1 56 240 234 88
1 57 120 116 88
1 59 240 236 88
1 57 60 58 88
1 56 60 58 88
1 57 360 353 88
1 59 60 58 88
1 61 60 58 88
1 62 300 298 88
1 61 60 58 88
1 63 60 58 88
1 65 60 58 88
1 66 60 58 88
1 68 60 58 88
1 69 60 58 88
1 66 60 58 88
1 71 60 58 88
1 73 60 58 88
1 71 60 58 88
1 69 60 58 88
1 71 60 58 88
1 69 60 58 88
1 68 60 58 88
1 69 60 58 88
1 66 360 116 88
1 66 120 116 88
1 64 60 58 88
1 66 60 58 88
1 64 60 58 88
1 62 60 58 88
1 64 60 58 88
1 62 60 58 88
1 61 60 58 88
1 64 60 58 88
1 62 60 58 88
1 64 60 58 88
1 62 60 58 88
1 61 60 58 88
1 62 60 58 88
1 61 60 58 88
1 59 60 58 88
1 62 60 58 88
1 61 60 58 88
1 62 60 58 88
1 61 60 58 88
1 59 60 58 88
1 61 60 58 88
1 59 60 58 88
1 57 60 58 88
1 61 60 58 88
1 59 60 58 88
1 61 60 58 88
1 59 60 58 88
1 57 60 58 88
1 59 60 58 88
1 57 60 58 88
1 56 60 58 88
1 59 60 58 88
1 57 120 116 88
1 59 120 116 88
1 61 120 116 88
1 62 120 116 88
1 57 240 234 88
1 56 240 234 88
2 0 7560 0 0
2 49 120 116 88
2 45 120 116 88
2 42 120 116 88
2 50 360 353 88
2 49 60 58 88
2 47 60 58 88
2 49 360 356 88
2 54 120 116 88
2 47 360 353 88
2 45 60 58 88
2 44 60 58 88
2 45 120 116 88
2 42 120 116 88
2 44 480 470 88
2 42 240 234 88
2 50 480 474 88
2 49 240 234 88
2 47 360 234 88
2 52 120 116 88
2 49 120 116 88
2 45 120 116 88
2 54 480 470 88
2 52 240 234 88
2 51 360 234 88
2 56 120 116 88
2 52 120 116 88
2 49 120 116 88
2 57 480 474 88
2 56 360 353 88
2 49 120 116 88
2 54 480 462 88
2 54 23 22 88
2 53 30 29 88
2 54 30 29 88
2 53 22 21 88
2 54 23 22 88
2 53 22 21 88
2 54 23 22 88
2 53 22 21 88
2 51 23 22 88
2 53 22 21 88
2 54 120 116 88
2 57 120 116 88
2 59 120 116 88
2 62 120 116 88
2 56 120 116 88
2 52 120 116 88
2 57 120 116 88
2 61 120 116 88
2 54 120 116 88
2 51 120 116 88
2 56 120 116 88
2 59 120 116 88
2 53 120 116 88
2 49 120 116 88
2 54 120 116 88
2 57 120 116 88
2 59 120 116 88
2 56 120 116 88
2 61 120 116 88
2 59 120 116 88
2 58 120 116 88
2 54 120 116 88
2 59 120 116 88
2 57 120 116 88
2 56 120 116 88
2 52 120 116 88
2 54 120 116 88
2 57 120 116 88
2 50 120 116 88
2 47 120 116 88
2 52 120 116 88
2 40 120 116 88
2 45 120 116 88
2 57 120 116 88
2 56 180 175 88
2 54 60 58 88
2 53 120 116 88
2 49 120 116 88
2 54 480 470 88
2 53 120 116 88
2 52 240 236 88
2 50 120 116 88
2 49 120 116 88
2 47 120 116 88
2 52 120 116 88
2 49 120 116 88
2 54 120 116 88
2 42 120 116 88
2 47 360 234 88
2 49 120 116 88
2 45 120 116 88
2 61 120 116 88
2 59 180 175 88
2 57 60 58 88
2 56 120 116 88
2 52 120 116 88
2 57 480 470 88
2 56 120 116 88
2 52 120 116 88
2 57 360 353 88
2 54 120 116 88
2 59 360 353 88
2 56 120 116 88
2 61 600 582 88
2 61 120 116 88
2 59 180 175 88
2 57 60 58 88
2 56 240 234 88
2 58 240 234 88
2 59 240 234 88
2 55 240 234 88
2 54 360 234 88
2 55 120 116 88
2 52 120 116 88
2 49 120 116 88
2 54 480 474 88
2 52 120 116 88
2 50 120 116 88
2 49 120 116 88
2 45 120 116 88
2 50 120 116 88
2 49 120 116 88
2 47 120 116 88
2 50 120 116 88
2 49 180 175 88
2 47 60 58 88
2 46 120 116 88
2 42 120 116 88
2 47 360 356 88
2 45 60 58 88
2 44 60 58 88
2 45 360 353 88
2 44 60 58 88
2 42 60 58 88
2 44 120 116 88
2 40 120 116 88
2 49 120 116 88
2 37 120 116 88
2 49 360 353 88
2 47 60 58 88
2 45 60 58 88
2 47 120 116 88
2 44 120 116 88
2 41 120 116 88
2 56 120 116 88
2 53 120 116 88
2 49 120 116 88
2 54 120 116 88
2 56 120 116 88
2 57 120 116 88
2 54 120 116 88
2 56 120 116 88
2 44 240 116 88
2 56 120 116 88
2 52 120 116 88
2 49 120 116 88
2 57 360 356 88
2 56 60 58 88
2 54 60 58 88
2 56 360 353 88
2 61 120 116 88
2 54 360 356 88
2 52 60 58 88
2 51 60 58 88
2 52 120 116 88
2 49 120 116 88
2 51 240 234 88
2 56 240 234 88
2 49 1320 234 88
2 54 120 116 88
2 52 60 58 88
2 54 60 58 88
2 52 60 58 88
2 50 60 58 88
2 52 60 58 88
2 50 60 58 88
2 49 60 58 88
2 52 60 58 88
2 50 60 58 88
2 52 60 58 88
2 50 60 58 88
2 49 60 58 88
2 50 60 58 88
2 49 60 58 88
2 47 60 58 88
2 50 60 58 88
2 49 120 116 88
2 42 120 116 88
2 54 120 116 88
2 57 120 116 88
2 47 120 116 88
2 59 120 116 88
2 52 120 116 88
2 56 120 116 88
2 45 120 116 88
2 44 120 116 88
2 45 120 116 88
2 57 120 116 88
2 56 60 58 88
2 57 60 58 88
2 56 60 58 88
2 54 60 58 88
2 56 60 58 88
2 54 60 58 88
2 52 60 58 88
2 56 60 58 88
2 54 60 58 88
2 56 60 58 88
2 54 60 58 88
2 52 60 58 88
2 54 60 58 88
2 52 60 58 88
2 51 60 58 88
2 54 60 58 88
2 52 60 58 88
2 54 60 58 88
2 52 60 58 88
2 51 60 58 88
2 52 60 58 88
2 51 60 58 88
2 49 60 58 88
2 52 60 58 88
2 43 120 116 88
2 46 120 116 88
2 47 120 116 88
2 52 120 116 88
2 46 120 116 88
2 49 120 116 88
2 51 120 116 88
2 39 120 116 88
2 44 120 116 88
2 56 60 58 88
2 54 60 58 88
2 56 120 116 88
2 49 120 116 88
2 42 120 116 88
2 54 60 58 88
2 52 60 58 88
2 54 120 116 88
2 47 120 116 88
2 52 60 58 88
2 54 60 58 88
2 56 60 58 88
2 52 60 58 88
2 57 60 58 88
2 59 60 58 88
2 61 60 58 88
2 57 60 58 88
2 62 60 58 88
2 64 60 58 88
2 62 60 58 88
2 61 60 58 88
2 62 60 58 88
2 61 60 58 88
2 59 60 58 88
2 62 60 58 88
2 61 60 58 88
2 62 60 58 88
2 61 60 58 88
2 59 60 58 88
2 61 60 58 88
2 59 60 58 88
2 57 60 58 88
2 61 60 58 88
2 59 360 353 88
2 64 120 116 88
2 57 360 353 88
2 62 120 116 88
2 56 120 116 88
2 59 120 116 88
2 53 120 116 88
2 49 120 116 88
2 54 360 342 88
2 54 120 116 88
2 55 360 353 88
2 56 120 116 88
2 57 360 353 88
2 58 120 116 88
2 59 120 116 88
2 54 120 116 88
2 47 120 116 88
2 50 120 116 88
2 52 120 116 88
2 54 120 116 88
2 55 120 116 88
2 52 120 116 88
2 49 120 116 88
2 45 120 116 88
2 50 120 116 88
2 42 120 116 88
2 43 120 116 88
2 47 120 116 88
2 40 120 116 88
2 45 120 116 88
2 50 60 58 88
2 49 60 58 88
2 50 60 58 88
2 52 60 58 88
2 50 60 58 88
2 55 60 58 88
2 54 60 58 88
2 55 60 58 88
2 49 60 58 88
2 47 60 58 88
2 49 60 58 88
2 50 60 58 88
2 49 60 58 88
2 54 60 58 88
2 52 60 58 88
2 54 60 58 88
2 47 60 58 88
2 49 60 58 88
2 50 60 58 88
2 47 60 58 88
2 52 60 58 88
2 50 60 58 88
2 49 60 58 88
2 47 60 58 88
2 49 60 58 88
2 52 60 58 88
2 50 60 58 88
2 49 60 58 88
2 50 60 58 88
2 52 60 58 88
2 54 60 58 88
2 50 60 58 88
2 52 60 58 88
2 50 60 58 88
2 52 60 58 88
2 54 60 58 88
2 55 60 58 88
2 54 60 58 88
2 52 60 58 88
2 55 60 58 88
2 54 60 58 88
2 56 60 58 88
2 58 60 58 88
2 54 60 58 88
2 59 60 58 88
2 47 60 58 88
2 59 180 178 88
2 57 60 58 88
2 56 60 58 88
2 59 60 58 88
2 57 60 58 88
2 56 60 58 88
2 54 60 58 88
2 57 60 58 88
2 56 60 58 88
2 57 60 58 88
2 56 60 58 88
2 54 60 58 88
2 53 60 58 88
2 54 60 58 88
2 56 60 58 88
2 53 60 58 88
2 54 120 116 88
2 56 60 58 88
2 57 60 58 88
2 59 60 58 88
2 57 60 58 88
2 56 60 58 88
2 54 60 58 88
2 52 60 58 88
2 54 60 58 88
2 52 60 58 88
2 50 60 58 88
2 52 60 58 88
2 50 60 58 88
2 49 60 58 88
2 52 60 58 88
2 50 60 58 88
2 52 60 58 88
2 50 60 58 88
2 49 60 58 88
2 50 60 58 88
2 49 60 58 88
2 47 60 58 88
2 50 60 58 88
2 49 60 58 88
2 50 60 58 88
2 49 60 58 88
2 47 60 58 88
2 49 60 58 88
2 47 60 58 88
2 45 60 58 88
2 49 60 58 88
2 47 60 58 88
2 49 60 58 88
2 47 60 58 88
2 45 60 58 88
2 47 60 58 88
2 45 60 58 88
2 44 60 58 88
2 47 60 58 88
2 45 60 58 88
2 44 60 58 88
2 42 60 58 88
2 44 60 58 88
2 45 60 58 88
2 47 60 58 88
2 49 60 58 88
2 51 60 58 88
2 52 60 58 88
2 51 60 58 88
2 49 60 58 88
2 51 60 58 88
2 52 60 58 88
2 54 60 58 88
2 56 60 58 88
2 58 60 58 88
2 60 60 58 88
2 58 60 58 88
2 60 60 58 88
2 61 60 58 88
2 60 60 58 88
2 61 60 58 88
2 63 60 58 88
2 60 60 58 88
2 61 60 58 88
2 63 60 58 88
2 64 60 58 88
2 63 60 58 88
2 61 60 58 88
2 59 60 58 88
2 57 60 58 88
2 56 60 58 88
2 54 60 58 88
2 52 60 58 88
2 54 60 58 88
2 56 60 58 88
2 54 60 58 88
2 56 60 58 88
2 57 60 58 88
2 54 60 58 88
2 56 60 58 88
2 54 60 58 88
2 56 60 58 88
2 57 60 58 88
2 56 60 58 88
2 54 60 58 88
2 52 60 58 88
2 51 60 58 88
2 52 120 116 88
2 49 120 116 88
2 57 360 356 88
2 56 60 58 88
2 54 60 58 88
2 56 360 353 88
2 61 120 116 88
2 54 360 356 88
2 52 60 58 88
2 51 60 58 88
2 52 120 116 88
2 49 120 116 88
2 51 480 470 88
2 49 60 58 88
2 48 60 58 88
2 49 60 58 88
2 51 60 58 88
2 52 60 58 88
2 54 60 58 88
2 55 60 58 88
2 52 60 58 88
2 54 60 58 88
2 55 60 58 88
2 54 60 58 88
2 52 60 58 88
2 50 60 58 88
2 49 60 58 88
2 47 60 58 88
2 46 60 58 88
2 47 60 58 88
2 42 60 58 88
2 47 60 58 88
2 49 60 58 88
2 50 60 58 88
2 52 60 58 88
2 54 60 58 88
2 50 60 58 88
2 52 60 58 88
2 54 60 58 88
2 52 60 58 88
2 50 60 58 88
2 49 60 58 88
2 47 60 58 88
2 45 60 58 88
2 44 60 58 88
2 45 60 58 88
2 40 60 58 88
2 45 60 58 88
2 47 60 58 88
2 49 60 58 88
2 50 60 58 88
2 52 60 58 88
2 49 60 58 88
2 50 60 58 88
2 52 60 58 88
2 50 60 58 88
2 49 60 58 88
2 47 60 58 88
2 45 60 58 88
2 44 60 58 88
2 42 60 58 88
2 41 120 116 88
2 37 120 116 88
2 42 480 462 88
2 42 23 22 88
2 41 30 29 88
2 42 30 29 88
2 41 22 21 88
2 42 23 22 88
2 41 22 21 88
2 42 23 22 88
2 41 22 21 88
2 39 23 22 88
2 41 22 21 88
2 42 60 58 88
2 54 60 58 88
2 56 60 58 88
2 57 60 58 88
2 59 60 58 88
2 61 60 58 88
2 59 60 58 88
2 57 60 58 88
2 56 360 234 88
2 58 120 116 88
2 59 120 116 88
2 57 120 116 88
2 56 180 175 88
2 54 60 58 88
2 53 120 116 88
2 49 120 116 88
2 54 480 474 88
2 53 240 234 88
2 54 120 116 88
2 50 120 116 88
2 45 120 116 88
2 47 120 116 88
2 49 240 234 88
2 37 240 234 88
