0 0 1320 0 0
0 71 120 116 88
0 73 300 234 88
0 66 60 58 88
0 68 60 58 88
0 70 60 58 88
0 71 60 58 88
0 70 60 58 88
0 71 60 58 88
0 73 60 58 88
0 75 60 58 88
0 76 60 58 88
0 78 60 58 88
0 75 60 58 88
0 71 60 58 88
0 69 60 58 88
0 71 60 58 88
0 73 60 58 88
0 71 60 58 88
0 69 60 58 88
0 71 60 58 88
0 73 60 58 88
0 69 60 58 88
0 68 60 58 88
0 69 60 58 88
0 71 60 58 88
0 69 60 58 88
0 68 60 58 88
0 69 60 58 88
0 71 60 58 88
0 68 60 58 88
0 66 60 58 88
0 68 60 58 88
0 70 60 58 88
0 71 480 474 88
0 70 240 234 88
0 71 120 116 88
0 83 120 116 88
0 75 120 116 88
0 78 120 116 88
0 71 600 590 88
0 69 120 116 88
0 68 120 116 88
0 76 120 116 88
0 78 300 234 88
0 71 60 58 88
0 73 60 58 88
0 75 60 58 88
0 76 60 58 88
0 75 60 58 88
0 76 60 58 88
0 78 60 58 88
0 80 60 58 88
0 81 60 58 88
0 83 60 58 88
0 80 60 58 88
0 76 60 58 88
0 75 60 58 88
0 76 60 58 88
0 78 60 58 88
0 76 60 58 88
0 75 60 58 88
0 76 60 58 88
0 78 60 58 88
0 75 60 58 88
0 73 60 58 88
0 75 60 58 88
0 76 60 58 88
0 78 60 58 88
0 80 60 58 88
0 81 240 236 88
0 75 120 116 88
0 80 360 353 88
0 78 60 58 88
0 76 60 58 88
0 75 240 234 88
0 76 60 58 88
0 75 60 58 88
0 76 60 58 88
0 78 60 58 88
0 76 60 58 88
0 75 60 58 88
0 76 60 58 88
0 78 60 58 88
0 75 60 58 88
0 73 60 58 88
0 75 60 58 88
0 76 60 58 88
0 78 360 356 88
0 76 60 58 88
0 75 60 58 88
0 76 360 343 88
0 76 120 116 88
0 75 120 116 88
0 73 120 116 88
0 72 120 116 88
0 68 120 116 88
0 73 360 353 88
0 75 120 116 88
0 68 120 116 88
0 70 60 58 88
0 72 60 58 88
0 73 60 58 88
0 72 60 58 88
0 73 60 58 88
0 75 60 58 88
0 76 60 58 88
0 78 60 58 88
0 80 60 58 88
0 76 60 58 88
0 73 60 58 88
0 71 60 58 88
0 73 60 58 88
0 75 60 58 88
0 73 60 58 88
0 71 60 58 88
0 73 60 58 88
0 75 60 58 88
0 71 60 58 88
0 70 60 58 88
0 71 60 58 88
0 73 60 58 88
0 75 60 58 88
0 76 60 58 88
0 78 60 58 88
0 75 60 58 88
0 71 60 58 88
0 69 60 58 88
0 71 60 58 88
0 73 60 58 88
0 71 60 58 88
0 69 60 58 88
0 71 60 58 88
0 73 60 58 88
0 69 60 58 88
0 68 60 58 88
0 69 60 58 88
0 71 60 58 88
0 73 60 58 88
0 75 60 58 88
0 76 60 58 88
0 73 60 58 88
0 75 60 58 88
0 73 60 58 88
0 75 60 58 88
0 76 60 58 88
0 78 60 58 88
0 80 60 58 88
0 81 60 58 88
0 78 60 58 88
0 80 60 58 88
0 78 60 58 88
0 76 60 58 88
0 75 60 58 88
0 73 60 58 88
0 71 60 58 88
0 69 60 58 88
0 68 60 58 88
0 66 60 58 88
0 68 60 58 88
0 69 60 58 88
0 66 60 58 88
0 63 120 116 88
0 68 120 116 88
0 64 120 116 88
0 68 120 116 88
0 73 120 116 88
0 71 120 116 88
0 76 60 58 88
0 75 60 58 88
0 73 60 58 88
0 71 60 58 88
0 69 360 356 88
0 63 120 116 88
0 69 120 116 88
0 68 120 116 88
0 73 60 58 88
0 71 60 58 88
0 69 60 58 88
0 68 60 58 88
0 66 360 356 88
0 64 60 58 88
0 63 60 58 88
0 64 60 58 88
0 66 60 58 88
0 68 60 58 88
0 64 60 58 88
0 61 60 58 88
0 68 60 58 88
0 66 60 58 88
0 64 60 58 88
0 63 300 116 88
0 59 60 58 88
0 61 60 58 88
0 63 60 58 88
0 64 60 58 88
0 66 60 58 88
0 68 60 58 88
0 64 60 58 88
0 73 300 234 88
0 66 60 58 88
0 68 60 58 88
0 70 60 58 88
0 71 60 58 88
0 70 60 58 88
0 71 60 58 88
0 73 60 58 88
0 75 60 58 88
0 76 60 58 88
0 78 60 58 88
0 80 60 58 88
0 69 60 58 88
0 68 60 58 88
0 69 60 58 88
0 71 60 58 88
0 69 60 58 88
0 68 60 58 88
0 69 60 58 88
0 71 60 58 88
0 68 60 58 88
0 66 60 58 88
0 68 60 58 88
0 69 60 58 88
0 71 60 58 88
0 73 60 58 88
0 74 240 234 88
0 73 60 58 88
0 71 60 58 88
0 73 480 474 88
0 71 480 234 88
0 71 480 474 88
0 69 480 234 88
0 69 480 474 88
0 68 120 116 88
0 76 120 116 88
0 78 300 234 88
0 71 60 58 88
0 73 60 58 88
0 75 60 58 88
0 76 60 58 88
0 75 60 58 88
0 76 60 58 88
0 78 60 58 88
0 80 60 58 88
0 81 60 58 88
0 83 60 58 88
0 80 60 58 88
0 81 60 58 88
0 80 60 58 88
0 81 60 58 88
0 83 60 58 88
0 81 60 58 88
0 80 60 58 88
0 81 60 58 88
0 83 60 58 88
0 80 60 58 88
0 78 60 58 88
0 80 60 58 88
0 81 60 58 88
0 80 60 58 88
0 78 60 58 88
0 76 60 58 88
0 75 60 58 88
0 73 60 58 88
0 71 60 58 88
0 73 60 58 88
0 74 60 58 88
0 73 60 58 88
0 71 60 58 88
0 73 60 58 88
0 74 60 58 88
0 71 60 58 88
0 73 60 58 88
0 75 60 58 88
0 71 60 58 88
0 76 480 470 88
0 75 240 234 88
1 0 360 0 0
1 64 120 116 88
1 66 300 234 88
1 59 60 58 88
1 61 60 58 88
1 63 60 58 88
1 64 60 58 88
1 63 60 58 88
1 64 60 58 88
1 66 60 58 88
1 68 60 58 88
1 69 60 58 88
1 71 60 58 88
1 68 60 58 88
1 64 60 58 88
1 63 60 58 88
1 64 60 58 88
1 66 60 58 88
1 64 60 58 88
1 63 60 58 88
1 64 60 58 88
1 66 60 58 88
1 63 60 58 88
1 61 60 58 88
1 63 60 58 88
1 64 60 58 88
1 66 60 58 88
1 68 60 58 88
1 69 60 58 88
1 66 60 58 88
1 68 120 116 88
1 59 120 116 88
1 64 360 356 88
1 63 120 116 88
1 66 360 353 88
1 59 120 116 88
1 64 120 116 88
1 63 120 116 88
1 61 480 470 88
1 59 600 116 88
1 76 120 116 88
1 68 120 116 88
1 71 120 116 88
1 64 120 116 88
1 66 240 234 88
1 64 120 116 88
1 64 240 234 88
1 63 120 116 88
1 66 120 116 88
1 59 360 234 88
1 71 120 116 88
1 73 300 234 88
1 66 60 58 88
1 68 60 58 88
1 70 60 58 88
1 71 60 58 88
1 70 60 58 88
1 71 60 58 88
1 73 60 58 88
1 75 60 58 88
1 76 60 58 88
1 78 60 58 88
1 75 60 58 88
1 71 60 58 88
1 69 60 58 88
1 71 60 58 88
1 73 60 58 88
1 71 60 58 88
1 69 60 58 88
1 71 60 58 88
1 73 60 58 88
1 69 60 58 88
1 68 60 58 88
1 69 60 58 88
1 71 60 58 88
1 69 60 58 88
1 68 60 58 88
1 69 60 58 88
1 71 60 58 88
1 68 120 116 88
1 64 120 116 88
1 69 540 531 88
1 72 60 58 88
1 73 60 58 88
1 75 60 58 88
1 68 360 353 88
1 73 120 116 88
1 66 720 714 88
1 64 120 116 88
1 69 120 116 88
1 63 120 116 88
1 66 120 116 88
1 60 120 116 88
1 63 120 116 88
1 56 720 116 88
1 58 480 474 88
1 56 480 234 88
1 56 480 474 88
1 54 480 234 88
1 54 480 474 88
1 52 120 116 88
1 61 120 116 88
1 63 300 234 88
1 56 60 58 88
1 58 60 58 88
1 60 60 58 88
1 61 60 58 88
1 60 60 58 88
1 61 60 58 88
1 63 60 58 88
1 64 60 58 88
1 66 60 58 88
1 68 60 58 88
1 64 60 58 88
1 61 60 58 88
1 59 60 58 88
1 61 60 58 88
1 63 60 58 88
1 61 60 58 88
1 59 60 58 88
1 61 60 58 88
1 63 60 58 88
1 59 60 58 88
1 56 60 58 88
1 57 60 58 88
1 59 60 58 88
1 61 60 58 88
1 63 60 58 88
1 64 60 58 88
1 61 60 58 88
1 57 60 58 88
1 56 60 58 88
1 57 60 58 88
1 59 60 58 88
1 57 60 58 88
1 56 60 58 88
1 57 60 58 88
1 59 60 58 88
1 56 60 58 88
1 54 60 58 88
1 56 60 58 88
1 57 60 58 88
1 56 120 116 88
1 59 240 234 88
1 57 60 58 88
1 56 60 58 88
1 57 60 58 88
1 61 60 58 88
1 59 60 58 88
1 57 60 58 88
1 56 1320 116 88
1 64 120 116 88
1 66 300 234 88
1 59 60 58 88
1 61 60 58 88
1 63 60 58 88
1 64 60 58 88
1 63 60 58 88
1 64 60 58 88
1 66 60 58 88
1 68 60 58 88
1 69 60 58 88
1 71 60 58 88
1 68 60 58 88
1 64 60 58 88
1 63 60 58 88
1 64 60 58 88
1 66 60 58 88
1 64 60 58 88
1 63 60 58 88
1 64 60 58 88
1 66 60 58 88
1 63 60 58 88
1 61 60 58 88
1 63 60 58 88
1 64 60 58 88
1 66 60 58 88
1 68 60 58 88
1 69 60 58 88
1 66 60 58 88
1 62 60 58 88
1 61 60 58 88
1 62 60 58 88
1 64 60 58 88
1 62 60 58 88
1 61 60 58 88
1 62 60 58 88
1 64 60 58 88
1 61 60 58 88
1 59 60 58 88
1 61 60 58 88
1 62 60 58 88
1 64 60 58 88
1 66 60 58 88
1 68 60 58 88
1 64 60 58 88
1 61 60 58 88
1 59 60 58 88
1 61 60 58 88
1 62 60 58 88
1 61 60 58 88
1 59 60 58 88
1 61 60 58 88
1 62 60 58 88
1 59 60 58 88
1 57 60 58 88
1 59 60 58 88
1 61 60 58 88
1 59 60 58 88
1 57 60 58 88
1 59 60 58 88
1 61 60 58 88
1 57 60 58 88
1 56 60 58 88
1 57 60 58 88
1 59 60 58 88
1 57 60 58 88
1 56 60 58 88
1 57 60 58 88
1 59 60 58 88
1 56 120 116 88
1 59 120 116 88
1 52 120 116 88
1 56 240 234 88
1 54 600 594 88
1 52 360 353 88
1 64 120 116 88
1 69 480 474 88
1 68 60 58 88
1 64 60 58 88
1 66 60 58 88
1 68 60 58 88
1 69 60 58 88
1 71 60 58 88
1 73 180 163 88
1 73 60 58 88
1 71 60 58 88
1 69 60 58 88
2 0 2760 0 0
2 52 120 116 88
2 54 300 234 88
2 47 60 58 88
2 49 60 58 88
2 51 60 58 88
2 52 60 58 88
2 51 60 58 88
2 52 60 58 88
2 54 60 58 88
2 56 60 58 88
2 57 60 58 88
2 59 60 58 88
2 56 60 58 88
2 52 60 58 88
2 51 60 58 88
2 52 60 58 88
2 54 60 58 88
2 52 60 58 88
2 51 60 58 88
2 52 60 58 88
2 54 60 58 88
2 51 60 58 88
2 49 60 58 88
2 51 60 58 88
2 52 60 58 88
2 54 60 58 88
2 56 60 58 88
2 57 60 58 88
2 54 60 58 88
2 56 60 58 88
2 54 60 58 88
2 56 60 58 88
2 57 60 58 88
2 59 60 58 88
2 61 60 58 88
2 62 60 58 88
2 59 60 58 88
2 61 60 58 88
2 59 60 58 88
2 61 60 58 88
2 63 60 58 88
2 64 60 58 88
2 63 60 58 88
2 61 60 58 88
2 59 60 58 88
2 57 60 58 88
2 56 60 58 88
2 57 60 58 88
2 59 60 58 88
2 57 60 58 88
2 56 60 58 88
2 57 60 58 88
2 59 60 58 88
2 56 120 116 88
2 54 120 116 88
2 52 120 116 88
2 51 120 116 88
2 49 120 116 88
2 59 120 116 88
2 58 120 116 88
2 54 120 116 88
2 59 1320 116 88
2 59 120 116 88
2 61 300 234 88
2 54 60 58 88
2 56 60 58 88
2 57 60 58 88
2 59 60 58 88
2 57 60 58 88
2 59 60 58 88
2 61 60 58 88
2 63 60 58 88
2 64 60 58 88
2 63 60 58 88
2 61 60 58 88
2 60 60 58 88
2 56 60 58 88
2 58 60 58 88
2 60 60 58 88
2 61 60 58 88
2 63 60 58 88
2 64 60 58 88
2 61 60 58 88
2 57 60 58 88
2 56 60 58 88
2 57 60 58 88
2 59 60 58 88
2 57 60 58 88
2 56 60 58 88
2 57 60 58 88
2 59 60 58 88
2 56 60 58 88
2 52 60 58 88
2 54 60 58 88
2 56 60 58 88
2 57 60 58 88
2 59 60 58 88
2 61 60 58 88
2 57 60 58 88
2 54 60 58 88
2 52 60 58 88
2 54 60 58 88
2 56 60 58 88
2 54 60 58 88
2 52 60 58 88
2 54 60 58 88
2 56 60 58 88
2 52 120 116 88
2 51 120 116 88
2 49 120 116 88
2 52 120 116 88
2 46 120 116 88
2 56 120 116 88
2 55 120 116 88
2 51 120 116 88
2 44 120 116 88
2 46 120 116 88
2 47 120 116 88
2 46 120 116 88
2 44 120 116 88
2 54 120 116 88
2 53 120 116 88
2 49 120 116 88
2 42 120 116 88
2 44 120 116 88
2 45 120 116 88
2 44 120 116 88
2 42 120 116 88
2 52 120 116 88
2 51 120 116 88
2 49 120 116 88
2 48 120 116 88
2 44 120 116 88
2 45 120 116 88
2 52 120 116 88
2 54 60 58 88
2 52 60 58 88
2 54 120 116 88
2 56 120 116 88
2 44 120 116 88
2 49 2280 116 88
2 52 120 116 88
2 54 300 234 88
2 47 60 58 88
2 49 60 58 88
2 51 60 58 88
2 52 60 58 88
2 51 60 58 88
2 52 60 58 88
2 54 60 58 88
2 56 60 58 88
2 57 60 58 88
2 59 60 58 88
2 56 60 58 88
2 52 60 58 88
2 51 60 58 88
2 52 60 58 88
2 54 60 58 88
2 52 60 58 88
2 51 60 58 88
2 52 60 58 88
2 54 60 58 88
2 51 120 116 88
2 54 120 116 88
2 47 120 116 88
2 52 240 234 88
2 51 60 58 88
2 49 60 58 88
2 51 120 116 88
2 59 120 116 88
2 61 360 234 88
2 56 120 116 88
2 57 120 116 88
2 56 120 116 88
2 57 120 116 88
2 52 120 116 88
2 54 120 116 88
2 51 120 116 88
2 56 120 116 88
2 54 120 116 88
2 52 120 116 88
2 54 120 116 88
2 56 120 116 88
2 52 120 116 88
2 57 120 116 88
2 59 120 116 88
2 61 120 116 88
2 59 120 116 88
2 57 120 116 88
2 52 120 116 88
2 54 120 116 88
2 49 120 116 88
2 51 120 116 88
2 47 120 116 88
2 52 480 470 88
2 51 480 474 88
2 49 240 234 88
2 42 180 175 88
2 49 60 58 88
2 51 120 116 88
2 47 120 116 88
2 52 120 116 88
2 47 120 116 88
2 49 120 116 88
2 44 120 116 88
2 45 180 175 88
2 40 60 58 88
2 42 120 116 88
2 37 120 116 88
2 39 120 116 88
2 59 120 116 88
2 61 300 234 88
2 54 60 58 88
2 56 60 58 88
2 57 60 58 88
2 59 120 116 88
2 47 120 116 88
