0 0 12480 0 0
0 66 480 470 88
0 70 480 470 88
0 75 480 470 88
0 71 480 470 88
0 68 480 470 88
0 77 480 470 88
0 78 240 234 88
0 77 120 116 88
0 75 120 116 88
0 73 240 234 88
0 71 240 234 88
0 70 120 116 88
0 68 120 116 88
0 71 480 470 88
0 70 120 116 88
0 68 120 116 88
0 66 120 116 88
0 68 120 116 88
0 69 480 470 88
0 68 120 116 88
0 66 120 116 88
0 64 120 116 88
0 71 120 116 88
0 75 480 470 88
0 73 120 116 88
0 71 120 116 88
0 70 120 116 88
0 76 120 116 88
0 80 480 470 88
0 78 120 116 88
0 76 120 116 88
0 75 1200 1194 88
0 79 240 234 88
0 80 240 234 88
0 73 240 234 88
0 71 1080 1076 88
0 70 120 116 88
0 71 480 458 88
0 71 120 116 88
0 70 120 116 88
0 68 120 116 88
0 71 120 116 88
0 75 480 470 88
0 73 120 116 88
0 71 120 116 88
0 70 1200 470 88
0 78 120 116 88
0 76 120 116 88
0 75 120 116 88
0 76 120 116 88
0 78 120 116 88
0 75 120 116 88
0 71 120 116 88
0 73 120 116 88
0 75 120 116 88
0 71 120 116 88
0 68 120 116 88
0 70 120 116 88
0 71 360 356 88
0 68 120 116 88
0 70 120 116 88
0 71 120 116 88
0 73 600 596 88
0 66 120 116 88
0 68 120 116 88
0 70 120 116 88
0 71 960 950 88
0 70 120 116 88
0 71 120 116 88
0 73 120 116 88
0 70 120 116 88
0 66 240 234 88
0 83 120 116 88
0 82 120 116 88
0 80 120 116 88
0 82 120 116 88
0 83 120 116 88
0 80 120 116 88
0 76 120 116 88
0 78 120 116 88
0 80 120 116 88
0 76 120 116 88
0 73 120 116 88
0 75 120 116 88
0 76 480 474 88
0 75 120 116 88
0 73 120 116 88
0 71 720 714 88
0 73 120 116 88
0 71 120 116 88
0 70 240 234 88
0 68 240 234 88
0 67 720 234 88
0 68 120 116 88
0 67 120 116 88
0 68 3840 234 88
0 66 480 470 88
0 70 480 470 88
0 75 480 470 88
0 71 480 470 88
0 68 480 470 88
0 77 480 470 88
0 78 600 590 88
0 77 120 116 88
0 78 120 116 88
0 80 120 116 88
0 82 600 578 88
0 82 120 116 88
0 80 120 116 88
0 78 120 116 88
0 77 240 234 88
0 79 120 116 88
0 80 120 116 88
0 79 120 116 88
0 80 120 116 88
0 82 120 116 88
0 79 120 116 88
0 75 1200 470 88
0 80 120 116 88
0 78 120 116 88
0 76 120 116 88
0 78 120 116 88
0 80 120 116 88
0 76 120 116 88
0 73 120 116 88
0 75 120 116 88
0 76 120 116 88
0 73 120 116 88
0 70 120 116 88
0 71 120 116 88
0 73 360 356 88
0 70 120 116 88
0 71 600 578 88
0 71 240 236 88
0 68 120 116 88
0 70 600 590 88
0 69 240 236 88
0 67 120 116 88
0 68 360 353 88
0 72 120 116 88
0 73 480 458 88
0 73 240 234 88
0 75 720 714 88
0 69 480 470 88
0 68 120 116 88
0 66 120 116 88
0 64 240 234 88
0 68 240 234 88
0 73 720 714 88
0 78 120 116 88
0 76 120 116 88
0 78 240 234 88
0 75 240 234 88
0 71 240 234 88
0 73 120 116 88
0 75 120 116 88
0 76 240 234 88
0 69 240 234 88
0 68 360 338 88
0 68 120 98 88
0 68 45 44 88
0 66 60 58 88
0 68 60 58 88
0 66 45 44 88
0 68 45 44 88
0 66 45 44 88
0 68 45 44 88
0 66 45 44 88
0 64 45 44 88
0 66 45 44 88
0 64 720 470 88
0 83 120 116 88
0 81 120 116 88
0 80 120 116 88
0 81 120 116 88
0 83 120 116 88
0 80 120 116 88
0 76 120 116 88
0 78 120 116 88
0 80 120 116 88
0 76 120 116 88
0 73 120 116 88
0 75 120 116 88
0 76 480 470 88
0 75 480 474 88
0 80 360 353 88
0 78 120 116 88
0 80 240 234 88
0 78 1200 1194 88
0 76 360 353 88
0 75 120 116 88
0 76 240 234 88
0 75 1200 1194 88
0 73 360 353 88
0 71 120 116 88
0 73 240 234 88
0 71 360 338 88
0 71 120 116 88
0 76 360 338 88
0 76 120 116 88
0 75 360 338 88
0 75 120 116 88
0 80 360 338 88
0 80 120 116 88
0 78 360 338 88
0 78 120 116 88
0 83 360 338 88
0 83 120 116 88
0 82 360 353 88
0 73 120 116 88
0 81 360 353 88
0 78 120 116 88
0 80 1080 1058 88
0 80 120 116 88
0 78 120 116 88
0 76 120 116 88
0 75 120 116 88
0 76 120 116 88
0 78 120 116 88
0 75 120 116 88
0 76 960 945 88
0 75 720 708 88
0 73 240 234 88
0 71 600 578 88
0 71 120 116 88
0 76 120 116 88
0 78 120 116 88
0 80 600 578 88
0 80 120 116 88
0 78 120 116 88
0 76 120 116 88
0 75 2040 2018 88
0 75 120 116 88
0 74 120 116 88
0 72 120 116 88
0 74 120 116 88
0 75 120 116 88
0 77 120 116 88
0 78 120 116 88
0 80 480 470 88
0 78 1080 1058 88
0 78 120 116 88
0 77 120 116 88
0 75 120 116 88
0 74 600 590 88
0 70 120 116 88
0 75 360 356 88
0 72 120 116 88
0 74 120 116 88
0 77 120 116 88
0 68 120 116 88
0 71 120 116 88
0 70 120 116 88
0 68 120 116 88
0 66 7680 945 88
0 71 480 470 88
0 75 480 470 88
0 80 480 470 88
0 76 480 470 88
0 73 480 470 88
0 82 480 470 88
0 83 480 470 88
0 76 1560 1556 88
0 75 120 116 88
0 76 120 116 88
0 75 120 116 88
0 76 480 234 88
0 75 120 116 88
0 73 120 116 88
0 75 120 116 88
0 73 120 116 88
0 75 600 234 88
0 65 120 116 88
0 74 120 116 88
0 73 120 116 88
0 71 120 116 88
0 73 120 116 88
0 74 120 116 88
0 71 120 116 88
0 68 120 116 88
0 69 120 116 88
0 71 120 116 88
0 68 120 116 88
0 65 120 116 88
0 74 120 116 88
0 73 120 116 88
0 71 120 116 88
0 70 600 470 88
0 66 120 116 88
0 71 480 474 88
0 70 120 116 88
0 68 120 116 88
0 71 45 44 88
0 70 60 58 88
0 71 60 58 88
0 70 45 44 88
0 71 45 44 88
0 70 45 44 88
0 71 45 44 88
0 70 45 44 88
0 68 45 44 88
0 70 45 44 88
1 0 8640 0 0
1 59 480 470 88
1 63 480 470 88
1 68 480 470 88
1 64 480 470 88
1 61 480 470 88
1 70 480 470 88
1 71 240 234 88
1 70 120 116 88
1 68 120 116 88
1 66 240 234 88
1 64 240 234 88
1 63 120 116 88
1 61 120 116 88
1 64 480 470 88
1 63 120 116 88
1 61 120 116 88
1 59 120 116 88
1 66 120 116 88
1 70 480 470 88
1 68 120 116 88
1 66 120 116 88
1 65 120 116 88
1 71 120 116 88
1 75 480 470 88
1 73 120 116 88
1 71 120 116 88
1 70 240 234 88
1 71 240 234 88
1 70 240 234 88
1 68 240 234 88
1 66 240 234 88
1 65 120 116 88
1 63 120 116 88
1 61 120 116 88
1 63 120 116 88
1 64 480 474 88
1 63 120 116 88
1 61 120 116 88
1 59 120 116 88
1 61 120 116 88
1 63 240 234 88
1 64 360 353 88
1 66 120 116 88
1 68 480 470 88
1 70 360 353 88
1 71 120 116 88
1 73 600 578 88
1 73 120 116 88
1 71 120 116 88
1 70 120 116 88
1 68 120 116 88
1 67 120 116 88
1 68 120 116 88
1 67 120 116 88
1 68 120 116 88
1 71 120 116 88
1 70 120 116 88
1 73 120 116 88
1 71 240 234 88
1 70 360 338 88
1 70 120 116 88
1 68 120 116 88
1 66 120 116 88
1 65 120 116 88
1 66 120 116 88
1 65 120 116 88
1 66 120 116 88
1 68 480 470 88
1 61 240 234 88
1 66 720 698 88
1 66 45 44 88
1 65 53 51 88
1 66 52 50 88
1 65 53 51 88
1 66 52 50 88
1 65 45 44 88
1 66 45 44 88
1 65 45 44 88
1 63 45 44 88
1 65 45 44 88
1 66 7680 470 88
1 59 480 470 88
1 63 480 470 88
1 68 480 470 88
1 64 480 470 88
1 61 480 470 88
1 70 480 470 88
1 71 600 578 88
1 71 120 116 88
1 70 120 116 88
1 68 120 116 88
1 66 600 590 88
1 69 120 116 88
1 68 120 116 88
1 66 120 116 88
1 65 120 116 88
1 66 120 116 88
1 68 120 116 88
1 65 120 116 88
1 66 960 938 88
1 66 45 44 88
1 65 53 51 88
1 66 52 50 88
1 65 53 51 88
1 66 52 50 88
1 65 45 44 88
1 66 45 44 88
1 65 45 44 88
1 63 45 44 88
1 65 45 44 88
1 66 1200 470 88
1 71 120 116 88
1 70 120 116 88
1 68 120 116 88
1 70 120 116 88
1 71 120 116 88
1 68 120 116 88
1 65 120 116 88
1 66 120 116 88
1 68 120 116 88
1 65 120 116 88
1 62 120 116 88
1 63 120 116 88
1 65 360 356 88
1 63 120 116 88
1 65 120 116 88
1 66 120 116 88
1 68 600 596 88
1 66 120 116 88
1 68 120 116 88
1 70 120 116 88
1 71 600 578 88
1 71 120 116 88
1 70 120 116 88
1 68 120 116 88
1 70 120 116 88
1 71 120 116 88
1 73 360 338 88
1 73 120 116 88
1 71 120 116 88
1 70 120 116 88
1 68 120 116 88
1 70 120 116 88
1 71 120 116 88
1 68 120 116 88
1 61 120 116 88
1 60 120 116 88
1 61 480 470 88
1 68 480 474 88
1 67 600 234 88
1 70 120 116 88
1 63 360 353 88
1 66 120 116 88
1 65 120 116 88
1 68 120 116 88
1 61 600 593 88
1 64 120 116 88
1 63 120 116 88
1 66 120 116 88
1 59 600 593 88
1 60 120 116 88
1 64 360 353 88
1 65 120 116 88
1 66 240 234 88
1 69 120 116 88
1 68 120 116 88
1 66 120 116 88
1 68 120 116 88
1 69 120 116 88
1 66 120 116 88
1 63 120 116 88
1 64 120 116 88
1 66 120 116 88
1 63 120 116 88
1 60 120 116 88
1 61 120 116 88
1 63 480 474 88
1 61 480 470 88
1 64 240 234 88
1 69 720 470 88
1 69 480 474 88
1 68 120 116 88
1 69 120 116 88
1 71 240 234 88
1 66 360 356 88
1 63 120 116 88
1 64 360 353 88
1 61 120 116 88
1 63 240 234 88
1 64 120 116 88
1 71 120 116 88
1 76 360 353 88
1 73 120 116 88
1 75 480 234 88
1 68 480 470 88
1 64 480 474 88
1 73 120 116 88
1 71 120 116 88
1 70 120 116 88
1 71 120 116 88
1 73 120 116 88
1 70 120 116 88
1 71 480 470 88
1 70 600 596 88
1 76 120 116 88
1 75 120 116 88
1 73 120 116 88
1 72 120 116 88
1 73 120 116 88
1 75 120 116 88
1 72 120 116 88
1 68 480 470 88
1 67 360 353 88
1 73 240 218 88
1 73 120 116 88
1 71 120 116 88
1 70 120 116 88
1 68 120 116 88
1 70 120 116 88
1 71 120 116 88
1 68 120 116 88
1 65 240 234 88
1 67 120 116 88
1 68 120 116 88
1 70 360 338 88
1 70 240 236 88
1 67 120 116 88
1 68 360 338 88
1 68 120 116 88
1 73 360 356 88
1 70 120 116 88
1 71 360 338 88
1 71 120 116 88
1 76 360 356 88
1 74 120 116 88
1 75 360 338 88
1 75 120 116 88
1 80 360 356 88
1 77 120 116 88
1 78 300 294 88
1 80 60 58 88
1 78 60 58 88
1 76 60 58 88
1 75 360 356 88
1 76 120 116 88
1 78 120 116 88
1 75 120 116 88
1 76 120 116 88
1 72 120 116 88
1 73 120 116 88
1 76 120 116 88
1 70 480 470 88
1 71 600 596 88
1 73 120 116 88
1 75 120 116 88
1 71 120 116 88
1 73 120 116 88
1 68 120 116 88
1 70 120 116 88
1 73 120 116 88
1 66 240 234 88
1 71 240 234 88
1 70 720 714 88
1 68 120 116 88
1 67 120 116 88
1 68 360 353 88
1 71 120 116 88
1 76 600 578 88
1 76 120 116 88
1 75 120 116 88
1 73 120 116 88
1 71 600 590 88
1 67 120 116 88
1 68 120 116 88
1 70 120 116 88
1 71 120 116 88
1 70 120 116 88
1 73 120 116 88
1 67 120 116 88
1 68 1680 714 88
1 77 480 470 88
1 75 120 116 88
1 73 120 116 88
1 71 240 234 88
1 75 240 234 88
1 68 600 596 88
1 71 120 116 88
1 70 120 116 88
1 68 120 116 88
1 66 480 470 88
1 65 1080 1058 88
1 65 120 116 88
1 63 120 116 88
1 62 120 116 88
1 63 720 470 88
1 66 120 116 88
1 64 120 116 88
1 63 120 116 88
1 64 120 116 88
1 66 120 116 88
1 63 120 116 88
1 59 120 116 88
1 61 120 116 88
1 63 120 116 88
1 59 120 116 88
1 56 120 116 88
1 58 120 116 88
1 59 360 338 88
1 59 120 116 88
1 58 120 116 88
1 56 120 116 88
1 58 240 234 88
1 69 480 458 88
1 69 240 234 88
1 68 240 234 88
1 66 480 474 88
1 64 120 116 88
1 63 120 116 88
1 64 120 116 88
1 66 120 116 88
1 68 480 458 88
1 68 240 234 88
1 66 240 234 88
1 64 480 474 88
1 63 120 116 88
1 61 120 116 88
1 63 120 116 88
1 64 120 116 88
1 66 360 356 88
1 68 120 116 88
1 66 120 116 88
1 64 120 116 88
1 63 240 234 88
1 71 480 474 88
1 68 480 470 88
1 73 240 234 88
1 66 120 116 88
1 68 120 116 88
1 70 120 116 88
1 66 120 116 88
1 73 120 116 88
1 76 120 116 88
1 75 120 116 88
1 73 120 116 88
1 78 120 116 88
1 76 120 116 88
1 75 120 116 88
1 78 120 116 88
1 71 600 596 88
1 70 120 116 88
1 68 120 116 88
1 71 120 116 88
1 70 120 116 88
1 71 120 116 88
1 73 120 116 88
1 70 120 116 88
1 66 960 708 88
1 71 1680 708 88
1 65 240 234 88
1 65 720 470 88
1 61 360 356 88
1 68 120 116 88
1 66 120 116 88
1 64 120 116 88
1 63 360 353 88
1 62 120 116 88
1 61 120 116 88
1 63 120 116 88
1 64 360 353 88
1 68 120 116 88
1 66 120 116 88
1 64 120 116 88
2 0 3840 0 0
2 54 480 470 88
2 58 480 470 88
2 63 480 470 88
2 59 480 470 88
2 56 480 470 88
2 65 480 470 88
2 66 240 234 88
2 65 120 116 88
2 63 120 116 88
2 61 240 234 88
2 59 240 234 88
2 58 120 116 88
2 56 120 116 88
2 59 480 470 88
2 58 120 116 88
2 56 120 116 88
2 54 120 116 88
2 56 120 116 88
2 57 480 470 88
2 56 120 116 88
2 54 120 116 88
2 52 120 116 88
2 59 120 116 88
2 63 480 470 88
2 61 120 116 88
2 59 120 116 88
2 58 120 116 88
2 64 120 116 88
2 68 480 470 88
2 66 120 116 88
2 64 120 116 88
2 63 240 234 88
2 64 240 234 88
2 63 240 234 88
2 61 240 234 88
2 59 240 234 88
2 58 120 116 88
2 56 120 116 88
2 54 840 833 88
2 55 120 116 88
2 56 120 116 88
2 58 120 116 88
2 59 120 116 88
2 56 120 116 88
2 61 360 353 88
2 59 120 116 88
2 58 120 116 88
2 56 120 116 88
2 58 240 234 88
2 63 240 234 88
2 51 480 470 88
2 53 240 234 88
2 54 240 234 88
2 56 240 234 88
2 58 240 234 88
2 54 240 234 88
2 59 240 234 88
2 54 120 116 88
2 52 120 116 88
2 54 240 234 88
2 59 600 593 88
2 58 120 116 88
2 59 120 116 88
2 56 120 116 88
2 58 120 116 88
2 59 120 116 88
2 61 600 578 88
2 61 120 116 88
2 66 480 458 88
2 66 120 116 88
2 64 120 116 88
2 63 240 234 88
2 61 240 234 88
2 59 240 234 88
2 61 240 234 88
2 63 240 234 88
2 64 240 234 88
2 63 360 353 88
2 61 120 116 88
2 59 240 234 88
2 62 240 234 88
2 61 360 353 88
2 56 120 116 88
2 58 120 116 88
2 59 120 116 88
2 61 480 474 88
2 59 120 116 88
2 58 120 116 88
2 56 120 116 88
2 54 120 116 88
2 56 240 234 88
2 54 480 470 88
2 58 480 470 88
2 63 480 470 88
2 59 480 470 88
2 56 480 470 88
2 65 480 470 88
2 66 600 590 88
2 64 120 116 88
2 63 120 116 88
2 61 120 116 88
2 63 720 698 88
2 63 240 234 88
2 61 120 116 88
2 63 120 116 88
2 64 480 470 88
2 58 240 234 88
2 59 1560 1550 88
2 58 120 116 88
2 56 120 116 88
2 58 120 116 88
2 59 120 116 88
2 54 120 116 88
2 59 120 116 88
2 58 120 116 88
2 56 120 116 88
2 58 120 116 88
2 59 120 116 88
2 56 120 116 88
2 52 1200 234 88
2 64 240 234 88
2 63 240 234 88
2 61 240 234 88
2 63 480 470 88
2 64 480 470 88
2 63 120 116 88
2 61 120 116 88
2 59 120 116 88
2 61 120 116 88
2 62 480 470 88
2 61 600 590 88
2 59 120 116 88
2 58 120 116 88
2 59 120 116 88
2 56 600 578 88
2 56 120 116 88
2 58 120 116 88
2 59 120 116 88
2 61 600 590 88
2 64 120 116 88
2 63 120 116 88
2 61 120 116 88
2 59 1200 234 88
2 59 240 234 88
2 58 360 353 88
2 56 120 116 88
2 54 7680 234 88
2 52 480 470 88
2 56 480 470 88
2 61 480 470 88
2 57 480 470 88
2 54 480 470 88
2 63 480 470 88
2 64 720 708 88
2 61 240 234 88
2 66 720 470 88
2 66 240 234 88
2 63 240 234 88
2 64 480 234 88
2 61 240 234 88
2 59 840 827 88
2 57 120 116 88
2 56 480 470 88
2 59 480 470 88
2 64 480 470 88
2 61 480 470 88
2 58 480 470 88
2 67 480 470 88
2 68 120 116 88
2 66 120 116 88
2 65 120 116 88
2 63 120 116 88
2 62 120 116 88
2 63 120 116 88
2 65 120 116 88
2 62 120 116 88
2 63 600 590 88
2 64 120 116 88
2 66 120 116 88
2 63 120 116 88
2 64 120 116 88
2 63 120 116 88
2 61 120 116 88
2 59 120 116 88
2 58 120 116 88
2 59 120 116 88
2 61 120 116 88
2 58 120 116 88
2 59 600 590 88
2 61 120 116 88
2 63 120 116 88
2 59 120 116 88
2 61 120 116 88
2 59 120 116 88
2 58 120 116 88
2 56 120 116 88
2 55 120 116 88
2 56 120 116 88
2 58 120 116 88
2 55 120 116 88
2 56 300 294 88
2 54 60 58 88
2 52 60 58 88
2 51 60 58 88
2 49 120 116 88
2 59 120 116 88
2 58 120 116 88
2 54 120 116 88
2 59 300 294 88
2 58 60 58 88
2 56 60 58 88
2 54 60 58 88
2 52 120 116 88
2 63 120 116 88
2 61 120 116 88
2 58 120 116 88
2 63 300 294 88
2 61 60 58 88
2 59 60 58 88
2 58 60 58 88
2 56 120 116 88
2 66 120 116 88
2 65 120 116 88
2 61 120 116 88
2 66 120 116 88
2 68 120 116 88
2 70 120 116 88
2 66 120 116 88
2 63 120 116 88
2 64 120 116 88
2 66 120 116 88
2 63 120 116 88
2 60 120 116 88
2 61 120 116 88
2 63 120 116 88
2 60 120 116 88
2 61 120 116 88
2 63 120 116 88
2 64 360 338 88
2 64 120 116 88
2 63 120 116 88
2 61 120 116 88
2 59 120 116 88
2 61 120 116 88
2 63 120 116 88
2 59 120 116 88
2 56 120 116 88
2 58 120 116 88
2 59 120 116 88
2 56 120 116 88
2 58 120 116 88
2 59 120 116 88
2 61 360 356 88
2 59 120 116 88
2 58 120 116 88
2 56 120 116 88
2 55 120 116 88
2 56 120 116 88
2 58 120 116 88
2 55 120 116 88
2 56 120 116 88
2 59 120 116 88
2 61 120 116 88
2 63 120 116 88
2 64 240 234 88
2 59 360 356 88
2 56 120 116 88
2 58 120 116 88
2 59 120 116 88
2 61 240 234 88
2 66 360 356 88
2 68 120 116 88
2 66 120 116 88
2 64 120 116 88
2 63 600 596 88
2 64 120 116 88
2 63 120 116 88
2 61 120 116 88
2 59 5280 714 88
2 54 480 470 88
2 59 480 470 88
2 56 480 470 88
2 65 480 470 88
2 66 600 590 88
2 61 120 116 88
2 66 480 474 88
2 60 120 116 88
2 66 120 116 88
2 64 240 234 88
2 63 480 474 88
2 61 120 116 88
2 60 120 116 88
2 61 120 116 88
2 63 120 116 88
2 64 480 474 88
2 58 2609 7285 10
2 58 120 116 88
2 64 120 116 88
2 63 240 234 88
2 61 480 474 88
2 59 120 116 88
2 58 120 116 88
2 59 120 116 88
2 61 120 116 88
2 63 360 356 88
2 64 120 116 88
2 63 120 116 88
2 61 120 116 88
2 59 120 116 88
2 61 120 116 88
2 59 120 116 88
2 57 120 116 88
2 56 120 116 88
2 59 120 116 88
2 64 120 116 88
2 63 120 116 88
2 61 120 116 88
2 63 120 116 88
2 64 120 116 88
2 61 120 116 88
2 58 120 116 88
2 59 120 116 88
2 61 120 116 88
2 58 120 116 88
2 54 120 116 88
2 56 120 116 88
2 58 360 356 88
2 54 120 116 88
2 59 120 116 88
2 58 120 116 88
2 56 600 596 88
2 54 120 116 88
2 52 120 116 88
2 56 120 116 88
2 61 600 596 88
2 59 120 116 88
2 61 120 116 88
2 59 120 116 88
2 61 480 234 88
2 66 120 116 88
2 64 120 116 88
2 66 120 116 88
2 64 120 116 88
2 66 720 234 88
2 59 240 234 88
2 62 480 470 88
2 62 720 470 88
2 56 240 234 88
2 54 1320 234 88
2 49 120 116 88
2 54 480 470 88
3 47 480 470 88
3 51 480 470 88
3 56 480 470 88
3 52 480 470 88
3 49 480 470 88
3 58 480 470 88
3 59 240 234 88
3 58 120 116 88
3 56 120 116 88
3 54 240 234 88
3 52 240 234 88
3 51 120 116 88
3 49 120 116 88
3 52 480 470 88
3 51 120 116 88
3 49 120 116 88
3 47 120 116 88
3 54 120 116 88
3 58 480 470 88
3 56 120 116 88
3 54 120 116 88
3 53 120 116 88
3 59 120 116 88
3 63 480 470 88
3 61 120 116 88
3 59 120 116 88
3 58 240 234 88
3 59 240 234 88
3 58 240 234 88
3 56 240 234 88
3 54 240 234 88
3 53 120 116 88
3 51 120 116 88
3 49 120 116 88
3 51 120 116 88
3 52 480 474 88
3 51 120 116 88
3 49 120 116 88
3 47 840 833 88
3 48 120 116 88
3 49 120 116 88
3 51 120 116 88
3 52 120 116 88
3 49 120 116 88
3 54 360 353 88
3 52 120 116 88
3 51 120 116 88
3 49 120 116 88
3 51 240 234 88
3 56 240 234 88
3 44 480 470 88
3 46 240 234 88
3 47 4800 234 88
3 47 480 470 88
3 51 480 470 88
3 56 480 470 88
3 52 480 470 88
3 49 480 470 88
3 58 480 470 88
3 59 240 234 88
3 63 120 116 88
3 61 120 116 88
3 59 240 234 88
3 58 240 234 88
3 56 600 590 88
3 55 120 116 88
3 56 120 116 88
3 55 120 116 88
3 56 240 234 88
3 59 120 116 88
3 58 120 116 88
3 56 240 234 88
3 54 240 234 88
3 53 480 470 88
3 54 480 470 88
3 49 960 945 88
3 42 4080 470 88
3 59 120 116 88
3 58 120 116 88
3 56 120 116 88
3 58 120 116 88
3 59 120 116 88
3 56 120 116 88
3 52 120 116 88
3 54 120 116 88
3 56 120 116 88
3 52 120 116 88
3 49 120 116 88
3 51 120 116 88
3 52 360 356 88
3 49 120 116 88
3 51 240 234 88
3 52 240 234 88
3 47 240 234 88
3 49 120 116 88
3 51 120 116 88
3 52 120 116 88
3 49 120 116 88
3 54 480 470 88
3 47 1080 234 88
3 47 120 116 88
3 52 120 116 88
3 51 120 116 88
3 49 120 116 88
3 51 120 116 88
3 52 120 116 88
3 49 120 116 88
3 46 120 116 88
3 47 120 116 88
3 49 120 116 88
3 46 120 116 88
3 43 120 116 88
3 44 120 116 88
3 46 360 356 88
3 44 120 116 88
3 46 120 116 88
3 47 120 116 88
3 49 600 596 88
3 42 120 116 88
3 44 120 116 88
3 46 120 116 88
3 47 600 596 88
3 46 120 116 88
3 47 120 116 88
3 49 120 116 88
3 51 240 234 88
3 49 240 234 88
3 47 120 116 88
3 44 120 116 88
3 46 120 116 88
3 47 120 116 88
3 49 240 234 88
3 47 360 338 88
3 47 120 116 88
3 46 120 116 88
3 44 120 116 88
3 42 600 234 88
3 51 120 116 88
3 53 120 116 88
3 55 120 116 88
3 56 120 116 88
3 55 120 116 88
3 56 480 458 88
3 56 480 470 88
3 50 240 234 88
3 51 2880 234 88
3 44 480 470 88
3 47 480 470 88
3 52 480 470 88
3 49 480 470 88
3 46 480 470 88
3 55 480 470 88
3 56 600 590 88
3 54 120 116 88
3 53 120 116 88
3 56 120 116 88
3 54 600 590 88
3 52 120 116 88
3 51 120 116 88
3 54 120 116 88
3 52 360 353 88
3 51 120 116 88
3 49 120 116 88
3 51 120 116 88
3 52 120 116 88
3 49 120 116 88
3 45 120 116 88
3 49 120 116 88
3 54 480 470 88
3 48 360 356 88
3 49 120 116 88
3 51 120 116 88
3 48 120 116 88
3 44 120 116 88
3 46 120 116 88
3 48 120 116 88
3 44 120 116 88
3 49 120 116 88
3 51 120 116 88
3 52 120 116 88
3 49 120 116 88
3 45 120 116 88
3 47 120 116 88
3 49 120 116 88
3 45 120 116 88
3 42 120 116 88
3 44 120 116 88
3 45 120 116 88
3 42 120 116 88
3 39 120 116 88
3 40 120 116 88
3 42 120 116 88
3 39 120 116 88
3 44 120 116 88
3 42 120 116 88
3 40 120 116 88
3 42 120 116 88
3 44 120 116 88
3 42 120 116 88
3 44 120 116 88
3 45 120 116 88
3 47 960 945 88
3 52 14400 470 88
3 47 480 470 88
3 51 480 470 88
3 56 480 470 88
3 52 480 470 88
3 49 480 470 88
3 58 480 470 88
3 59 600 590 88
3 61 120 116 88
3 59 120 116 88
3 58 120 116 88
3 56 600 590 88
3 58 120 116 88
3 56 120 116 88
3 54 120 116 88
3 53 600 590 88
3 54 120 116 88
3 53 120 116 88
3 51 120 116 88
3 50 120 116 88
3 46 120 116 88
3 48 120 116 88
3 50 120 116 88
3 51 120 116 88
3 53 120 116 88
3 54 120 116 88
3 51 120 116 88
3 56 120 116 88
3 54 120 116 88
3 56 120 116 88
3 58 120 116 88
3 59 120 116 88
3 58 120 116 88
3 59 120 116 88
3 56 120 116 88
3 58 840 827 88
3 57 120 116 88
3 58 480 470 88
3 46 480 470 88
3 51 600 590 88
3 52 120 116 88
3 51 120 116 88
3 49 120 116 88
3 47 120 116 88
3 46 120 116 88
3 47 360 353 88
3 49 120 116 88
3 51 360 356 88
3 49 120 116 88
3 47 120 116 88
3 51 120 116 88
3 49 120 116 88
3 47 120 116 88
3 46 120 116 88
3 44 120 116 88
3 42 120 116 88
3 49 120 116 88
3 54 360 353 88
3 52 120 116 88
3 51 120 116 88
3 49 120 116 88
3 48 120 116 88
3 49 120 116 88
3 51 120 116 88
3 48 120 116 88
3 44 120 116 88
3 46 120 116 88
3 48 120 116 88
3 44 120 116 88
3 49 120 116 88
3 51 120 116 88
3 52 360 353 88
3 51 120 116 88
3 49 120 116 88
3 47 120 116 88
3 46 120 116 88
3 47 120 116 88
3 49 120 116 88
3 46 120 116 88
3 42 120 116 88
3 44 120 116 88
3 46 120 116 88
3 42 120 116 88
3 47 120 116 88
3 49 120 116 88
3 51 360 353 88
3 49 120 116 88
3 47 120 116 88
3 51 120 116 88
3 56 600 590 88
3 57 120 116 88
3 56 120 116 88
3 54 120 116 88
3 52 1680 1668 88
3 54 120 116 88
3 52 120 116 88
3 51 600 590 88
3 49 120 116 88
3 47 120 116 88
3 51 120 116 88
3 49 600 590 88
3 51 120 116 88
3 52 120 116 88
3 49 120 116 88
3 58 600 590 88
3 56 120 116 88
3 54 120 116 88
3 56 120 116 88
3 57 600 590 88
3 56 120 116 88
3 54 120 116 88
3 57 120 116 88
3 56 960 945 88
3 59 720 470 88
3 53 240 234 88
3 54 120 116 88
3 52 120 116 88
3 51 120 116 88
3 49 120 116 88
3 47 120 116 88
3 49 120 116 88
3 51 120 116 88
3 41 120 116 88
3 42 960 945 88
