0 0 3840 0 0
0 73 38 36 88
0 72 37 36 88
0 73 38 36 88
0 72 37 36 88
0 73 38 36 88
0 72 37 36 88
0 73 38 36 88
0 72 30 29 88
0 73 30 29 88
0 72 37 36 88
0 70 60 58 88
0 72 60 58 88
0 73 480 234 88
0 68 240 234 88
0 70 240 234 88
0 71 360 353 88
0 70 60 58 88
0 68 60 58 88
0 66 120 116 88
0 65 120 116 88
0 66 120 116 88
0 68 120 116 88
0 70 120 116 88
0 72 120 116 88
0 73 120 116 88
0 70 120 116 88
0 75 240 234 88
0 66 240 234 88
0 66 240 234 88
0 65 120 116 88
0 63 120 116 88
0 61 240 234 88
0 71 240 234 88
0 71 240 234 88
0 70 480 234 88
0 69 240 234 88
0 69 240 234 88
0 68 480 234 88
0 68 120 116 88
0 70 120 116 88
0 71 240 234 88
0 63 240 234 88
0 65 480 470 88
0 66 120 116 88
0 65 120 116 88
0 66 120 116 88
0 68 120 116 88
0 70 120 116 88
0 68 120 116 88
0 70 120 116 88
0 66 120 116 88
0 63 240 234 88
0 68 360 353 88
0 66 120 116 88
0 68 120 116 88
0 65 120 116 88
0 66 120 116 88
0 70 120 116 88
0 72 120 116 88
0 74 120 116 88
0 75 120 116 88
0 77 120 116 88
0 78 120 116 88
0 75 120 116 88
0 77 480 470 88
0 80 38 36 88
0 79 45 43 88
0 80 45 43 88
0 79 45 43 88
0 80 45 43 88
0 79 37 36 88
0 80 38 36 88
0 79 37 36 88
0 80 38 36 88
0 79 37 36 88
0 77 38 36 88
0 79 37 36 88
0 80 240 234 88
0 75 120 116 88
0 73 120 116 88
0 71 240 234 88
0 76 480 474 88
0 75 120 116 88
0 73 120 116 88
0 75 240 234 88
0 80 360 356 88
0 78 120 116 88
0 77 120 116 88
0 75 120 116 88
0 73 120 116 88
0 71 120 116 88
0 73 120 116 88
0 70 120 116 88
0 66 240 234 88
0 71 360 353 88
0 70 120 116 88
0 71 120 116 88
0 68 120 116 88
0 70 120 116 88
0 71 120 116 88
0 73 120 116 88
0 75 120 116 88
0 77 120 116 88
0 78 60 58 88
0 77 60 58 88
0 75 120 116 88
0 77 120 116 88
0 78 480 234 88
0 73 240 234 88
0 75 240 234 88
0 76 360 353 88
0 75 60 58 88
0 73 60 58 88
0 71 120 116 88
0 70 120 116 88
0 71 120 116 88
0 73 120 116 88
0 75 120 116 88
0 77 120 116 88
0 78 120 116 88
0 75 120 116 88
0 80 240 234 88
0 71 240 234 88
0 73 23 22 88
0 71 37 36 88
0 73 38 36 88
0 71 142 138 88
0 70 240 234 88
0 78 240 234 88
0 70 240 234 88
0 71 23 22 88
0 70 37 36 88
0 71 38 36 88
0 70 142 138 88
0 68 240 234 88
0 77 240 234 88
0 68 240 234 88
0 70 23 22 88
0 68 37 36 88
0 70 38 36 88
0 68 142 138 88
0 66 480 234 88
0 71 240 234 88
0 71 240 234 88
0 70 480 234 88
0 70 240 234 88
0 70 240 234 88
0 68 240 234 88
0 80 240 234 88
0 72 240 234 88
0 73 23 22 88
0 72 37 36 88
0 73 38 36 88
0 72 142 138 88
0 70 240 234 88
0 79 240 234 88
0 70 240 234 88
0 72 23 22 88
0 70 37 36 88
0 72 38 36 88
0 70 142 138 88
0 68 480 234 88
0 73 240 234 88
0 73 240 234 88
0 72 480 234 88
0 72 240 234 88
0 72 240 234 88
0 70 240 234 88
0 75 120 116 88
0 73 120 116 88
0 75 240 234 88
0 68 360 353 88
0 70 120 116 88
0 71 240 234 88
0 73 240 234 88
0 66 360 353 88
0 68 120 116 88
0 70 120 116 88
0 68 120 116 88
0 70 120 116 88
0 72 120 116 88
0 73 240 234 88
0 70 240 234 88
0 72 480 470 88
0 73 1200 234 88
0 73 120 116 88
0 75 120 116 88
0 76 120 116 88
0 75 120 116 88
0 78 120 116 88
0 73 120 116 88
0 71 120 116 88
0 70 120 116 88
0 71 120 116 88
0 73 120 116 88
0 75 120 116 88
0 73 120 116 88
0 76 120 116 88
0 68 120 116 88
0 66 240 234 88
0 71 360 353 88
0 70 120 116 88
0 68 120 116 88
0 80 120 116 88
0 73 120 116 88
0 77 120 116 88
0 78 120 116 88
0 82 120 116 88
0 75 38 36 88
0 74 37 36 88
0 75 38 36 88
0 74 37 36 88
0 75 38 36 88
0 74 37 36 88
0 75 38 36 88
0 74 30 29 88
0 75 30 29 88
0 74 37 36 88
0 72 60 58 88
0 74 60 58 88
0 75 480 234 88
0 70 240 234 88
0 72 240 234 88
0 73 360 353 88
0 72 60 58 88
0 70 60 58 88
0 68 120 116 88
0 67 120 116 88
0 68 120 116 88
0 70 120 116 88
0 72 120 116 88
0 74 120 116 88
0 75 120 116 88
0 72 120 116 88
0 77 240 234 88
0 68 240 234 88
0 70 23 22 88
0 68 37 36 88
0 70 38 36 88
0 68 142 138 88
0 66 120 116 88
0 65 120 116 88
0 66 240 234 88
0 68 240 234 88
0 65 480 470 88
0 68 38 36 88
0 67 45 43 88
0 68 45 43 88
0 67 45 43 88
0 68 45 43 88
0 67 37 36 88
0 68 38 36 88
0 67 37 36 88
0 68 38 36 88
0 67 37 36 88
0 65 38 36 88
0 67 37 36 88
0 68 720 470 88
0 76 480 474 88
0 75 120 116 88
0 73 120 116 88
0 75 240 234 88
0 80 360 356 88
0 78 120 116 88
0 77 120 116 88
0 75 120 116 88
0 73 120 116 88
0 72 120 116 88
0 73 120 116 88
0 77 120 116 88
0 78 120 116 88
0 71 120 116 88
0 83 360 353 88
0 82 120 116 88
0 83 120 116 88
0 80 120 116 88
0 82 240 234 88
0 78 240 234 88
0 83 360 353 88
0 78 120 116 88
0 80 480 470 88
0 83 38 36 88
0 82 45 43 88
0 83 45 43 88
0 82 45 43 88
0 83 45 43 88
0 82 37 36 88
0 83 38 36 88
0 82 37 36 88
0 83 38 36 88
0 82 37 36 88
0 80 38 36 88
0 82 37 36 88
0 83 240 234 88
0 75 120 116 88
0 71 120 116 88
0 73 120 116 88
0 75 120 116 88
0 76 240 234 88
0 76 240 234 88
0 75 480 234 88
0 74 240 234 88
0 74 240 234 88
0 73 480 234 88
0 73 120 116 88
0 75 120 116 88
0 76 600 590 88
0 71 120 116 88
0 70 120 116 88
0 73 240 236 88
0 66 120 116 88
0 71 120 116 88
0 70 120 116 88
0 71 240 225 88
0 71 240 234 88
0 71 240 234 88
0 70 480 234 88
0 70 240 234 88
0 70 240 234 88
0 68 240 234 88
0 76 240 234 88
0 68 240 234 88
0 69 23 22 88
0 68 45 43 88
0 69 37 36 88
0 68 135 131 88
0 66 240 234 88
0 75 240 234 88
0 66 240 234 88
0 68 23 22 88
0 66 45 43 88
0 68 37 36 88
0 66 135 131 88
0 65 480 234 88
0 73 240 234 88
0 73 240 234 88
0 72 480 234 88
0 72 240 234 88
0 72 240 234 88
0 70 240 234 88
0 78 240 234 88
0 70 240 234 88
0 71 23 22 88
0 70 45 43 88
0 71 37 36 88
0 70 135 131 88
0 68 240 234 88
0 77 240 234 88
0 68 240 234 88
0 70 23 22 88
0 68 45 43 88
0 70 37 36 88
0 68 135 131 88
0 66 480 234 88
0 71 240 234 88
0 71 240 234 88
0 70 480 234 88
0 69 240 234 88
0 69 240 234 88
0 68 480 234 88
0 68 240 234 88
0 66 240 234 88
0 71 480 470 88
0 70 120 116 88
0 68 120 116 88
0 66 8160 234 88
0 78 38 36 88
0 77 37 36 88
0 78 38 36 88
0 77 37 36 88
0 78 38 36 88
0 77 37 36 88
0 78 38 36 88
0 77 30 29 88
0 78 30 29 88
0 77 37 36 88
0 75 60 58 88
0 77 60 58 88
0 78 480 234 88
0 73 240 234 88
0 75 240 234 88
0 76 360 353 88
0 75 60 58 88
0 73 60 58 88
0 71 120 116 88
0 70 120 116 88
0 71 120 116 88
0 73 120 116 88
0 75 120 116 88
0 77 120 116 88
0 78 120 116 88
0 75 120 116 88
0 80 240 234 88
0 71 240 234 88
0 71 240 234 88
0 70 240 234 88
0 82 240 234 88
0 73 240 234 88
0 75 23 22 88
0 73 37 36 88
0 75 38 36 88
0 73 142 138 88
0 71 240 234 88
0 83 240 234 88
0 75 240 234 88
0 77 23 22 88
0 75 45 43 88
0 77 37 36 88
0 75 135 131 88
0 73 120 116 88
0 75 120 116 88
0 77 120 116 88
0 78 120 116 88
0 80 120 116 88
0 77 120 116 88
0 78 360 353 88
0 80 120 116 88
0 78 38 36 88
0 77 37 36 88
0 78 38 36 88
0 77 37 36 88
0 78 30 29 88
0 77 30 29 88
0 78 30 29 88
0 77 120 116 88
0 78 120 116 88
1 66 38 36 88
1 65 37 36 88
1 66 38 36 88
1 65 37 36 88
1 66 38 36 88
1 65 37 36 88
1 66 38 36 88
1 65 30 29 88
1 66 30 29 88
1 65 37 36 88
1 63 60 58 88
1 65 60 58 88
1 66 480 234 88
1 61 240 234 88
1 63 240 234 88
1 64 360 353 88
1 63 60 58 88
1 61 60 58 88
1 59 120 116 88
1 58 120 116 88
1 59 120 116 88
1 61 120 116 88
1 63 120 116 88
1 65 120 116 88
1 66 120 116 88
1 63 120 116 88
1 68 240 234 88
1 59 240 234 88
1 61 23 22 88
1 59 30 29 88
1 61 22 21 88
1 59 23 22 88
1 61 22 21 88
1 59 120 116 88
1 58 120 116 88
1 56 120 116 88
1 54 240 234 88
1 66 240 234 88
1 66 240 234 88
1 65 480 234 88
1 64 240 234 88
1 64 240 234 88
1 63 480 234 88
1 63 120 116 88
1 65 120 116 88
1 66 240 234 88
1 58 240 234 88
1 61 38 36 88
1 60 45 43 88
1 61 45 43 88
1 60 45 43 88
1 61 45 43 88
1 60 37 36 88
1 61 38 36 88
1 60 37 36 88
1 61 38 36 88
1 60 37 36 88
1 58 38 36 88
1 60 37 36 88
1 61 240 234 88
1 56 240 234 88
1 61 840 833 88
1 63 120 116 88
1 64 240 234 88
1 66 240 234 88
1 59 360 353 88
1 61 120 116 88
1 63 240 234 88
1 65 240 234 88
1 66 240 234 88
1 59 480 470 88
1 58 120 116 88
1 56 120 116 88
1 54 720 470 88
1 61 240 234 88
1 60 480 470 88
1 63 38 36 88
1 62 45 43 88
1 63 45 43 88
1 62 45 43 88
1 63 45 43 88
1 62 37 36 88
1 63 38 36 88
1 62 37 36 88
1 63 38 36 88
1 62 37 36 88
1 60 38 36 88
1 62 37 36 88
1 63 720 470 88
1 71 480 474 88
1 70 120 116 88
1 68 120 116 88
1 70 240 234 88
1 75 360 356 88
1 73 120 116 88
1 71 120 116 88
1 70 120 116 88
1 68 120 116 88
1 67 120 116 88
1 68 120 116 88
1 64 120 116 88
1 61 240 234 88
1 66 360 353 88
1 65 120 116 88
1 66 120 116 88
1 63 120 116 88
1 65 240 234 88
1 61 240 234 88
1 66 240 234 88
1 64 240 234 88
1 63 480 470 88
1 66 38 36 88
1 65 45 43 88
1 66 45 43 88
1 65 45 43 88
1 66 45 43 88
1 65 37 36 88
1 66 38 36 88
1 65 37 36 88
1 66 38 36 88
1 65 37 36 88
1 63 38 36 88
1 65 37 36 88
1 66 480 234 88
1 68 480 470 88
1 61 360 345 88
1 61 120 116 88
1 66 480 470 88
1 59 360 345 88
1 59 120 116 88
1 64 480 470 88
1 63 480 470 88
1 61 1200 950 88
1 66 240 234 88
1 66 240 234 88
1 65 480 234 88
1 65 240 234 88
1 65 240 234 88
1 63 240 234 88
1 71 240 234 88
1 63 240 234 88
1 64 23 22 88
1 63 45 43 88
1 64 37 36 88
1 63 135 131 88
1 61 240 234 88
1 70 240 234 88
1 61 240 234 88
1 63 23 22 88
1 61 45 43 88
1 63 37 36 88
1 61 135 131 88
1 60 480 234 88
1 68 240 234 88
1 68 240 234 88
1 67 480 234 88
1 67 240 234 88
1 67 240 234 88
1 65 240 234 88
1 73 240 234 88
1 65 240 234 88
1 66 23 22 88
1 65 45 43 88
1 66 37 36 88
1 65 135 131 88
1 63 240 234 88
1 72 240 234 88
1 63 240 234 88
1 65 23 22 88
1 63 45 43 88
1 65 37 36 88
1 63 135 131 88
1 61 480 234 88
1 66 240 234 88
1 66 240 234 88
1 65 480 234 88
1 64 240 234 88
1 64 240 234 88
1 63 480 234 88
1 63 240 234 88
1 61 240 234 88
1 66 480 470 88
1 65 120 116 88
1 63 120 116 88
1 68 120 116 88
1 66 120 116 88
1 68 120 116 88
1 71 120 116 88
1 66 38 36 88
1 65 37 36 88
1 66 38 36 88
1 65 37 36 88
1 66 38 36 88
1 65 37 36 88
1 66 38 36 88
1 65 30 29 88
1 66 30 29 88
1 65 37 36 88
1 63 60 58 88
1 65 60 58 88
1 66 480 234 88
1 61 240 234 88
1 63 240 234 88
1 64 360 353 88
1 63 60 58 88
1 61 60 58 88
1 59 120 116 88
1 58 120 116 88
1 59 120 116 88
1 61 120 116 88
1 63 120 116 88
1 65 120 116 88
1 66 120 116 88
1 63 120 116 88
1 68 240 234 88
1 59 240 234 88
1 61 23 22 88
1 59 30 29 88
1 61 22 21 88
1 59 23 22 88
1 61 22 21 88
1 59 120 116 88
1 58 480 234 88
1 68 240 234 88
1 68 240 234 88
1 67 480 234 88
1 66 240 234 88
1 66 240 234 88
1 65 480 234 88
1 65 120 116 88
1 67 120 116 88
1 68 240 234 88
1 60 240 234 88
1 62 480 470 88
1 63 120 116 88
1 58 120 116 88
1 60 120 116 88
1 62 120 116 88
1 63 120 116 88
1 62 120 116 88
1 63 120 116 88
1 59 120 116 88
1 56 240 234 88
1 61 360 353 88
1 59 120 116 88
1 61 120 116 88
1 58 120 116 88
1 59 120 116 88
1 63 120 116 88
1 65 120 116 88
1 67 120 116 88
1 68 120 116 88
1 70 120 116 88
1 71 120 116 88
1 68 120 116 88
1 70 480 470 88
1 73 38 36 88
1 72 45 43 88
1 73 45 43 88
1 72 45 43 88
1 73 45 43 88
1 72 37 36 88
1 73 38 36 88
1 72 37 36 88
1 73 38 36 88
1 72 37 36 88
1 70 38 36 88
1 72 37 36 88
1 73 240 234 88
1 68 120 116 88
1 66 120 116 88
1 65 240 234 88
1 70 480 474 88
1 68 120 116 88
1 66 120 116 88
1 68 240 234 88
1 73 360 356 88
1 71 120 116 88
1 70 120 116 88
1 68 120 116 88
1 66 120 116 88
1 64 120 116 88
1 66 120 116 88
1 70 120 116 88
1 71 120 116 88
1 64 120 116 88
1 76 360 353 88
1 75 120 116 88
1 76 120 116 88
1 73 120 116 88
1 75 120 116 88
1 71 120 116 88
1 66 120 116 88
1 68 120 116 88
1 71 38 36 88
1 70 37 36 88
1 71 38 36 88
1 70 37 36 88
1 71 38 36 88
1 70 37 36 88
1 71 38 36 88
1 70 30 29 88
1 71 30 29 88
1 70 37 36 88
1 68 60 58 88
1 70 60 58 88
1 71 480 234 88
1 66 240 234 88
1 68 240 234 88
1 69 360 353 88
1 68 60 58 88
1 66 60 58 88
1 64 120 116 88
1 63 120 116 88
1 64 120 116 88
1 66 120 116 88
1 68 120 116 88
1 70 120 116 88
1 71 120 116 88
1 68 120 116 88
1 73 240 234 88
1 64 240 234 88
1 64 240 234 88
1 63 240 234 88
1 71 240 234 88
1 63 240 234 88
1 64 23 22 88
1 63 45 43 88
1 64 37 36 88
1 63 135 131 88
1 61 240 234 88
1 70 240 234 88
1 61 240 234 88
1 63 23 22 88
1 61 45 43 88
1 63 37 36 88
1 61 135 131 88
1 59 480 234 88
1 64 240 234 88
1 64 240 234 88
1 63 480 234 88
1 63 240 234 88
1 63 240 234 88
1 61 240 234 88
1 73 240 234 88
1 65 240 234 88
1 66 23 22 88
1 65 45 43 88
1 66 37 36 88
1 65 135 131 88
1 63 240 234 88
1 72 240 234 88
1 63 240 234 88
1 65 23 22 88
1 63 45 43 88
1 65 37 36 88
1 63 135 131 88
1 61 480 234 88
1 66 240 234 88
1 66 240 234 88
1 65 480 234 88
1 65 240 234 88
1 65 240 234 88
1 63 240 234 88
1 68 120 116 88
1 66 120 116 88
1 68 240 234 88
1 61 360 353 88
1 63 120 116 88
1 64 240 234 88
1 66 240 234 88
1 59 360 353 88
1 61 120 116 88
1 63 120 116 88
1 61 120 116 88
1 63 120 116 88
1 65 120 116 88
1 66 240 234 88
1 63 240 234 88
1 65 480 470 88
1 66 120 116 88
1 65 120 116 88
1 66 120 116 88
1 70 120 116 88
1 73 120 116 88
1 70 120 116 88
1 66 120 116 88
1 64 120 116 88
1 63 120 116 88
1 61 120 116 88
1 63 120 116 88
1 66 120 116 88
1 68 120 116 88
1 70 120 116 88
1 71 120 116 88
1 66 120 116 88
1 65 120 116 88
1 63 120 116 88
1 65 120 116 88
1 68 120 116 88
1 72 120 116 88
1 73 60 58 88
1 72 60 58 88
1 70 120 116 88
1 72 120 116 88
1 73 480 234 88
1 68 240 234 88
1 70 240 234 88
1 71 360 353 88
1 70 60 58 88
1 68 60 58 88
1 66 120 116 88
1 65 120 116 88
1 66 120 116 88
1 68 120 116 88
1 70 120 116 88
1 72 120 116 88
1 73 120 116 88
1 70 120 116 88
1 75 240 234 88
1 66 240 234 88
1 68 23 22 88
1 66 37 36 88
1 68 38 36 88
1 66 142 138 88
1 65 240 234 88
1 73 240 234 88
1 64 240 234 88
1 66 23 22 88
1 64 37 36 88
1 66 38 36 88
1 64 142 138 88
1 63 240 234 88
1 71 240 234 88
1 63 240 234 88
1 65 23 22 88
1 63 37 36 88
1 65 38 36 88
1 63 142 138 88
1 61 480 234 88
1 71 240 234 88
1 71 240 234 88
1 70 480 234 88
1 69 240 234 88
1 69 240 234 88
1 68 480 234 88
1 68 120 116 88
1 70 120 116 88
1 71 480 234 88
1 77 480 470 88
1 78 720 470 88
1 70 240 234 88
1 70 240 234 88
1 71 480 234 88
1 71 240 234 88
1 72 240 234 88
1 73 480 234 88
1 71 240 234 88
1 70 360 353 88
1 71 120 116 88
1 70 38 36 88
1 68 37 36 88
1 70 38 36 88
1 68 37 36 88
1 70 30 29 88
1 68 30 29 88
1 70 30 29 88
1 68 120 116 88
1 70 120 116 88
2 0 7680 0 0
2 54 38 36 88
2 53 37 36 88
2 54 38 36 88
2 53 37 36 88
2 54 38 36 88
2 53 37 36 88
2 54 38 36 88
2 53 30 29 88
2 54 30 29 88
2 53 37 36 88
2 51 60 58 88
2 53 60 58 88
2 54 480 234 88
2 49 240 234 88
2 51 240 234 88
2 52 360 353 88
2 51 60 58 88
2 49 60 58 88
2 47 120 116 88
2 46 120 116 88
2 47 120 116 88
2 49 120 116 88
2 51 120 116 88
2 53 120 116 88
2 54 120 116 88
2 51 120 116 88
2 56 240 234 88
2 47 240 234 88
2 47 240 234 88
2 46 120 116 88
2 44 120 116 88
2 42 240 234 88
2 54 480 474 88
2 53 120 116 88
2 51 120 116 88
2 53 240 234 88
2 46 240 234 88
2 39 240 234 88
2 51 360 353 88
2 50 120 116 88
2 51 120 116 88
2 47 120 116 88
2 44 240 234 88
2 49 360 353 88
2 47 120 116 88
2 49 120 116 88
2 46 120 116 88
2 47 120 116 88
2 51 120 116 88
2 53 120 116 88
2 55 120 116 88
2 56 2847 234 88
2 61 38 36 88
2 60 45 43 88
2 61 45 43 88
2 60 45 43 88
2 61 45 43 88
2 60 37 36 88
2 61 38 36 88
2 60 37 36 88
2 61 38 36 88
2 60 37 36 88
2 58 38 36 88
2 60 37 36 88
2 61 240 234 88
2 59 240 234 88
2 58 720 714 88
2 56 120 116 88
2 54 120 116 88
2 56 240 234 88
2 61 240 234 88
2 54 240 234 88
2 53 120 116 88
2 51 120 116 88
2 49 240 234 88
2 59 240 234 88
2 59 240 234 88
2 58 480 234 88
2 57 240 234 88
2 57 240 234 88
2 56 480 234 88
2 56 120 116 88
2 58 120 116 88
2 59 240 234 88
2 51 240 234 88
2 53 480 470 88
2 54 120 116 88
2 53 120 116 88
2 54 120 116 88
2 56 120 116 88
2 58 120 116 88
2 54 120 116 88
2 51 120 116 88
2 54 120 116 88
2 59 120 116 88
2 58 120 116 88
2 59 120 116 88
2 56 120 116 88
2 62 120 116 88
2 60 120 116 88
2 62 120 116 88
2 58 120 116 88
2 63 120 116 88
2 58 120 116 88
2 51 120 116 88
2 50 120 116 88
2 51 120 116 88
2 47 120 116 88
2 44 120 116 88
2 47 120 116 88
2 52 120 116 88
2 51 120 116 88
2 52 120 116 88
2 49 120 116 88
2 55 120 116 88
2 53 120 116 88
2 55 120 116 88
2 51 120 116 88
2 56 120 116 88
2 55 120 116 88
2 56 120 116 88
2 58 120 116 88
2 60 120 116 88
2 58 120 116 88
2 60 120 116 88
2 56 120 116 88
2 61 120 116 88
2 60 120 116 88
2 61 120 116 88
2 58 120 116 88
2 64 120 116 88
2 62 120 116 88
2 64 120 116 88
2 60 120 116 88
2 65 120 116 88
2 60 120 116 88
2 53 120 116 88
2 52 120 116 88
2 53 120 116 88
2 49 120 116 88
2 46 120 116 88
2 49 120 116 88
2 54 120 116 88
2 53 120 116 88
2 54 120 116 88
2 51 120 116 88
2 57 120 116 88
2 55 120 116 88
2 57 120 116 88
2 53 120 116 88
2 58 120 116 88
2 57 120 116 88
2 58 120 116 88
2 60 120 116 88
2 61 38 36 88
2 60 37 36 88
2 61 38 36 88
2 60 37 36 88
2 61 38 36 88
2 60 37 36 88
2 61 38 36 88
2 60 30 29 88
2 61 30 29 88
2 60 37 36 88
2 58 60 58 88
2 60 60 58 88
2 61 480 234 88
2 56 240 234 88
2 58 240 234 88
2 59 360 353 88
2 58 60 58 88
2 56 60 58 88
2 54 120 116 88
2 53 120 116 88
2 54 120 116 88
2 56 120 116 88
2 58 120 116 88
2 60 120 116 88
2 61 120 116 88
2 58 120 116 88
2 63 240 234 88
2 54 240 234 88
2 54 240 234 88
2 53 120 116 88
2 51 120 116 88
2 49 120 116 88
2 53 120 116 88
2 56 120 116 88
2 59 120 116 88
2 61 23 22 88
2 59 45 43 88
2 61 37 36 88
2 59 135 131 88
2 58 480 234 88
2 57 240 234 88
2 57 240 234 88
2 56 480 234 88
2 56 120 116 88
2 58 120 116 88
2 59 240 234 88
2 51 240 234 88
2 53 480 470 88
2 54 360 345 88
2 54 120 116 88
2 53 120 116 88
2 51 120 116 88
2 53 120 116 88
2 46 120 116 88
2 51 120 116 88
2 50 120 116 88
2 51 120 116 88
2 53 120 116 88
2 54 120 116 88
2 51 120 116 88
2 45 120 116 88
2 57 120 116 88
2 58 120 116 88
2 57 120 116 88
2 58 120 116 88
2 60 120 116 88
2 61 360 353 88
2 60 60 58 88
2 58 60 58 88
2 56 360 353 88
2 54 120 116 88
2 53 120 116 88
2 51 120 116 88
2 53 120 116 88
2 58 120 116 88
2 51 720 470 88
2 47 480 474 88
2 46 120 116 88
2 44 120 116 88
2 46 240 234 88
2 39 240 234 88
2 44 240 234 88
2 56 360 353 88
2 55 120 116 88
2 56 120 116 88
2 52 120 116 88
2 49 240 234 88
2 54 360 353 88
2 53 120 116 88
2 54 120 116 88
2 51 120 116 88
2 53 120 116 88
2 56 120 116 88
2 58 120 116 88
2 60 120 116 88
2 61 480 470 88
2 63 480 470 88
2 66 38 36 88
2 65 45 43 88
2 66 45 43 88
2 65 45 43 88
2 66 45 43 88
2 65 37 36 88
2 66 38 36 88
2 65 37 36 88
2 66 38 36 88
2 65 37 36 88
2 63 38 36 88
2 65 37 36 88
2 66 240 234 88
2 64 240 234 88
2 63 720 714 88
2 61 120 116 88
2 59 120 116 88
2 61 240 234 88
2 54 240 234 88
2 59 1080 470 88
2 58 120 116 88
2 59 120 116 88
2 61 120 116 88
2 63 120 116 88
2 59 120 116 88
2 53 120 116 88
2 65 120 116 88
2 66 120 116 88
2 53 120 116 88
2 54 120 116 88
2 56 120 116 88
2 57 360 353 88
2 56 60 58 88
2 54 60 58 88
2 61 240 234 88
2 56 240 234 88
2 58 240 234 88
2 54 240 234 88
2 59 240 234 88
2 47 120 116 88
2 49 120 116 88
2 51 120 116 88
2 47 120 116 88
2 44 120 116 88
2 47 120 116 88
2 52 120 116 88
2 51 120 116 88
2 52 120 116 88
2 49 120 116 88
2 55 120 116 88
2 53 120 116 88
2 55 120 116 88
2 51 120 116 88
2 56 120 116 88
2 55 120 116 88
2 56 120 116 88
2 55 120 116 88
2 56 120 116 88
2 52 120 116 88
2 49 120 116 88
2 52 120 116 88
2 57 120 116 88
2 56 120 116 88
2 57 120 116 88
2 54 120 116 88
2 60 120 116 88
2 58 120 116 88
2 60 120 116 88
2 56 120 116 88
2 61 120 116 88
2 56 120 116 88
2 49 120 116 88
2 51 120 116 88
2 53 120 116 88
2 49 120 116 88
2 46 120 116 88
2 49 120 116 88
2 54 120 116 88
2 53 120 116 88
2 54 120 116 88
2 51 120 116 88
2 57 120 116 88
2 55 120 116 88
2 57 120 116 88
2 53 120 116 88
2 58 120 116 88
2 57 120 116 88
2 58 120 116 88
2 57 120 116 88
2 58 120 116 88
2 54 120 116 88
2 51 120 116 88
2 54 120 116 88
2 59 120 116 88
2 58 120 116 88
2 59 120 116 88
2 56 120 116 88
2 62 120 116 88
2 60 120 116 88
2 62 120 116 88
2 58 120 116 88
2 63 120 116 88
2 58 120 116 88
2 51 120 116 88
2 53 120 116 88
2 54 38 36 88
2 53 37 36 88
2 54 38 36 88
2 53 37 36 88
2 54 38 36 88
2 53 37 36 88
2 54 38 36 88
2 53 30 29 88
2 54 30 29 88
2 53 37 36 88
2 51 60 58 88
2 53 60 58 88
2 54 480 234 88
2 49 240 234 88
2 51 240 234 88
2 52 360 353 88
2 51 60 58 88
2 49 60 58 88
2 47 120 116 88
2 46 120 116 88
2 47 120 116 88
2 49 120 116 88
2 51 120 116 88
2 53 120 116 88
2 54 120 116 88
2 51 120 116 88
2 56 240 234 88
2 47 240 234 88
2 47 240 234 88
2 46 240 234 88
2 58 240 234 88
2 49 240 234 88
2 49 240 234 88
2 47 240 234 88
2 59 240 234 88
2 51 240 234 88
2 51 240 234 88
2 49 120 116 88
2 51 120 116 88
2 53 38 36 88
2 51 37 36 88
2 53 38 36 88
2 51 37 36 88
2 53 38 36 88
2 51 37 36 88
2 53 38 36 88
2 51 30 29 88
2 53 30 29 88
2 51 37 36 88
2 49 60 58 88
2 51 60 58 88
2 53 120 116 88
2 56 120 116 88
2 58 120 116 88
2 59 120 116 88
2 61 120 116 88
2 52 120 116 88
2 51 120 116 88
2 49 120 116 88
2 51 120 116 88
2 54 120 116 88
2 56 120 116 88
2 58 120 116 88
2 59 120 116 88
2 61 60 58 88
2 59 60 58 88
2 58 120 116 88
2 59 120 116 88
2 61 120 116 88
2 63 120 116 88
2 65 120 116 88
2 66 120 116 88
2 65 120 116 88
2 63 120 116 88
2 61 120 116 88
2 60 120 116 88
2 61 120 116 88
2 49 120 116 88
2 61 120 116 88
2 59 120 116 88
2 58 120 116 88
2 59 120 116 88
2 61 120 116 88
2 58 120 116 88
2 59 120 116 88
2 47 120 116 88
2 59 120 116 88
2 58 120 116 88
2 56 120 116 88
2 58 120 116 88
2 59 120 116 88
2 56 120 116 88
2 53 120 116 88
2 54 120 116 88
2 56 120 116 88
2 53 120 116 88
2 49 120 116 88
2 53 120 116 88
2 56 120 116 88
2 61 120 116 88
2 54 120 116 88
2 53 120 116 88
2 54 120 116 88
2 56 120 116 88
2 57 120 116 88
2 54 120 116 88
2 48 120 116 88
2 60 120 116 88
2 61 120 116 88
2 60 120 116 88
2 61 120 116 88
2 63 120 116 88
2 64 120 116 88
2 52 120 116 88
2 51 120 116 88
2 49 120 116 88
2 47 120 116 88
2 49 120 116 88
2 47 120 116 88
2 46 120 116 88
2 44 120 116 88
2 42 120 116 88
2 44 120 116 88
2 49 120 116 88
2 42 120 116 88
2 41 120 116 88
2 42 120 116 88
2 46 120 116 88
2 49 120 116 88
2 46 120 116 88
2 54 120 116 88
2 53 120 116 88
2 51 120 116 88
2 49 120 116 88
2 51 120 116 88
2 54 120 116 88
2 56 120 116 88
2 51 120 116 88
2 59 120 116 88
2 56 120 116 88
2 53 120 116 88
2 51 120 116 88
2 53 120 116 88
2 56 120 116 88
2 61 120 116 88
2 56 120 116 88
2 65 120 116 88
2 61 120 116 88
2 63 240 234 88
2 59 240 234 88
2 61 240 234 88
2 49 240 234 88
