0 0 60 0 0
0 74 60 58 88
0 71 60 58 88
0 74 60 58 88
0 79 60 58 88
0 74 60 58 88
0 71 60 58 88
0 74 60 58 88
0 67 60 58 88
0 74 60 58 88
0 71 60 58 88
0 74 60 58 88
0 76 60 58 88
0 72 60 58 88
0 69 60 58 88
0 72 60 58 88
0 66 60 58 88
0 69 60 58 88
0 74 60 58 88
0 71 60 58 88
0 67 60 58 88
0 71 60 58 88
0 64 60 58 88
0 67 60 58 88
0 72 60 58 88
0 69 60 58 88
0 66 60 58 88
0 69 60 58 88
0 62 60 58 88
0 66 60 58 88
0 71 60 58 88
0 69 60 58 88
0 67 60 58 88
0 69 60 58 88
0 71 60 58 88
0 72 60 58 88
0 74 60 58 88
0 69 60 58 88
0 71 60 58 88
0 73 60 58 88
0 74 60 58 88
0 76 60 58 88
0 78 60 58 88
0 76 60 58 88
0 74 60 58 88
0 76 60 58 88
0 78 60 58 88
0 79 60 58 88
0 81 240 116 88
0 81 120 116 88
0 74 120 116 88
0 79 360 356 88
0 78 120 116 88
0 74 120 116 88
0 71 120 116 88
0 76 300 298 88
0 79 60 58 88
0 78 60 58 88
0 76 60 58 88
0 74 60 58 88
0 76 60 58 88
0 78 60 58 88
0 81 60 58 88
0 79 60 58 88
0 78 60 58 88
0 76 60 58 88
0 78 60 58 88
0 79 480 116 88
0 83 300 298 88
0 76 60 58 88
0 78 60 58 88
0 81 240 238 88
0 74 60 58 88
0 76 60 58 88
0 79 240 238 88
0 72 60 58 88
0 74 60 58 88
0 78 300 296 88
0 76 360 356 88
0 74 360 356 88
0 73 60 58 88
0 71 60 58 88
0 73 120 116 88
0 74 480 116 88
0 81 120 116 88
0 72 180 178 88
0 74 60 58 88
0 71 60 58 88
0 74 60 58 88
0 79 60 58 88
0 74 60 58 88
0 71 60 58 88
0 74 60 58 88
0 67 60 58 88
0 74 60 58 88
0 71 60 58 88
0 74 540 176 88
0 83 120 116 88
0 74 180 178 88
0 76 60 58 88
0 72 60 58 88
0 76 60 58 88
0 81 60 58 88
0 76 60 58 88
0 72 60 58 88
0 76 60 58 88
0 69 60 58 88
0 76 60 58 88
0 72 60 58 88
0 76 60 58 88
0 78 480 116 88
0 81 360 356 88
0 83 60 58 88
0 81 60 58 88
0 79 60 58 88
0 78 60 58 88
0 76 60 58 88
0 78 60 58 88
0 79 300 298 88
0 72 60 58 88
0 74 60 58 88
0 78 240 238 88
0 71 60 58 88
0 72 60 58 88
0 76 240 238 88
0 69 60 58 88
0 71 60 58 88
0 75 300 296 88
0 76 60 58 88
0 75 60 58 88
0 76 240 236 88
0 74 60 58 88
0 73 60 58 88
0 74 60 58 88
0 76 60 58 88
0 78 60 58 88
0 76 60 58 88
0 74 60 58 88
0 78 60 58 88
0 83 60 58 88
0 78 60 58 88
0 74 60 58 88
0 78 60 58 88
0 71 60 58 88
0 78 60 58 88
0 74 60 58 88
0 78 60 58 88
0 79 60 58 88
0 76 60 58 88
0 73 60 58 88
0 76 60 58 88
0 69 60 58 88
0 73 60 58 88
0 78 60 58 88
0 74 60 58 88
0 71 60 58 88
0 74 60 58 88
0 67 60 58 88
0 71 60 58 88
0 76 60 58 88
0 73 60 58 88
0 70 60 58 88
0 73 60 58 88
0 66 60 58 88
0 70 60 58 88
0 74 60 58 88
0 78 60 58 88
0 71 60 58 88
0 74 60 58 88
0 78 60 58 88
0 74 60 58 88
0 71 60 58 88
0 74 60 58 88
0 66 60 58 88
0 71 60 58 88
0 74 960 956 88
0 72 120 101 88
0 72 120 116 88
0 74 19 18 88
0 72 22 22 88
0 74 23 22 88
0 72 22 22 88
0 74 23 22 88
0 72 22 22 88
0 74 23 22 88
0 72 19 18 88
0 74 18 18 88
0 72 19 18 88
0 74 19 18 88
0 72 19 18 88
0 74 18 18 88
0 72 19 18 88
0 74 19 18 88
0 72 19 18 88
0 74 18 18 88
0 72 19 18 88
0 72 120 101 88
0 72 120 101 88
0 72 120 116 88
0 72 480 476 88
0 71 120 101 88
0 71 120 116 88
0 71 300 281 88
0 71 120 101 88
0 71 60 58 88
0 69 60 58 88
0 66 60 58 88
0 67 60 58 88
0 64 60 58 88
0 66 60 58 88
0 69 60 58 88
0 62 60 58 88
0 66 60 58 88
0 69 60 58 88
0 66 60 58 88
0 62 60 58 88
0 66 60 58 88
0 57 60 58 88
0 62 60 58 88
0 66 60 58 88
0 60 60 58 88
0 59 60 58 88
0 62 60 58 88
0 59 60 58 88
0 62 60 58 88
0 67 60 58 88
0 62 60 58 88
0 59 60 58 88
0 62 60 58 88
0 55 60 58 88
0 59 60 58 88
0 62 60 58 88
0 59 480 58 88
0 58 60 58 88
0 57 60 58 88
0 55 60 58 88
0 64 60 58 88
0 55 60 58 88
0 55 15 15 88
0 54 15 15 88
0 55 15 15 88
0 54 15 15 88
0 52 60 58 88
0 50 600 116 88
0 59 30 29 88
0 61 30 29 88
0 62 30 29 88
0 64 30 29 88
0 66 30 29 88
0 62 30 29 88
0 64 30 29 88
0 66 30 29 88
0 67 30 29 88
0 69 30 29 88
0 71 30 29 88
0 72 30 29 88
0 74 840 836 88
0 72 360 356 88
0 71 360 356 88
0 69 60 58 88
0 72 60 58 88
0 78 60 58 88
0 81 120 118 88
0 79 120 116 88
0 78 60 58 88
0 79 60 58 88
0 78 30 29 88
0 76 30 29 88
0 74 30 29 88
0 72 30 29 88
0 71 30 29 88
0 69 30 29 88
0 67 30 29 88
0 71 30 29 88
0 69 30 29 88
0 67 30 29 88
0 66 30 29 88
0 64 30 29 88
0 62 30 29 88
0 60 30 29 88
0 60 120 116 88
1 0 10680 0 0
1 72 240 236 88
2 0 2580 0 0
2 67 60 58 88
2 66 60 58 88
2 69 60 58 88
2 74 60 58 88
2 69 60 58 88
2 66 60 58 88
2 69 60 58 88
2 62 60 58 88
2 69 60 58 88
2 66 60 58 88
2 69 60 58 88
2 71 60 58 88
2 67 60 58 88
2 64 60 58 88
2 67 60 58 88
2 61 60 58 88
2 64 60 58 88
2 69 60 58 88
2 66 60 58 88
2 62 60 58 88
2 66 60 58 88
2 59 60 58 88
2 62 60 58 88
2 67 60 58 88
2 64 60 58 88
2 61 60 58 88
2 64 60 58 88
2 57 60 58 88
2 61 60 58 88
2 66 60 58 88
2 64 60 58 88
2 62 60 58 88
2 64 60 58 88
2 66 60 58 88
2 67 60 58 88
2 69 60 58 88
2 62 60 58 88
2 64 60 58 88
2 66 60 58 88
2 67 60 58 88
2 69 60 58 88
2 71 60 58 88
2 69 60 58 88
2 67 60 58 88
2 69 60 58 88
2 71 60 58 88
2 72 60 58 88
2 74 240 221 88
2 74 120 116 88
2 72 240 221 88
2 72 120 116 88
2 71 240 221 88
2 71 120 116 88
2 69 240 221 88
2 69 120 116 88
2 67 240 221 88
2 67 120 116 88
2 66 240 221 88
2 66 120 116 88
2 64 240 234 88
2 67 120 116 88
2 66 480 116 88
2 72 120 116 88
2 69 240 236 88
2 67 360 116 88
2 62 120 116 88
2 65 240 236 88
2 64 360 116 88
2 74 120 116 88
2 71 240 236 88
2 69 360 116 88
2 60 120 116 88
2 69 600 236 88
2 75 120 116 88
2 78 120 116 88
2 71 120 116 88
2 76 180 175 88
2 75 60 58 88
2 76 240 234 88
2 71 120 116 88
2 69 240 221 88
2 69 120 116 88
2 67 240 221 88
2 67 120 116 88
2 66 240 234 88
2 69 240 236 88
2 67 180 161 88
2 67 60 58 88
2 66 960 234 88
2 66 120 116 88
2 64 240 221 88
2 64 120 116 88
2 62 240 221 88
2 62 120 116 88
2 61 240 221 88
2 61 120 116 88
2 59 660 234 88
2 69 60 58 88
2 68 60 58 88
2 71 60 58 88
2 64 60 58 88
2 68 60 58 88
2 71 60 58 88
2 68 60 58 88
2 64 60 58 88
2 68 60 58 88
2 59 60 58 88
2 64 60 58 88
2 68 240 236 88
2 69 120 101 88
2 69 120 116 88
2 69 480 476 88
2 66 120 101 88
2 66 120 116 88
2 67 19 18 88
2 66 22 22 88
2 67 23 22 88
2 66 22 22 88
2 67 23 22 88
2 66 22 22 88
2 67 23 22 88
2 66 19 18 88
2 67 18 18 88
2 66 19 18 88
2 67 19 18 88
2 66 19 18 88
2 67 18 18 88
2 66 19 18 88
2 67 19 18 88
2 66 19 18 88
2 67 18 18 88
2 66 19 18 88
2 66 120 116 88
2 67 120 101 88
2 67 120 116 88
2 67 120 116 88
2 65 60 58 88
2 64 60 58 88
2 62 120 116 88
2 60 480 476 88
2 54 120 101 88
2 54 120 116 88
2 55 23 22 88
2 54 22 21 88
2 55 23 22 88
2 54 22 21 88
2 55 23 22 88
2 54 22 21 88
2 55 23 22 88
2 54 22 21 88
2 55 23 22 88
2 54 18 18 88
2 55 19 18 88
2 54 19 18 88
2 55 19 18 88
2 54 22 21 88
2 52 30 29 88
2 54 30 29 88
2 55 120 101 88
2 55 120 101 88
2 55 120 116 88
2 55 360 116 88
2 55 60 58 88
2 58 60 58 88
2 52 60 58 88
2 55 60 58 88
2 58 60 58 88
2 50 60 58 88
2 50 23 22 88
2 49 22 21 88
2 50 23 22 88
2 49 22 21 88
2 50 23 22 88
2 49 22 21 88
2 50 23 22 88
2 49 22 21 88
2 50 23 22 88
2 49 18 18 88
2 50 19 18 88
2 49 19 18 88
2 50 19 18 88
2 49 22 21 88
2 47 30 29 88
2 49 30 29 88
2 50 1140 116 88
2 62 60 58 88
2 59 60 58 88
2 62 60 58 88
2 67 60 58 88
2 62 60 58 88
2 59 60 58 88
2 62 60 58 88
2 55 60 58 88
2 62 60 58 88
2 59 60 58 88
2 62 60 58 88
2 64 60 58 88
2 60 60 58 88
2 57 60 58 88
2 60 60 58 88
2 54 60 58 88
2 57 60 58 88
2 62 60 58 88
2 59 60 58 88
2 55 60 58 88
2 59 60 58 88
2 52 60 58 88
2 55 60 58 88
2 60 60 58 88
2 57 60 58 88
2 54 60 58 88
2 57 60 58 88
2 50 60 58 88
2 54 60 58 88
2 59 120 116 88
2 60 120 116 88
2 62 240 116 88
2 59 120 116 88
2 57 120 116 88
3 0 5100 0 0
3 62 60 58 88
3 59 60 58 88
3 62 60 58 88
3 67 60 58 88
3 62 60 58 88
3 59 60 58 88
3 62 60 58 88
3 55 60 58 88
3 62 60 58 88
3 59 60 58 88
3 62 60 58 88
3 64 60 58 88
3 60 60 58 88
3 57 60 58 88
3 60 60 58 88
3 54 60 58 88
3 57 60 58 88
3 62 60 58 88
3 59 60 58 88
3 55 60 58 88
3 59 60 58 88
3 52 60 58 88
3 55 60 58 88
3 60 60 58 88
3 57 60 58 88
3 54 60 58 88
3 57 60 58 88
3 50 60 58 88
3 54 60 58 88
3 59 60 58 88
3 57 60 58 88
3 55 60 58 88
3 57 60 58 88
3 59 60 58 88
3 61 60 58 88
3 62 60 58 88
3 61 60 58 88
3 59 60 58 88
3 57 60 58 88
3 55 60 58 88
3 54 60 58 88
3 55 60 58 88
3 52 60 58 88
3 57 60 58 88
3 55 60 58 88
3 54 60 58 88
3 52 60 58 88
3 50 60 58 88
3 57 60 58 88
3 54 60 58 88
3 57 60 58 88
3 62 60 58 88
3 57 60 58 88
3 54 60 58 88
3 57 60 58 88
3 50 60 58 88
3 57 60 58 88
3 54 60 58 88
3 57 60 58 88
3 59 480 116 88
3 59 120 116 88
3 57 120 116 88
3 56 60 58 88
3 59 60 58 88
3 56 60 58 88
3 59 60 58 88
3 64 60 58 88
3 59 60 58 88
3 56 60 58 88
3 59 60 58 88
3 52 60 58 88
3 59 60 58 88
3 56 60 58 88
3 59 60 58 88
3 60 480 116 88
3 54 120 116 88
3 52 120 116 88
3 51 60 58 88
3 54 60 58 88
3 51 60 58 88
3 54 60 58 88
3 59 60 58 88
3 54 60 58 88
3 51 60 58 88
3 54 60 58 88
3 47 60 58 88
3 54 60 58 88
3 51 60 58 88
3 54 60 58 88
3 55 60 58 88
3 59 60 58 88
3 55 60 58 88
3 59 60 58 88
3 64 60 58 88
3 59 60 58 88
3 55 60 58 88
3 59 60 58 88
3 52 60 58 88
3 59 60 58 88
3 55 60 58 88
3 59 60 58 88
3 60 60 58 88
3 57 60 58 88
3 54 60 58 88
3 57 60 58 88
3 50 60 58 88
3 54 60 58 88
3 59 60 58 88
3 55 60 58 88
3 52 60 58 88
3 55 60 58 88
3 48 60 58 88
3 52 60 58 88
3 57 60 58 88
3 54 60 58 88
3 51 60 58 88
3 54 60 58 88
3 47 60 58 88
3 51 60 58 88
3 55 60 58 88
3 54 60 58 88
3 52 60 58 88
3 54 60 58 88
3 55 60 58 88
3 57 60 58 88
3 59 60 58 88
3 54 60 58 88
3 56 60 58 88
3 58 60 58 88
3 59 60 58 88
3 61 60 58 88
3 62 60 58 88
3 61 60 58 88
3 59 60 58 88
3 61 60 58 88
3 62 60 58 88
3 64 60 58 88
3 66 60 58 88
3 64 60 58 88
3 62 300 298 88
3 55 60 58 88
3 57 60 58 88
3 61 240 238 88
3 54 60 58 88
3 55 60 58 88
3 59 240 238 88
3 52 60 58 88
3 54 60 58 88
3 58 120 116 88
3 54 60 58 88
3 59 120 116 88
3 47 360 116 88
3 50 120 116 88
3 47 120 116 88
3 52 120 116 88
3 40 360 116 88
3 56 120 116 88
3 52 60 58 88
3 62 60 58 88
3 60 60 58 88
3 64 60 58 88
3 57 60 58 88
3 60 60 58 88
3 64 60 58 88
3 60 60 58 88
3 57 60 58 88
3 60 60 58 88
3 52 60 58 88
3 57 60 58 88
3 60 60 58 88
3 55 60 58 88
3 54 60 58 88
3 57 60 58 88
3 50 60 58 88
3 54 60 58 88
3 57 60 58 88
3 54 60 58 88
3 50 60 58 88
3 54 60 58 88
3 45 60 58 88
3 50 60 58 88
3 54 60 58 88
3 48 60 58 88
3 47 60 58 88
3 50 60 58 88
3 43 60 58 88
3 47 60 58 88
3 50 60 58 88
3 47 60 58 88
3 43 60 58 88
3 47 60 58 88
3 38 60 58 88
3 43 60 58 88
3 47 60 58 88
3 41 60 58 88
3 40 60 58 88
3 43 60 58 88
3 36 60 58 88
3 38 60 58 88
3 40 60 58 88
3 36 60 58 88
3 38 120 116 88
3 50 120 101 88
3 50 120 116 88
3 50 480 461 88
3 50 120 101 88
3 50 120 116 88
3 52 23 22 88
3 50 22 21 88
3 52 23 22 88
3 50 22 21 88
3 52 23 22 88
3 50 22 21 88
3 52 23 22 88
3 50 22 21 88
3 52 23 22 88
3 50 18 18 88
3 52 19 18 88
3 50 19 18 88
3 52 19 18 88
3 50 22 21 88
3 49 30 29 88
3 50 30 29 88
3 52 120 116 88
3 38 0 101 88
3 43 0 101 88
3 46 120 101 88
3 38 0 116 88
3 43 0 116 88
3 46 120 116 88
3 38 540 116 88
3 38 30 29 88
3 40 30 29 88
3 42 30 29 88
3 43 30 29 88
3 45 30 29 88
3 47 30 29 88
3 48 30 29 88
3 45 30 29 88
3 47 30 29 88
3 48 30 29 88
3 50 30 29 88
3 52 30 29 88
3 54 30 29 88
3 55 30 29 88
3 57 30 29 88
3 54 30 29 88
3 55 30 29 88
3 57 150 29 88
3 50 120 116 88
3 48 120 116 88
3 47 120 116 88
3 59 480 116 88
3 55 120 116 88
3 48 240 116 88
3 45 120 116 88
3 47 240 116 88
3 43 120 116 88
3 45 240 116 88
3 50 120 116 88
3 55 120 116 88
3 57 120 116 88
3 59 240 116 88
3 48 120 116 88
3 50 120 116 88
