0 0 3960 0 0
0 74 120 105 88
0 74 120 105 88
0 74 120 116 88
0 67 240 234 88
0 71 360 356 88
0 64 120 116 88
0 69 120 116 88
0 67 120 116 88
0 66 480 470 88
0 68 480 470 88
0 69 360 234 88
0 64 120 116 88
0 69 120 116 88
0 67 120 116 88
0 66 480 470 88
0 64 120 116 88
0 62 120 116 88
0 61 240 234 88
0 62 360 353 88
0 71 60 58 88
0 69 60 58 88
0 71 120 116 88
0 62 120 116 88
0 61 600 234 88
0 64 120 116 88
0 69 120 116 88
0 67 120 116 88
0 66 600 470 88
0 71 120 105 88
0 71 120 105 88
0 71 120 116 88
0 64 240 234 88
0 67 360 353 88
0 61 120 116 88
0 66 120 116 88
0 64 120 116 88
0 62 120 116 88
0 66 120 116 88
0 71 120 116 88
0 69 120 116 88
0 68 120 116 88
0 71 120 116 88
0 76 120 116 88
0 74 120 116 88
0 73 600 234 88
0 74 120 105 88
0 74 120 105 88
0 74 120 116 88
0 67 240 234 88
0 71 360 353 88
0 64 120 116 88
0 69 120 116 88
0 67 120 116 88
0 66 360 234 88
0 69 120 116 88
0 74 120 116 88
0 72 120 116 88
0 71 120 116 88
0 74 120 116 88
0 79 240 234 88
0 78 120 116 88
0 76 120 116 88
0 81 120 116 88
0 79 120 116 88
0 78 120 116 88
0 76 120 116 88
0 74 240 234 88
0 73 120 116 88
0 71 120 116 88
0 76 120 116 88
0 74 120 116 88
0 73 120 116 88
0 71 120 116 88
0 69 120 116 88
0 73 120 116 88
0 71 120 116 88
0 69 120 116 88
0 68 120 116 88
0 64 120 116 88
0 69 600 593 88
0 68 120 116 88
0 69 600 596 88
0 66 120 116 88
0 71 120 116 88
0 69 120 116 88
0 67 600 234 88
0 78 120 105 88
0 78 120 105 88
0 78 120 116 88
0 71 240 234 88
0 74 360 356 88
0 68 120 116 88
0 73 120 116 88
0 71 120 116 88
0 70 240 234 88
0 71 120 116 88
0 73 120 116 88
0 74 720 708 88
0 73 840 830 88
0 71 60 58 88
0 69 60 58 88
0 68 120 116 88
0 66 120 116 88
0 65 600 590 88
0 61 120 116 88
0 66 480 465 88
0 66 23 22 88
0 65 30 29 88
0 66 22 21 88
0 65 23 22 88
0 66 22 21 88
0 65 120 116 88
0 66 360 234 88
0 81 120 116 88
0 81 120 105 88
0 81 120 116 88
0 74 240 234 88
0 78 360 353 88
0 71 120 116 88
0 76 120 116 88
0 74 120 116 88
0 73 360 234 88
0 69 120 116 88
0 74 120 116 88
0 72 120 116 88
0 71 360 234 88
0 71 120 116 88
0 76 120 116 88
0 74 120 116 88
0 72 720 710 88
0 71 600 596 88
0 69 240 234 88
0 67 240 234 88
0 66 60 58 88
0 64 60 58 88
0 67 23 22 88
0 66 30 29 88
0 67 22 21 88
0 66 23 22 88
0 67 22 21 88
0 66 120 116 88
0 67 600 116 88
0 79 120 105 88
0 79 120 105 88
0 79 120 116 88
0 73 240 234 88
0 76 360 353 88
0 69 120 116 88
0 74 120 116 88
0 72 120 116 88
0 71 600 590 88
0 64 120 116 88
0 69 120 116 88
0 67 120 116 88
0 66 240 234 88
0 73 360 353 88
0 66 120 116 88
0 71 120 116 88
0 69 120 116 88
0 67 840 827 88
0 64 120 116 88
0 69 120 116 88
0 67 120 116 88
0 66 120 116 88
0 69 120 116 88
0 74 120 116 88
0 73 120 116 88
0 71 120 116 88
0 74 120 116 88
0 79 600 590 88
0 76 120 116 88
0 81 120 116 88
0 79 120 116 88
0 78 120 116 88
0 79 120 116 88
0 81 360 353 88
0 74 120 116 88
0 79 120 116 88
0 78 120 116 88
0 76 720 708 88
0 74 120 116 88
0 72 120 116 88
0 71 600 590 88
0 64 120 116 88
0 69 120 116 88
0 67 120 116 88
0 66 240 234 88
0 64 240 234 88
0 66 120 116 88
0 68 120 116 88
0 69 480 465 88
0 69 23 22 88
0 68 30 29 88
0 69 22 21 88
0 68 23 22 88
0 69 22 21 88
0 68 120 116 88
0 69 120 116 88
0 81 120 105 88
0 81 120 105 88
0 81 120 116 88
0 74 240 234 88
0 78 360 353 88
0 71 120 116 88
0 76 120 116 88
0 74 120 116 88
0 73 480 470 88
0 72 600 596 88
0 69 120 116 88
0 74 120 116 88
0 72 120 116 88
0 71 720 714 88
0 69 960 954 88
0 67 360 353 88
0 64 120 116 88
0 69 120 116 88
0 67 120 116 88
0 66 240 225 88
0 66 23 22 88
0 64 30 29 88
0 66 22 21 88
0 64 23 22 88
0 66 22 21 88
0 64 120 116 88
1 0 1560 0 0
1 69 120 105 88
1 69 120 105 88
1 69 120 116 88
1 62 240 234 88
1 66 360 353 88
1 59 120 116 88
1 64 120 116 88
1 62 120 116 88
1 61 120 116 88
1 64 120 116 88
1 69 120 116 88
1 67 120 116 88
1 66 240 234 88
1 69 360 356 88
1 62 120 116 88
1 67 120 116 88
1 66 120 116 88
1 64 120 116 88
1 66 120 116 88
1 67 480 474 88
1 66 120 116 88
1 64 120 116 88
1 62 840 234 88
1 59 120 116 88
1 64 120 116 88
1 62 120 116 88
1 61 600 474 88
1 57 120 116 88
1 62 120 116 88
1 61 120 116 88
1 59 240 234 88
1 57 240 234 88
1 56 120 116 88
1 54 120 116 88
1 52 600 470 88
1 64 120 105 88
1 64 120 105 88
1 64 120 116 88
1 57 240 234 88
1 60 360 356 88
1 54 120 116 88
1 59 120 116 88
1 57 120 116 88
1 55 120 116 88
1 59 120 116 88
1 64 120 116 88
1 62 120 116 88
1 61 120 116 88
1 59 120 116 88
1 58 120 116 88
1 59 120 116 88
1 61 120 116 88
1 64 120 116 88
1 62 120 116 88
1 61 120 116 88
1 59 1080 234 88
1 69 120 105 88
1 69 120 105 88
1 69 120 116 88
1 62 240 234 88
1 66 360 356 88
1 59 120 116 88
1 64 120 116 88
1 62 120 116 88
1 61 600 470 88
1 57 120 116 88
1 62 120 116 88
1 60 120 116 88
1 59 120 116 88
1 62 120 116 88
1 67 120 116 88
1 66 120 116 88
1 64 120 116 88
1 62 120 116 88
1 61 240 234 88
1 62 120 116 88
1 64 120 116 88
1 66 480 474 88
1 68 480 470 88
1 69 120 116 88
1 64 120 116 88
1 69 120 116 88
1 68 120 116 88
1 66 240 234 88
1 64 240 234 88
1 62 120 116 88
1 61 120 116 88
1 59 120 116 88
1 61 120 116 88
1 62 360 353 88
1 61 120 116 88
1 66 120 116 88
1 64 120 116 88
1 63 600 234 88
1 59 120 116 88
1 64 120 116 88
1 62 120 116 88
1 61 600 116 88
1 71 120 105 88
1 71 120 105 88
1 71 120 116 88
1 64 240 234 88
1 67 360 353 88
1 61 120 116 88
1 66 120 116 88
1 64 120 116 88
1 62 120 116 88
1 66 120 116 88
1 71 120 116 88
1 69 120 116 88
1 68 600 596 88
1 61 120 116 88
1 66 120 116 88
1 64 120 116 88
1 62 360 353 88
1 61 120 116 88
1 59 600 590 88
1 57 60 58 88
1 59 60 58 88
1 61 120 116 88
1 62 120 116 88
1 61 360 353 88
1 59 120 116 88
1 57 600 116 88
1 69 120 105 88
1 69 120 105 88
1 69 120 116 88
1 62 600 116 88
1 64 120 116 88
1 69 120 116 88
1 67 120 116 88
1 66 360 234 88
1 62 120 116 88
1 67 120 116 88
1 66 120 116 88
1 64 600 234 88
1 64 120 116 88
1 69 120 116 88
1 67 120 116 88
1 66 120 116 88
1 62 120 116 88
1 67 120 116 88
1 66 120 116 88
1 64 120 116 88
1 62 120 116 88
1 60 240 234 88
1 59 240 234 88
1 64 240 234 88
1 62 600 356 88
1 71 120 105 88
1 71 120 105 88
1 71 120 116 88
1 64 240 234 88
1 67 360 353 88
1 61 120 116 88
1 66 120 116 88
1 64 120 116 88
1 62 600 474 88
1 59 120 116 88
1 64 120 116 88
1 62 120 116 88
1 61 600 474 88
1 61 120 116 88
1 66 120 116 88
1 64 120 116 88
1 62 600 474 88
1 59 120 116 88
1 64 120 116 88
1 62 120 116 88
1 61 360 345 88
1 61 120 116 88
1 66 120 116 88
1 64 120 116 88
1 62 120 116 88
1 66 120 116 88
1 71 120 116 88
1 69 120 116 88
1 67 120 116 88
1 71 120 116 88
1 76 120 116 88
1 74 120 116 88
1 73 480 470 88
1 74 120 116 88
1 76 120 116 88
1 78 360 353 88
1 71 120 116 88
1 76 120 116 88
1 74 120 116 88
1 73 360 234 88
1 64 120 116 88
1 69 120 116 88
1 67 120 116 88
1 66 120 116 88
1 64 120 116 88
1 62 240 234 88
1 61 120 116 88
1 62 120 116 88
1 64 120 116 88
1 62 120 116 88
1 61 120 116 88
1 64 240 236 88
1 62 240 234 88
1 61 120 116 88
1 60 120 116 88
1 59 120 116 88
1 57 120 116 88
1 60 120 116 88
1 62 120 116 88
1 64 60 58 88
1 65 60 58 88
1 64 600 353 88
1 78 120 116 88
1 78 120 105 88
1 78 120 116 88
1 71 240 234 88
1 74 360 353 88
1 68 120 116 88
1 73 120 116 88
1 71 120 116 88
1 69 360 353 88
1 67 120 116 88
1 66 120 116 88
1 64 120 116 88
1 66 600 470 88
1 62 120 116 88
1 67 120 116 88
1 66 120 116 88
1 64 120 116 88
1 62 120 116 88
1 61 360 234 88
1 57 120 116 88
1 62 120 116 88
1 60 120 116 88
1 59 360 345 88
1 59 120 116 88
1 64 120 116 88
1 62 120 116 88
1 61 120 116 88
1 64 240 236 88
1 62 240 234 88
1 61 120 116 88
2 0 120 0 0
2 62 120 105 88
2 62 120 105 88
2 62 120 116 88
2 55 240 234 88
2 59 360 356 88
2 52 120 116 88
2 57 120 116 88
2 55 120 116 88
2 54 240 234 88
2 50 360 234 88
2 54 120 116 88
2 59 120 116 88
2 57 120 116 88
2 56 480 470 88
2 57 240 234 88
2 61 360 234 88
2 57 120 116 88
2 62 120 116 88
2 61 120 116 88
2 59 600 470 88
2 59 120 116 88
2 64 120 116 88
2 62 120 116 88
2 61 600 470 88
2 57 120 116 88
2 62 120 116 88
2 61 120 116 88
2 59 600 470 88
2 52 120 116 88
2 57 120 116 88
2 55 120 116 88
2 54 120 116 88
2 52 120 116 88
2 50 360 234 88
2 50 120 116 88
2 55 120 116 88
2 54 120 116 88
2 52 240 234 88
2 50 120 116 88
2 49 120 116 88
2 47 480 470 88
2 52 600 590 88
2 55 120 116 88
2 54 120 116 88
2 52 120 116 88
2 51 480 470 88
2 52 120 116 88
2 50 120 116 88
2 55 480 474 88
2 49 120 116 88
2 50 120 116 88
2 52 120 116 88
2 55 120 116 88
2 54 360 356 88
2 57 120 116 88
2 56 120 116 88
2 54 120 116 88
2 52 600 585 88
2 52 120 116 88
2 57 120 116 88
2 55 120 116 88
2 54 120 116 88
2 52 120 116 88
2 50 240 234 88
2 52 120 116 88
2 54 120 116 88
2 55 360 345 88
2 55 120 116 88
2 54 120 116 88
2 52 120 116 88
2 50 1080 234 88
2 52 120 116 88
2 57 120 116 88
2 55 120 116 88
2 54 120 116 88
2 57 120 116 88
2 62 120 116 88
2 61 120 116 88
2 59 600 234 88
2 59 120 116 88
2 61 360 356 88
2 57 120 116 88
2 62 120 116 88
2 61 120 116 88
2 59 240 234 88
2 57 120 116 88
2 56 120 116 88
2 54 240 234 88
2 52 840 470 88
2 59 120 105 88
2 59 120 105 88
2 59 120 116 88
2 52 240 234 88
2 55 360 356 88
2 49 120 116 88
2 54 120 116 88
2 52 120 116 88
2 51 120 116 88
2 53 60 58 88
2 54 60 58 88
2 53 360 234 88
2 59 120 116 88
2 58 120 116 88
2 61 240 234 88
2 64 120 116 88
2 62 120 116 88
2 61 120 116 88
2 59 600 590 88
2 56 120 116 88
2 61 120 116 88
2 59 120 116 88
2 57 600 590 88
2 54 120 116 88
2 59 120 116 88
2 57 120 116 88
2 56 600 590 88
2 54 60 58 88
2 56 60 58 88
2 57 240 234 88
2 56 120 116 88
2 54 120 116 88
2 56 240 234 88
2 54 1080 116 88
2 50 120 116 88
2 55 120 116 88
2 54 120 116 88
2 52 360 234 88
2 57 120 116 88
2 62 120 116 88
2 60 120 116 88
2 59 360 356 88
2 57 120 116 88
2 55 360 234 88
2 52 120 116 88
2 57 120 116 88
2 55 120 116 88
2 54 120 116 88
2 52 120 116 88
2 50 120 116 88
2 54 120 116 88
2 59 120 116 88
2 57 120 116 88
2 55 360 356 88
2 57 120 116 88
2 59 120 116 88
2 64 120 116 88
2 57 480 470 88
2 55 120 116 88
2 62 120 105 88
2 62 120 105 88
2 62 120 116 88
2 55 240 234 88
2 59 360 356 88
2 52 120 116 88
2 57 120 116 88
2 55 120 116 88
2 54 600 596 88
2 47 120 116 88
2 52 120 116 88
2 50 120 116 88
2 49 120 116 88
2 50 120 116 88
2 52 360 356 88
2 49 120 116 88
2 54 120 116 88
2 52 120 116 88
2 50 360 116 88
2 54 120 116 88
2 59 120 116 88
2 57 120 116 88
2 55 2760 234 88
2 62 120 105 88
2 62 120 105 88
2 62 120 116 88
2 55 240 234 88
2 59 360 356 88
2 52 120 116 88
2 57 120 116 88
2 55 120 116 88
2 54 120 116 88
2 55 120 116 88
2 57 360 356 88
2 50 120 116 88
2 55 120 116 88
2 54 120 116 88
2 52 1560 234 88
2 59 120 105 88
2 59 120 105 88
2 59 120 116 88
2 52 600 116 88
2 62 120 105 88
2 62 120 105 88
2 62 120 116 88
2 56 240 234 88
2 59 360 356 88
2 52 120 116 88
2 57 120 116 88
2 55 120 116 88
2 54 360 353 88
2 57 120 116 88
2 62 120 116 88
2 60 120 116 88
2 59 120 116 88
2 57 120 116 88
2 55 600 596 88
2 52 120 116 88
2 57 120 116 88
2 55 120 116 88
2 54 600 596 88
2 47 120 116 88
2 52 120 116 88
2 50 120 116 88
2 49 120 116 88
2 50 120 116 88
2 52 360 234 88
2 50 120 116 88
2 57 120 116 88
2 55 120 116 88
3 0 4920 0 0
3 57 120 105 88
3 57 120 105 88
3 57 120 116 88
3 50 240 234 88
3 54 360 356 88
3 47 120 116 88
3 52 120 116 88
3 50 120 116 88
3 49 120 116 88
3 47 120 116 88
3 45 360 234 88
3 45 120 116 88
3 50 120 116 88
3 49 120 116 88
3 47 120 116 88
3 45 120 116 88
3 43 360 356 88
3 42 120 116 88
3 47 120 116 88
3 45 120 116 88
3 44 480 470 88
3 45 240 234 88
3 43 240 234 88
3 42 480 470 88
3 47 1680 1668 88
3 46 240 234 88
3 47 600 234 88
3 50 120 116 88
3 49 120 116 88
3 47 120 116 88
3 45 360 234 88
3 45 120 116 88
3 47 360 234 88
3 47 120 116 88
3 40 360 234 88
3 52 120 116 88
3 45 360 234 88
3 45 120 116 88
3 38 2040 234 88
3 47 120 116 88
3 52 120 116 88
3 50 120 116 88
3 49 120 116 88
3 52 120 116 88
3 57 120 116 88
3 56 120 116 88
3 54 120 116 88
3 52 120 116 88
3 50 360 353 88
3 49 120 116 88
3 54 120 116 88
3 52 120 116 88
3 50 240 234 88
3 52 240 234 88
3 45 360 234 88
3 42 120 116 88
3 47 600 234 88
3 50 120 116 88
3 49 120 116 88
3 47 120 116 88
3 46 360 234 88
3 46 120 116 88
3 45 360 234 88
3 44 120 116 88
3 49 360 234 88
3 52 120 116 88
3 42 120 116 88
3 54 120 116 88
3 56 120 116 88
3 58 120 116 88
3 59 120 116 88
3 57 120 116 88
3 56 120 116 88
3 54 120 116 88
3 53 600 470 88
3 54 120 105 88
3 54 120 105 88
3 54 120 116 88
3 47 240 234 88
3 50 360 356 88
3 44 120 116 88
3 49 120 116 88
3 47 120 116 88
3 45 360 353 88
3 47 120 116 88
3 49 480 470 88
3 42 120 116 88
3 57 120 105 88
3 57 120 105 88
3 57 120 116 88
3 50 240 234 88
3 54 360 353 88
3 47 120 116 88
3 52 120 116 88
3 50 120 116 88
3 49 120 116 88
3 47 120 116 88
3 45 840 234 88
3 47 120 116 88
3 52 120 116 88
3 50 120 116 88
3 48 120 116 88
3 47 120 116 88
3 45 480 474 88
3 47 360 353 88
3 50 120 116 88
3 55 120 116 88
3 54 120 116 88
3 52 120 116 88
3 54 120 116 88
3 55 120 116 88
3 52 120 116 88
3 48 120 116 88
3 45 120 116 88
3 50 120 116 88
3 48 120 116 88
3 47 120 116 88
3 50 120 116 88
3 55 120 116 88
3 54 120 116 88
3 52 600 596 88
3 50 120 116 88
3 49 120 116 88
3 45 120 116 88
3 50 120 116 88
3 48 120 116 88
3 47 120 116 88
3 45 120 116 88
3 43 240 234 88
3 44 240 234 88
3 45 480 470 88
3 46 480 470 88
3 47 600 585 88
3 47 120 116 88
3 52 120 116 88
3 50 120 116 88
3 49 120 116 88
3 52 120 116 88
3 57 120 116 88
3 55 120 116 88
3 54 120 116 88
3 57 120 116 88
3 62 120 116 88
3 61 120 116 88
3 59 120 116 88
3 57 120 116 88
3 55 120 116 88
3 54 120 116 88
3 52 120 116 88
3 50 120 116 88
3 49 120 116 88
3 47 120 116 88
3 45 120 116 88
3 43 120 116 88
3 42 120 116 88
3 40 120 116 88
3 38 360 116 88
3 50 120 116 88
3 52 360 234 88
3 52 120 116 88
3 57 120 116 88
3 55 120 116 88
3 54 120 116 88
3 52 120 116 88
3 50 120 116 88
3 52 120 116 88
3 54 360 356 88
3 47 120 116 88
3 52 120 116 88
3 50 120 116 88
3 49 120 116 88
3 47 120 116 88
3 45 360 356 88
3 57 120 105 88
3 57 120 105 88
3 57 120 116 88
3 51 120 116 88
3 52 120 116 88
3 53 360 356 88
3 47 120 116 88
3 52 120 116 88
3 50 120 116 88
3 49 120 116 88
3 45 120 116 88
3 50 120 116 88
3 49 120 116 88
3 47 360 116 88
3 59 120 105 88
3 59 120 105 88
3 59 120 116 88
3 52 240 234 88
3 55 360 353 88
3 49 120 116 88
3 54 120 116 88
3 52 120 116 88
3 50 600 474 88
3 50 120 116 88
3 55 120 116 88
3 54 120 116 88
3 52 120 116 88
3 50 120 116 88
3 49 360 234 88
3 45 120 116 88
3 50 120 116 88
3 48 120 116 88
3 47 120 116 88
3 45 120 116 88
3 43 480 470 88
3 45 960 950 88
