0 0 11760 0 0
0 72 240 234 88
0 73 240 234 88
0 72 240 234 88
0 71 240 234 88
0 76 240 234 88
0 77 240 234 88
0 70 240 234 88
0 69 240 234 88
0 68 240 234 88
0 67 600 596 88
0 65 60 58 88
0 67 60 58 88
0 68 840 836 88
0 67 60 58 88
0 68 60 58 88
0 70 780 778 88
0 67 60 58 88
0 68 60 58 88
0 72 60 58 88
0 77 840 836 88
0 75 120 116 88
0 74 120 116 88
0 79 180 175 88
0 71 60 58 88
0 72 60 58 88
0 74 60 58 88
0 75 300 234 88
0 72 60 58 88
0 74 60 58 88
0 75 60 58 88
0 77 300 234 88
0 75 60 58 88
0 77 60 58 88
0 79 60 58 88
0 80 300 234 88
0 79 60 58 88
0 81 60 58 88
0 83 60 58 88
0 84 360 353 88
0 83 60 58 88
0 81 60 58 88
0 83 240 234 88
0 84 120 116 88
0 79 120 116 88
0 84 360 353 88
0 84 60 58 88
0 82 60 58 88
0 81 120 113 88
0 81 60 58 88
0 79 60 58 88
0 77 120 116 88
0 79 60 58 88
0 81 60 58 88
0 82 360 234 88
0 82 60 58 88
0 80 60 58 88
0 79 120 113 88
0 79 60 58 88
0 77 60 58 88
0 75 120 116 88
0 77 60 58 88
0 79 60 58 88
0 80 360 234 88
0 80 60 58 88
0 79 60 58 88
0 77 120 113 88
0 77 60 58 88
0 75 60 58 88
0 73 360 353 88
0 75 60 58 88
0 73 60 58 88
0 72 120 113 88
0 72 60 58 88
0 70 60 58 88
0 68 360 356 88
0 70 60 58 88
0 72 60 58 88
0 73 300 294 88
0 72 60 58 88
0 73 60 58 88
0 70 60 58 88
0 79 300 298 88
0 72 60 58 88
0 73 60 58 88
0 72 60 58 88
0 77 360 353 88
0 76 60 58 88
0 77 60 58 88
0 79 360 356 88
0 77 240 234 88
0 75 120 116 88
0 74 120 116 88
0 75 60 58 88
0 77 60 58 88
0 79 60 58 88
0 77 60 58 88
0 76 60 58 88
0 74 60 58 88
0 72 300 234 88
0 70 60 58 88
0 68 60 58 88
0 67 60 58 88
0 65 300 234 88
0 65 60 58 88
0 67 60 58 88
0 68 60 58 88
0 70 360 353 88
0 68 60 58 88
0 67 60 58 88
0 68 600 234 88
0 78 60 58 88
0 77 60 58 88
0 75 60 58 88
0 73 60 58 88
0 72 60 58 88
0 70 60 58 88
0 68 120 116 88
0 70 60 58 88
0 72 60 58 88
0 73 360 116 88
0 75 60 58 88
0 73 60 58 88
0 72 60 58 88
0 70 60 58 88
0 68 60 58 88
0 66 60 58 88
0 65 120 116 88
0 67 60 58 88
0 69 60 58 88
0 70 360 116 88
0 72 60 58 88
0 70 60 58 88
0 68 60 58 88
0 67 60 58 88
0 65 60 58 88
0 63 60 58 88
0 61 300 294 88
0 65 60 58 88
0 70 60 58 88
0 68 60 58 88
0 67 240 234 88
0 68 300 294 88
0 67 60 58 88
0 68 60 58 88
0 70 60 58 88
0 72 300 234 88
0 68 60 58 88
0 70 60 58 88
0 72 60 58 88
0 73 300 234 88
0 72 60 58 88
0 73 60 58 88
0 75 60 58 88
0 77 300 234 88
0 75 60 58 88
0 77 60 58 88
0 79 60 58 88
0 80 360 353 88
0 79 60 58 88
0 77 60 58 88
0 79 300 298 88
0 72 60 58 88
0 74 60 58 88
0 75 60 58 88
0 77 360 353 88
0 75 60 58 88
0 74 60 58 88
0 75 300 298 88
0 68 60 58 88
0 70 60 58 88
0 72 60 58 88
0 73 360 353 88
0 72 60 58 88
0 70 60 58 88
0 72 360 356 88
0 65 120 116 88
0 70 120 116 88
0 68 120 116 88
0 67 300 293 88
0 67 60 58 88
0 68 60 58 88
0 70 60 58 88
0 72 300 293 88
0 72 60 58 88
0 74 60 58 88
0 75 60 58 88
0 77 300 294 88
0 70 60 58 88
0 75 180 173 88
0 75 60 58 88
0 74 60 58 88
0 72 60 58 88
0 74 60 58 88
0 75 60 58 88
0 72 60 58 88
0 74 60 58 88
0 75 60 58 88
0 72 60 58 88
0 74 60 58 88
0 75 60 58 88
0 77 60 58 88
0 75 60 58 88
0 74 60 58 88
0 72 60 58 88
0 70 540 531 88
0 68 60 58 88
0 67 60 58 88
0 65 60 58 88
0 63 300 293 88
0 63 60 58 88
0 65 60 58 88
0 63 60 58 88
0 62 60 58 88
0 72 60 58 88
0 70 60 58 88
0 68 60 58 88
0 67 120 116 88
0 70 120 116 88
0 75 300 298 88
0 79 60 58 88
0 77 60 58 88
0 75 60 58 88
0 74 360 353 88
0 67 120 116 88
0 72 300 298 88
0 75 60 58 88
0 74 60 58 88
0 72 60 58 88
0 70 360 353 88
0 63 120 116 88
0 68 300 298 88
0 72 60 58 88
0 70 60 58 88
0 68 60 58 88
0 67 300 294 88
0 65 60 58 88
0 68 60 58 88
0 67 60 58 88
0 65 60 58 88
0 63 60 58 88
0 62 60 58 88
0 60 60 58 88
0 59 240 234 88
0 79 240 234 88
0 80 240 234 88
0 79 240 234 88
0 78 240 234 88
0 83 240 234 88
0 84 240 234 88
0 77 240 234 88
0 76 240 234 88
0 75 240 234 88
0 74 600 596 88
0 72 60 58 88
0 74 60 58 88
0 75 840 836 88
0 74 60 58 88
0 75 60 58 88
0 77 780 778 88
0 74 60 58 88
0 76 60 58 88
0 79 60 58 88
0 70 840 836 88
0 68 120 116 88
0 67 240 234 88
0 65 60 58 88
0 64 60 58 88
0 65 60 58 88
0 67 60 58 88
0 68 300 234 88
0 65 60 58 88
0 67 60 58 88
0 68 60 58 88
0 70 300 234 88
0 68 60 58 88
0 70 60 58 88
0 72 60 58 88
0 73 300 234 88
0 72 60 58 88
0 74 60 58 88
0 76 60 58 88
0 77 360 353 88
0 76 60 58 88
0 74 60 58 88
0 76 240 234 88
0 77 300 294 88
0 75 60 58 88
0 73 60 58 88
0 72 60 58 88
0 73 300 294 88
0 70 60 58 88
0 72 60 58 88
0 73 60 58 88
0 64 120 116 88
0 72 180 175 88
0 67 60 58 88
0 68 60 58 88
0 65 120 113 88
0 65 60 58 88
0 64 60 58 88
0 62 60 58 88
0 65 23 22 88
0 64 22 21 88
0 65 23 22 88
0 64 22 21 88
0 62 23 22 88
0 64 127 124 88
1 0 3120 0 0
1 65 240 234 88
1 68 240 234 88
1 67 240 234 88
1 66 240 234 88
1 71 240 234 88
1 72 240 234 88
1 65 240 234 88
1 64 240 234 88
1 63 240 233 88
1 63 23 22 88
1 62 30 29 88
1 63 30 29 88
1 62 30 29 88
1 63 30 29 88
1 62 22 21 88
1 63 23 22 88
1 62 22 21 88
1 63 23 22 88
1 62 22 21 88
1 63 23 22 88
1 62 22 21 88
1 63 23 22 88
1 62 22 21 88
1 63 23 22 88
1 62 22 21 88
1 63 23 22 88
1 62 22 21 88
1 60 23 22 88
1 62 22 21 88
1 60 120 113 88
1 60 60 58 88
1 62 60 58 88
1 64 120 116 88
1 62 60 58 88
1 64 60 58 88
1 65 60 58 88
1 52 60 58 88
1 53 60 58 88
1 55 60 58 88
1 56 300 234 88
1 53 60 58 88
1 55 60 58 88
1 56 60 58 88
1 58 300 234 88
1 56 60 58 88
1 58 60 58 88
1 60 60 58 88
1 61 300 234 88
1 60 60 58 88
1 62 60 58 88
1 64 60 58 88
1 65 360 353 88
1 64 60 58 88
1 62 60 58 88
1 64 240 234 88
1 65 120 113 88
1 65 60 58 88
1 67 60 58 88
1 68 120 113 88
1 68 60 58 88
1 70 60 58 88
1 72 300 294 88
1 70 60 58 88
1 68 60 58 88
1 67 60 58 88
1 65 600 234 88
1 56 60 58 88
1 58 60 58 88
1 60 360 356 88
1 58 60 58 88
1 60 60 58 88
1 61 120 113 88
1 61 60 58 88
1 63 60 58 88
1 65 600 596 88
1 64 60 58 88
1 65 60 58 88
1 67 360 353 88
1 65 240 234 88
1 63 120 116 88
1 62 120 116 88
1 63 60 58 88
1 65 60 58 88
1 67 60 58 88
1 65 60 58 88
1 64 60 58 88
1 62 60 58 88
1 60 300 116 88
1 58 60 58 88
1 56 60 58 88
1 55 60 58 88
1 53 300 234 88
1 53 60 58 88
1 55 60 58 88
1 56 60 58 88
1 58 360 353 88
1 56 60 58 88
1 55 60 58 88
1 56 600 234 88
1 65 60 58 88
1 63 60 58 88
1 62 120 113 88
1 62 60 58 88
1 60 60 58 88
1 58 120 113 88
1 58 60 58 88
1 56 60 58 88
1 55 360 234 88
1 67 60 58 88
1 65 60 58 88
1 64 120 113 88
1 64 60 58 88
1 62 60 58 88
1 60 120 113 88
1 60 60 58 88
1 58 60 58 88
1 56 360 234 88
1 74 60 58 88
1 72 60 58 88
1 71 120 113 88
1 71 60 58 88
1 69 60 58 88
1 67 120 113 88
1 67 60 58 88
1 69 60 58 88
1 71 120 116 88
1 69 60 58 88
1 71 60 58 88
1 72 360 353 88
1 70 120 116 88
1 69 120 116 88
1 71 60 58 88
1 72 60 58 88
1 74 60 58 88
1 72 60 58 88
1 71 60 58 88
1 69 60 58 88
1 67 300 234 88
1 65 60 58 88
1 63 60 58 88
1 62 60 58 88
1 60 300 234 88
1 72 60 58 88
1 74 60 58 88
1 75 60 58 88
1 77 360 353 88
1 75 60 58 88
1 74 60 58 88
1 75 120 116 88
1 72 60 58 88
1 74 60 58 88
1 75 840 836 88
1 70 60 58 88
1 72 60 58 88
1 73 840 836 88
1 68 60 58 88
1 70 60 58 88
1 72 840 836 88
1 70 60 58 88
1 68 60 58 88
1 67 600 590 88
1 65 60 58 88
1 64 60 58 88
1 65 360 353 88
1 67 60 58 88
1 68 60 58 88
1 70 300 294 88
1 68 60 58 88
1 70 60 58 88
1 67 60 58 88
1 68 300 294 88
1 67 60 58 88
1 68 60 58 88
1 65 60 58 88
1 72 120 116 88
1 67 120 116 88
1 72 120 116 88
1 70 120 116 88
1 68 120 116 88
1 70 120 116 88
1 72 60 58 88
1 60 60 58 88
1 62 60 58 88
1 63 60 58 88
1 65 360 234 88
1 67 120 116 88
1 68 300 234 88
1 70 180 175 88
1 72 360 234 88
1 72 120 116 88
1 73 120 116 88
1 72 60 58 88
1 70 60 58 88
1 72 3840 470 88
1 63 240 234 88
1 65 240 234 88
1 63 240 234 88
1 62 240 234 88
1 67 240 234 88
1 68 240 234 88
1 61 240 234 88
1 60 240 234 88
1 59 240 233 88
1 59 23 22 88
1 58 30 29 88
1 59 30 29 88
1 58 22 21 88
1 59 23 22 88
1 58 22 21 88
1 59 23 22 88
1 58 22 21 88
1 59 23 22 88
1 58 262 257 88
1 56 300 234 88
1 71 60 58 88
1 72 60 58 88
1 74 60 58 88
1 67 360 353 88
1 66 120 116 88
1 65 300 294 88
1 67 60 58 88
1 68 60 58 88
1 70 60 58 88
1 63 300 294 88
1 66 60 58 88
1 65 60 58 88
1 63 60 58 88
1 61 540 531 88
1 58 60 58 88
1 60 60 58 88
1 61 60 58 88
1 63 300 293 88
1 63 60 58 88
1 65 60 58 88
1 67 60 58 88
1 68 300 294 88
1 72 60 58 88
1 70 60 58 88
1 68 60 58 88
1 67 180 173 88
1 67 60 58 88
1 65 480 470 88
1 60 540 116 88
1 60 60 58 88
1 62 60 58 88
1 63 60 58 88
1 65 60 58 88
1 63 60 58 88
1 62 60 58 88
1 60 60 58 88
1 58 360 353 88
1 57 60 58 88
1 58 60 58 88
1 60 240 234 88
1 58 360 353 88
1 63 60 58 88
1 65 60 58 88
1 67 120 113 88
1 67 60 58 88
1 68 60 58 88
1 70 300 294 88
1 68 60 58 88
1 67 60 58 88
1 65 60 58 88
1 63 60 58 88
1 62 60 58 88
1 60 60 58 88
1 62 60 58 88
1 63 120 113 88
1 63 60 58 88
1 65 60 58 88
1 67 300 294 88
1 65 60 58 88
1 63 60 58 88
1 61 60 58 88
1 60 60 58 88
1 58 60 58 88
1 56 60 58 88
1 58 60 58 88
1 60 120 113 88
1 60 60 58 88
1 62 60 58 88
1 63 300 294 88
1 62 60 58 88
1 60 60 58 88
1 58 60 58 88
1 56 120 116 88
1 50 60 58 88
1 51 60 58 88
1 53 120 116 88
1 54 120 116 88
1 55 120 113 88
1 55 60 58 88
1 57 60 58 88
1 59 120 116 88
1 57 60 58 88
1 59 60 58 88
1 60 60 58 88
1 59 60 58 88
1 60 60 58 88
1 62 60 58 88
1 63 300 234 88
1 60 60 58 88
1 62 60 58 88
1 63 60 58 88
1 65 300 294 88
1 63 60 58 88
1 65 60 58 88
1 67 60 58 88
1 68 300 234 88
1 67 60 58 88
1 69 60 58 88
1 71 60 58 88
1 72 360 353 88
1 71 60 58 88
1 69 60 58 88
1 71 60 58 88
1 72 60 58 88
1 71 60 58 88
1 74 60 58 88
1 67 360 234 88
1 67 120 116 88
1 60 120 116 88
1 72 60 58 88
1 70 60 58 88
1 69 120 116 88
1 70 60 58 88
1 72 60 58 88
1 65 120 116 88
1 70 240 116 88
1 68 120 116 88
1 67 120 116 88
1 74 60 58 88
1 72 60 58 88
1 71 120 116 88
1 72 60 58 88
1 74 60 58 88
1 67 360 234 88
1 61 120 116 88
1 60 120 116 88
1 67 60 58 88
1 65 60 58 88
1 64 120 116 88
1 65 60 58 88
1 67 60 58 88
1 60 120 116 88
1 65 240 234 88
1 64 120 116 88
1 65 300 234 88
1 67 60 58 88
1 65 60 58 88
1 63 60 58 88
1 62 360 234 88
1 61 240 234 88
1 60 240 116 88
1 66 240 236 88
1 65 180 116 88
1 65 60 58 88
1 67 60 58 88
1 68 60 58 88
1 70 540 538 88
1 73 60 58 88
1 72 60 58 88
1 70 60 58 88
1 69 300 234 88
1 72 60 58 88
1 70 60 58 88
1 68 60 58 88
1 67 60 58 88
1 65 60 58 88
1 63 60 58 88
1 61 60 58 88
1 60 960 945 88
2 0 240 0 0
2 60 240 234 88
2 61 240 234 88
2 60 240 234 88
2 59 240 234 88
2 64 240 234 88
2 65 240 234 88
2 58 240 234 88
2 57 240 234 88
2 56 240 233 88
2 56 23 22 88
2 55 22 21 88
2 56 23 22 88
2 55 22 21 88
2 56 23 22 88
2 55 22 21 88
2 56 23 22 88
2 55 22 21 88
2 56 23 22 88
2 55 22 21 88
2 56 23 22 88
2 55 22 21 88
2 56 23 22 88
2 55 22 21 88
2 56 23 22 88
2 55 22 21 88
2 56 23 22 88
2 55 22 21 88
2 56 23 22 88
2 55 15 14 88
2 53 15 14 88
2 55 22 21 88
2 53 120 113 88
2 53 60 58 88
2 55 60 58 88
2 56 120 113 88
2 56 60 58 88
2 58 60 58 88
2 60 60 58 88
2 47 60 58 88
2 48 60 58 88
2 50 60 58 88
2 51 300 234 88
2 48 60 58 88
2 50 60 58 88
2 51 60 58 88
2 53 300 234 88
2 51 60 58 88
2 53 60 58 88
2 55 60 58 88
2 56 300 234 88
2 55 60 58 88
2 57 60 58 88
2 59 60 58 88
2 60 360 353 88
2 59 60 58 88
2 57 60 58 88
2 60 30 29 88
2 59 30 29 88
2 60 30 29 88
2 59 30 29 88
2 60 30 29 88
2 59 30 29 88
2 57 30 29 88
2 59 30 29 88
2 60 120 116 88
2 55 120 116 88
2 60 120 116 88
2 58 120 116 88
2 56 120 116 88
2 65 240 234 88
2 63 120 116 88
2 62 120 116 88
2 63 60 58 88
2 65 60 58 88
2 67 60 58 88
2 65 60 58 88
2 64 60 58 88
2 62 60 58 88
2 60 300 234 88
2 58 60 58 88
2 56 60 58 88
2 55 60 58 88
2 53 300 234 88
2 53 60 58 88
2 55 60 58 88
2 56 60 58 88
2 58 360 353 88
2 56 60 58 88
2 55 60 58 88
2 56 600 234 88
2 60 60 58 88
2 61 60 58 88
2 63 360 356 88
2 61 60 58 88
2 63 60 58 88
2 65 120 113 88
2 65 60 58 88
2 67 60 58 88
2 68 300 294 88
2 66 60 58 88
2 65 60 58 88
2 63 60 58 88
2 61 600 234 88
2 53 60 58 88
2 55 60 58 88
2 56 120 113 88
2 56 60 58 88
2 58 60 58 88
2 60 120 116 88
2 55 120 116 88
2 60 120 116 88
2 58 120 116 88
2 56 300 58 88
2 48 60 58 88
2 50 60 58 88
2 51 60 58 88
2 53 360 234 88
2 55 120 116 88
2 56 360 116 88
2 58 120 116 88
2 60 360 234 88
2 60 120 116 88
2 61 120 116 88
2 60 60 58 88
2 58 60 58 88
2 60 3360 474 88
2 55 240 234 88
2 56 240 234 88
2 55 240 234 88
2 54 240 234 88
2 59 240 234 88
2 60 240 234 88
2 53 240 234 88
2 52 240 234 88
2 51 240 233 88
2 51 23 22 88
2 50 22 21 88
2 51 23 22 88
2 50 22 21 88
2 51 23 22 88
2 50 22 21 88
2 51 23 22 88
2 50 22 21 88
2 51 23 22 88
2 50 22 21 88
2 51 23 22 88
2 50 22 21 88
2 51 23 22 88
2 50 22 21 88
2 51 23 22 88
2 50 22 21 88
2 51 23 22 88
2 50 22 21 88
2 51 23 22 88
2 50 15 14 88
2 48 15 14 88
2 50 22 21 88
2 48 360 234 88
2 72 60 58 88
2 70 60 58 88
2 69 120 113 88
2 69 60 58 88
2 67 60 58 88
2 65 120 116 88
2 67 60 58 88
2 69 60 58 88
2 70 120 116 88
2 58 240 116 88
2 70 60 58 88
2 68 60 58 88
2 67 120 113 88
2 67 60 58 88
2 65 60 58 88
2 63 120 116 88
2 65 60 58 88
2 67 60 58 88
2 68 120 116 88
2 56 240 116 88
2 68 60 58 88
2 67 60 58 88
2 65 120 113 88
2 65 60 58 88
2 63 60 58 88
2 61 120 113 88
2 61 60 58 88
2 60 60 58 88
2 58 120 116 88
2 60 60 58 88
2 61 60 58 88
2 63 120 116 88
2 51 120 116 88
2 56 120 116 88
2 58 60 58 88
2 60 60 58 88
2 61 360 353 88
2 61 60 58 88
2 60 60 58 88
2 58 120 113 88
2 58 60 58 88
2 56 60 58 88
2 55 120 113 88
2 55 60 58 88
2 53 60 58 88
2 52 120 116 88
2 48 120 116 88
2 53 120 116 88
2 65 60 58 88
2 63 60 53 88
2 63 23 22 88
2 61 30 29 88
2 63 22 21 88
2 61 23 22 88
2 63 22 21 88
2 61 120 116 88
2 60 120 116 88
2 48 60 58 88
2 50 60 58 88
2 52 120 116 88
2 50 60 58 88
2 52 60 58 88
2 53 60 58 88
2 52 60 58 88
2 53 60 58 88
2 55 60 58 88
2 56 300 234 88
2 53 60 58 88
2 55 60 58 88
2 56 60 58 88
2 58 300 234 88
2 56 60 58 88
2 58 60 58 88
2 60 60 58 88
2 61 300 234 88
2 60 60 58 88
2 62 60 58 88
2 64 60 58 88
2 65 360 356 88
2 64 60 58 88
2 62 60 58 88
2 64 240 234 88
2 65 360 234 88
2 60 60 58 88
2 61 60 58 88
2 63 120 113 88
2 63 60 58 88
2 65 60 58 88
2 66 360 353 88
2 65 60 58 88
2 63 60 58 88
2 61 120 116 88
2 56 60 58 88
2 58 60 58 88
2 60 120 113 88
2 60 60 58 88
2 61 60 58 88
2 63 360 353 88
2 61 60 58 88
2 60 60 58 88
2 58 120 116 88
2 53 60 58 88
2 55 60 58 88
2 56 120 113 88
2 56 60 58 88
2 58 60 58 88
2 60 360 353 88
2 58 60 58 88
2 60 60 58 88
2 61 360 356 88
2 63 60 58 88
2 61 60 58 88
2 60 120 116 88
2 61 60 58 88
2 60 60 58 88
2 58 360 353 88
2 56 60 58 88
2 55 60 58 88
2 56 120 116 88
2 55 60 58 88
2 56 60 58 88
2 58 60 58 88
2 56 60 58 88
2 55 60 58 88
2 53 60 58 88
2 51 120 116 88
2 56 180 175 88
2 55 60 58 88
2 56 60 58 88
2 58 60 58 88
2 60 300 234 88
2 53 60 58 88
2 55 5312 5370 88
2 55 60 58 88
2 53 60 58 88
2 52 60 58 88
2 53 3600 234 88
2 58 240 234 88
2 60 240 234 88
2 58 240 234 88
2 57 240 234 88
2 62 240 234 88
2 63 240 234 88
2 56 240 234 88
2 55 240 234 88
2 54 240 234 88
2 54 23 22 88
2 53 30 29 88
2 54 30 29 88
2 53 22 21 88
2 54 23 22 88
2 53 22 21 88
2 54 23 22 88
2 53 22 21 88
2 54 23 22 88
2 53 262 257 88
2 51 600 234 88
2 58 60 58 88
2 60 60 58 88
2 62 60 58 88
2 60 60 58 88
2 58 60 58 88
2 56 60 58 88
2 55 600 234 88
2 55 60 58 88
2 56 60 58 88
2 58 60 58 88
2 56 60 58 88
2 55 60 58 88
2 53 60 58 88
2 51 600 234 88
2 51 60 58 88
2 53 60 58 88
2 55 60 58 88
2 53 60 58 88
2 51 60 58 88
2 50 60 58 88
2 48 120 116 88
2 47 120 116 88
2 48 240 234 88
2 50 600 116 88
2 72 240 234 88
2 70 120 116 88
2 69 120 116 88
2 70 60 58 88
2 72 60 58 88
2 74 60 58 88
2 72 60 58 88
2 71 60 58 88
2 69 60 58 88
2 67 300 234 88
2 55 60 58 88
2 56 60 58 88
2 58 60 58 88
2 60 300 234 88
2 60 60 58 88
2 62 60 58 88
2 63 60 58 88
2 65 60 58 88
2 62 60 58 88
2 63 60 58 88
2 65 60 58 88
2 67 60 58 88
2 68 60 58 88
2 67 60 58 88
2 65 60 58 88
2 63 60 58 88
2 65 60 58 88
2 63 60 58 88
2 62 60 58 88
2 60 120 113 88
2 60 60 58 88
2 58 60 58 88
2 57 120 113 88
2 57 60 58 88
2 55 60 58 88
2 53 120 116 88
2 55 60 58 88
2 57 60 58 88
2 58 120 116 88
2 65 60 58 88
2 63 60 58 88
2 62 120 113 88
2 62 60 58 88
2 60 60 58 88
2 59 120 113 88
2 59 60 58 88
2 57 60 58 88
2 55 120 116 88
2 57 60 58 88
2 59 60 58 88
2 60 120 116 88
2 58 60 58 88
2 56 60 58 88
2 55 120 113 88
2 55 60 58 88
2 53 60 58 88
2 52 120 113 88
2 52 60 58 88
2 50 60 58 88
2 48 120 116 88
2 50 60 58 88
2 52 60 58 88
2 53 60 58 88
2 55 60 58 88
2 56 60 58 88
2 58 60 58 88
2 60 360 353 88
2 58 240 116 88
2 56 240 236 88
2 55 60 58 88
2 53 60 58 88
2 55 60 58 88
2 58 60 58 88
2 56 60 58 88
2 55 60 58 88
2 53 120 116 88
2 55 60 58 88
2 56 60 58 88
2 58 60 58 88
2 53 60 58 88
2 51 60 58 88
2 49 60 58 88
2 48 300 294 88
2 50 60 58 88
2 52 60 58 88
2 53 60 58 88
2 55 300 294 88
2 45 60 58 88
2 46 60 58 88
2 48 60 58 88
2 49 60 58 88
2 48 60 58 88
2 49 60 58 88
2 51 60 58 88
2 53 300 293 88
2 53 60 58 88
2 55 60 58 88
2 56 60 58 88
2 58 300 293 88
2 58 60 58 88
2 56 60 58 88
2 55 60 58 88
2 56 240 233 88
2 56 23 22 88
2 55 30 29 88
2 56 22 21 88
2 55 23 22 88
2 53 22 21 88
2 55 360 353 88
3 0 6000 0 0
3 48 240 234 88
3 49 240 234 88
3 48 240 234 88
3 47 240 234 88
3 52 240 234 88
3 53 240 234 88
3 46 240 234 88
3 45 240 234 88
3 44 240 233 88
3 44 23 22 88
3 43 30 29 88
3 44 30 29 88
3 43 30 29 88
3 44 30 29 88
3 43 22 21 88
3 44 23 22 88
3 43 22 21 88
3 44 23 22 88
3 43 22 21 88
3 44 23 22 88
3 43 22 21 88
3 44 23 22 88
3 43 22 21 88
3 44 23 22 88
3 43 22 21 88
3 44 23 22 88
3 43 22 21 88
3 41 23 22 88
3 43 22 21 88
3 41 360 234 88
3 53 60 58 88
3 55 60 58 88
3 56 120 113 88
3 56 60 58 88
3 58 60 58 88
3 60 120 116 88
3 48 120 116 88
3 49 360 234 88
3 49 60 58 88
3 51 60 58 88
3 53 120 113 88
3 53 60 58 88
3 55 60 58 88
3 56 120 116 88
3 44 120 116 88
3 46 360 234 88
3 46 60 58 88
3 48 60 58 88
3 49 120 113 88
3 49 60 58 88
3 51 60 58 88
3 53 120 116 88
3 41 120 116 88
3 48 120 113 88
3 48 60 58 88
3 50 60 58 88
3 52 120 116 88
3 50 60 58 88
3 52 60 58 88
3 53 60 58 88
3 40 60 58 88
3 41 60 58 88
3 43 60 58 88
3 44 300 234 88
3 41 60 58 88
3 43 60 58 88
3 44 60 58 88
3 46 300 234 88
3 44 60 58 88
3 46 60 58 88
3 48 60 58 88
3 49 300 234 88
3 48 60 58 88
3 50 60 58 88
3 52 60 58 88
3 53 360 353 88
3 52 60 58 88
3 50 60 58 88
3 52 240 234 88
3 53 360 234 88
3 53 60 58 88
3 51 60 58 88
3 50 120 113 88
3 50 60 58 88
3 48 60 58 88
3 46 120 116 88
3 48 60 58 88
3 50 60 58 88
3 51 360 234 88
3 55 60 58 88
3 53 60 58 88
3 52 120 113 88
3 52 60 58 88
3 50 60 58 88
3 48 120 116 88
3 50 60 58 88
3 52 60 58 88
3 53 360 234 88
3 50 60 58 88
3 48 60 58 88
3 47 120 113 88
3 47 60 58 88
3 45 60 58 88
3 43 120 116 88
3 45 60 58 88
3 47 60 58 88
3 48 8400 234 88
3 48 240 234 88
3 49 240 234 88
3 48 240 234 88
3 47 240 234 88
3 52 240 234 88
3 53 240 234 88
3 46 240 234 88
3 45 240 234 88
3 44 240 234 88
3 44 23 22 88
3 43 30 29 88
3 44 30 29 88
3 43 22 21 88
3 44 23 22 88
3 43 22 21 88
3 44 23 22 88
3 43 22 21 88
3 41 23 22 88
3 43 262 257 88
3 41 120 116 88
3 53 60 58 88
3 55 60 58 88
3 56 120 113 88
3 56 60 58 88
3 58 60 58 88
3 60 300 294 88
3 58 60 58 88
3 56 60 58 88
3 54 60 58 88
3 53 120 116 88
3 49 60 58 88
3 51 60 58 88
3 53 120 113 88
3 53 60 58 88
3 55 60 58 88
3 56 300 294 88
3 54 60 58 88
3 53 60 58 88
3 51 60 58 88
3 49 120 116 88
3 46 60 58 88
3 48 60 58 88
3 49 120 113 88
3 49 60 58 88
3 51 60 58 88
3 53 300 294 88
3 51 60 58 88
3 49 60 58 88
3 48 60 58 88
3 46 60 58 88
3 48 60 58 88
3 49 60 58 88
3 48 60 58 88
3 46 60 58 88
3 44 60 58 88
3 43 60 58 88
3 41 60 58 88
3 39 120 116 88
3 46 120 116 88
3 48 120 116 88
3 44 120 116 88
3 49 120 116 88
3 46 120 116 88
3 51 120 116 88
3 48 120 116 88
3 53 120 116 88
3 46 240 234 88
3 51 60 58 88
3 49 60 58 88
3 48 120 116 88
3 53 180 175 88
3 51 60 58 88
3 53 60 58 88
3 55 60 58 88
3 56 60 58 88
3 55 60 58 88
3 53 60 58 88
3 51 60 58 88
3 50 240 234 88
3 51 120 116 88
3 50 120 116 88
3 52 120 116 88
3 48 120 116 88
3 53 120 113 88
3 53 60 58 88
3 51 60 58 88
3 50 120 113 88
3 50 60 58 88
3 48 60 58 88
3 47 60 58 88
3 43 60 58 88
3 45 60 58 88
3 47 60 58 88
3 48 60 58 88
3 44 60 58 88
3 46 60 58 88
3 48 60 58 88
3 49 120 113 88
3 49 60 58 88
3 48 60 58 88
3 46 120 113 88
3 46 60 58 88
3 44 60 58 88
3 43 60 58 88
3 39 60 58 88
3 41 60 58 88
3 43 60 58 88
3 44 60 58 88
3 41 60 58 88
3 43 60 58 88
3 45 60 58 88
3 46 60 58 88
3 45 60 58 88
3 46 60 58 88
3 48 60 58 88
3 49 60 58 88
3 46 60 58 88
3 48 60 58 88
3 49 60 58 88
3 51 120 113 88
3 51 60 58 88
3 49 60 58 88
3 48 120 113 88
3 48 60 58 88
3 46 60 58 88
3 44 120 116 88
3 56 60 58 88
3 55 60 58 88
3 53 120 113 88
3 53 60 58 88
3 51 60 58 88
3 50 240 234 88
3 51 120 116 88
3 55 120 116 88
3 56 120 116 88
3 53 120 116 88
3 58 120 116 88
3 46 120 116 88
3 48 120 116 88
3 60 60 58 88
3 58 60 58 88
3 56 120 116 88
3 58 60 58 88
3 56 60 58 88
3 55 120 116 88
3 46 60 58 88
3 48 60 58 88
3 50 120 116 88
3 48 60 58 88
3 50 60 58 88
3 51 120 113 88
3 51 60 58 88
3 50 60 58 88
3 48 120 113 88
3 48 60 58 88
3 46 60 58 88
3 45 240 234 88
3 46 240 234 88
3 51 360 234 88
3 51 60 58 88
3 53 60 58 88
3 55 120 113 88
3 55 60 58 88
3 56 60 58 88
3 58 120 116 88
3 46 120 116 88
3 48 360 234 88
3 48 60 58 88
3 50 60 58 88
3 51 120 113 88
3 51 60 58 88
3 53 60 58 88
3 55 120 116 88
3 43 120 116 88
3 44 360 234 88
3 44 60 58 88
3 46 60 58 88
3 48 120 113 88
3 48 60 58 88
3 50 60 58 88
3 51 120 116 88
3 39 120 116 88
3 41 120 116 88
3 43 120 116 88
3 44 120 116 88
3 45 120 116 88
3 43 6000 116 88
3 48 240 234 88
3 49 240 234 88
3 48 240 234 88
3 47 240 234 88
3 52 240 234 88
3 53 240 234 88
3 46 240 234 88
3 45 240 234 88
3 44 240 233 88
3 44 23 22 88
3 43 30 29 88
3 44 30 29 88
3 43 22 21 88
3 44 23 22 88
3 43 22 21 88
3 44 23 22 88
3 43 22 21 88
3 41 23 22 88
3 43 262 257 88
3 41 300 293 88
3 41 60 58 88
3 43 60 58 88
3 45 60 58 88
3 46 300 294 88
3 49 60 58 88
3 48 60 58 88
3 46 60 58 88
3 48 960 945 88
