0 0 12960 0 0
0 73 480 470 88
0 72 480 470 88
0 76 480 470 88
0 75 960 945 88
0 73 720 708 88
0 75 240 234 88
0 76 240 234 88
0 75 240 234 88
0 73 480 470 88
0 71 480 470 88
0 73 480 470 88
0 75 1200 470 88
0 76 240 234 88
0 75 240 234 88
0 73 240 234 88
0 71 240 234 88
0 75 240 234 88
0 80 720 714 88
0 78 240 234 88
0 80 240 234 88
0 81 240 234 88
0 83 1200 1194 88
0 81 240 234 88
0 80 240 234 88
0 78 240 234 88
0 80 120 116 88
0 78 120 116 88
0 76 120 116 88
0 75 120 116 88
0 73 960 950 88
0 71 720 714 88
0 73 240 234 88
0 71 240 234 88
0 69 240 234 88
0 68 480 470 88
0 70 240 234 88
0 71 240 234 88
0 73 480 470 88
0 71 960 950 88
0 70 480 470 88
0 71 1200 1194 88
0 73 240 234 88
0 75 240 234 88
0 76 720 710 88
0 75 480 470 88
0 76 240 234 88
0 75 240 234 88
0 76 240 234 88
0 78 240 234 88
0 80 120 116 88
0 78 120 116 88
0 80 120 116 88
0 81 120 116 88
0 80 120 116 88
0 78 120 116 88
0 76 120 116 88
0 80 120 116 88
0 78 120 116 88
0 76 120 116 88
0 78 120 116 88
0 80 120 116 88
0 78 120 116 88
0 76 120 116 88
0 75 120 116 88
0 78 120 116 88
0 76 120 116 88
0 75 120 116 88
0 76 120 116 88
0 78 120 116 88
0 76 120 116 88
0 75 120 116 88
0 73 120 116 88
0 76 120 116 88
0 75 120 116 88
0 73 120 116 88
0 75 120 116 88
0 76 120 116 88
0 75 120 116 88
0 73 120 116 88
0 71 120 116 88
0 75 120 116 88
0 73 120 116 88
0 71 120 116 88
0 73 120 116 88
0 75 120 116 88
0 73 120 116 88
0 71 120 116 88
0 70 120 116 88
0 73 120 116 88
0 71 600 590 88
0 73 120 116 88
0 75 120 116 88
0 71 120 116 88
0 73 720 708 88
0 76 240 234 88
0 75 720 708 88
0 78 240 234 88
0 76 1200 1194 88
0 75 480 470 88
0 73 480 474 88
0 72 120 116 88
0 70 120 116 88
0 72 240 234 88
0 75 240 234 88
0 80 120 116 88
0 78 120 116 88
0 80 120 116 88
0 81 120 116 88
0 80 120 116 88
0 78 120 116 88
0 76 120 116 88
0 80 120 116 88
0 78 120 116 88
0 76 120 116 88
0 78 120 116 88
0 80 120 116 88
0 78 120 116 88
0 76 120 116 88
0 75 120 116 88
0 78 120 116 88
0 77 480 470 88
0 81 480 470 88
0 80 1200 1194 88
0 78 120 116 88
0 76 120 116 88
0 74 720 470 88
0 73 240 234 88
0 78 240 210 88
0 78 240 234 88
0 78 240 234 88
0 76 120 116 88
0 74 120 116 88
0 76 720 714 88
0 74 120 116 88
0 73 120 116 88
0 74 960 950 88
0 73 480 470 88
0 78 480 470 88
0 76 840 833 88
0 78 120 116 88
0 76 120 116 88
0 74 120 116 88
0 73 120 116 88
0 76 120 116 88
0 74 120 116 88
0 73 120 116 88
0 74 120 116 88
0 76 120 116 88
0 74 120 116 88
0 73 120 116 88
0 71 120 116 88
0 74 120 116 88
0 73 960 945 88
0 72 480 470 88
0 76 480 470 88
0 75 1200 1194 88
0 68 240 234 88
0 73 240 210 88
0 73 240 234 88
0 73 240 234 88
0 71 120 116 88
0 69 120 116 88
0 71 960 950 88
0 69 480 470 88
0 68 960 470 88
0 75 960 945 88
0 74 480 470 88
0 78 480 470 88
0 77 480 470 88
0 76 480 470 88
0 75 120 116 88
0 73 120 116 88
0 75 120 116 88
0 76 120 116 88
0 75 120 116 88
0 73 120 116 88
0 71 120 116 88
0 75 120 116 88
0 73 120 116 88
0 71 120 116 88
0 73 120 116 88
0 75 120 116 88
0 73 120 116 88
0 76 120 116 88
0 75 120 116 88
0 73 120 116 88
0 72 480 470 88
0 71 480 470 88
0 70 480 470 88
0 69 480 470 88
0 68 2880 470 88
0 73 960 945 88
0 72 480 470 88
0 76 480 470 88
0 75 1440 1430 88
0 73 960 950 88
0 72 720 470 88
0 73 120 116 88
0 75 120 116 88
0 76 240 234 88
0 78 240 234 88
0 80 120 116 88
0 78 120 116 88
0 80 120 116 88
0 81 120 116 88
0 80 120 116 88
0 78 120 116 88
0 76 120 116 88
0 80 120 116 88
0 78 120 116 88
0 76 120 116 88
0 78 120 116 88
0 80 120 116 88
0 78 120 116 88
0 76 120 116 88
0 75 120 116 88
0 78 120 116 88
0 76 120 116 88
0 75 120 116 88
0 76 120 116 88
0 78 120 116 88
0 76 120 116 88
0 74 120 116 88
0 73 120 116 88
0 76 120 116 88
0 74 120 116 88
0 73 120 116 88
0 74 120 116 88
0 76 120 116 88
0 74 120 116 88
0 73 120 116 88
0 71 120 116 88
0 74 120 116 88
0 73 120 116 88
0 71 120 116 88
0 73 120 116 88
0 74 120 116 88
0 73 120 116 88
0 71 120 116 88
0 69 120 116 88
0 73 120 116 88
0 71 120 116 88
0 69 120 116 88
0 71 120 116 88
0 73 120 116 88
0 71 120 116 88
0 69 120 116 88
0 68 120 116 88
0 71 120 116 88
0 69 960 470 88
0 73 960 945 88
0 72 480 470 88
0 76 480 470 88
0 75 1200 1194 88
0 73 240 234 88
0 80 240 210 88
0 80 240 234 88
0 80 240 234 88
0 78 120 116 88
0 76 120 116 88
0 78 480 470 88
0 76 960 945 88
0 75 480 470 88
0 79 480 470 88
0 78 480 470 88
0 66 480 470 88
0 65 480 470 88
0 69 480 470 88
0 68 1200 234 88
0 72 240 234 88
0 78 240 210 88
0 78 240 234 88
0 78 240 234 88
0 76 120 116 88
0 75 120 116 88
0 76 240 234 88
0 75 120 116 88
0 73 120 116 88
0 75 240 234 88
0 72 240 234 88
0 73 1440 1425 88
0 72 480 470 88
0 71 480 470 88
0 70 480 470 88
0 69 480 470 88
0 68 960 945 88
0 70 480 470 88
0 72 480 470 88
0 73 960 945 88
0 72 480 470 88
0 76 960 950 88
0 75 240 234 88
0 73 240 234 88
0 72 480 470 88
0 73 960 950 88
0 72 480 470 88
1 0 11040 0 0
1 68 480 470 88
1 65 480 470 88
1 69 480 470 88
1 68 480 470 88
1 66 960 950 88
1 73 960 950 88
1 71 960 950 88
1 69 480 470 88
1 68 480 470 88
1 69 720 714 88
1 68 240 234 88
1 66 240 234 88
1 64 240 234 88
1 63 480 470 88
1 68 960 950 88
1 67 480 470 88
1 68 480 470 88
1 59 480 470 88
1 61 720 690 88
1 61 240 234 88
1 63 240 234 88
1 61 240 234 88
1 63 240 234 88
1 65 240 234 88
1 66 480 470 88
1 69 480 470 88
1 68 600 470 88
1 71 120 116 88
1 69 120 116 88
1 68 120 116 88
1 66 240 234 88
1 69 240 234 88
1 68 240 234 88
1 66 240 234 88
1 65 480 470 88
1 66 720 714 88
1 64 1200 1190 88
1 63 480 470 88
1 64 1200 1194 88
1 63 240 234 88
1 64 240 234 88
1 66 120 116 88
1 68 120 116 88
1 66 480 470 88
1 71 720 714 88
1 73 240 234 88
1 71 240 234 88
1 69 240 234 88
1 68 9120 470 88
1 73 480 470 88
1 72 480 470 88
1 76 480 470 88
1 75 1440 1430 88
1 73 960 950 88
1 72 240 234 88
1 71 360 330 88
1 71 120 116 88
1 73 120 116 88
1 74 120 116 88
1 73 120 116 88
1 71 120 116 88
1 69 120 116 88
1 73 120 116 88
1 71 120 116 88
1 69 120 116 88
1 71 120 116 88
1 73 120 116 88
1 71 120 116 88
1 69 120 116 88
1 68 120 116 88
1 71 120 116 88
1 69 600 590 88
1 73 120 116 88
1 71 120 116 88
1 69 120 116 88
1 68 2400 470 88
1 69 480 470 88
1 68 480 470 88
1 73 480 470 88
1 71 1200 1194 88
1 64 240 234 88
1 69 240 210 88
1 69 240 234 88
1 69 240 234 88
1 68 120 116 88
1 66 120 116 88
1 68 720 714 88
1 61 120 116 88
1 63 120 116 88
1 64 240 234 88
1 66 240 234 88
1 68 120 116 88
1 66 120 116 88
1 68 120 116 88
1 69 120 116 88
1 68 120 116 88
1 66 120 116 88
1 64 120 116 88
1 68 120 116 88
1 66 120 116 88
1 64 120 116 88
1 66 120 116 88
1 68 120 116 88
1 66 120 116 88
1 64 120 116 88
1 63 120 116 88
1 66 120 116 88
1 64 120 116 88
1 63 120 116 88
1 64 120 116 88
1 66 120 116 88
1 64 120 116 88
1 63 120 116 88
1 61 120 116 88
1 64 120 116 88
1 63 120 116 88
1 61 120 116 88
1 63 120 116 88
1 64 120 116 88
1 62 120 116 88
1 61 120 116 88
1 59 120 116 88
1 62 120 116 88
1 61 120 116 88
1 59 120 116 88
1 61 120 116 88
1 62 120 116 88
1 61 120 116 88
1 64 120 116 88
1 63 120 116 88
1 61 120 116 88
1 60 480 470 88
1 61 480 470 88
1 63 240 210 88
1 63 240 234 88
1 68 120 116 88
1 70 120 116 88
1 71 480 474 88
1 70 240 234 88
1 75 240 210 88
1 75 240 234 88
1 75 240 234 88
1 73 120 116 88
1 72 120 116 88
1 73 960 950 88
1 71 480 470 88
1 70 480 470 88
1 69 720 714 88
1 63 240 234 88
1 68 240 210 88
1 68 480 474 88
1 66 120 116 88
1 65 120 116 88
1 66 960 950 88
1 64 480 470 88
1 63 480 470 88
1 61 480 470 88
1 63 2160 945 88
1 68 240 234 88
1 73 240 210 88
1 73 240 234 88
1 73 240 234 88
1 72 120 116 88
1 70 120 116 88
1 72 120 116 88
1 73 120 116 88
1 75 120 116 88
1 72 120 116 88
1 68 120 116 88
1 66 120 116 88
1 68 120 116 88
1 69 120 116 88
1 68 120 116 88
1 66 120 116 88
1 64 120 116 88
1 68 120 116 88
1 66 120 116 88
1 64 120 116 88
1 66 120 116 88
1 68 120 116 88
1 66 120 116 88
1 64 120 116 88
1 63 120 116 88
1 66 120 116 88
1 64 120 116 88
1 68 120 116 88
1 69 120 116 88
1 71 120 116 88
1 73 120 116 88
1 75 120 116 88
1 72 120 116 88
1 73 120 116 88
1 75 3120 234 88
1 66 240 234 88
1 71 240 210 88
1 71 240 234 88
1 71 240 234 88
1 69 120 116 88
1 68 120 116 88
1 69 480 470 88
1 68 1080 1050 88
1 68 120 116 88
1 66 120 116 88
1 65 120 116 88
1 66 480 470 88
1 68 600 570 88
1 68 120 116 88
1 66 120 116 88
1 64 120 116 88
1 63 120 116 88
1 69 120 116 88
1 68 120 116 88
1 66 120 116 88
1 64 120 116 88
1 68 120 116 88
1 73 120 116 88
1 71 120 116 88
1 69 120 116 88
1 68 120 116 88
1 69 120 116 88
1 66 120 116 88
1 68 720 714 88
1 73 120 116 88
1 72 120 116 88
1 73 720 714 88
1 70 240 234 88
1 75 240 210 88
1 75 240 234 88
1 75 240 234 88
1 73 120 116 88
1 71 120 116 88
1 73 480 470 88
1 71 480 450 88
1 71 480 470 88
1 70 480 470 88
1 74 480 470 88
1 73 1200 945 88
1 68 240 234 88
1 73 240 210 88
1 73 240 234 88
1 73 240 234 88
1 72 120 116 88
1 70 120 116 88
1 72 120 116 88
1 73 120 116 88
1 75 480 474 88
1 73 120 116 88
1 72 120 116 88
1 73 480 470 88
1 66 480 470 88
1 68 960 950 88
1 66 1680 714 88
1 61 240 234 88
1 66 240 210 88
1 66 240 234 88
1 66 240 234 88
1 64 120 116 88
1 63 120 116 88
1 64 720 714 88
1 66 120 116 88
1 68 120 116 88
1 69 240 234 88
1 68 480 474 88
1 64 240 234 88
1 69 240 210 88
1 69 240 234 88
1 69 240 234 88
1 68 120 116 88
1 66 120 116 88
1 68 240 234 88
1 70 120 116 88
1 72 120 116 88
1 73 480 470 88
1 70 480 470 88
1 68 480 450 88
1 68 1920 1910 88
1 66 480 470 88
1 65 480 470 88
1 69 480 470 88
2 0 6240 0 0
2 61 480 470 88
2 60 480 470 88
2 64 480 470 88
2 63 960 945 88
2 61 480 470 88
2 66 720 714 88
2 64 240 234 88
2 63 240 234 88
2 61 240 234 88
2 61 480 470 88
2 59 480 470 88
2 61 480 470 88
2 66 720 714 88
2 64 240 234 88
2 63 240 234 88
2 61 240 234 88
2 63 480 470 88
2 68 720 470 88
2 69 240 234 88
2 68 240 234 88
2 66 240 234 88
2 65 240 234 88
2 61 240 234 88
2 66 480 470 88
2 64 1440 1430 88
2 68 480 470 88
2 70 5280 470 88
2 61 480 470 88
2 60 480 470 88
2 64 480 470 88
2 63 960 945 88
2 61 1920 1905 88
2 54 240 234 88
2 56 240 234 88
2 58 240 234 88
2 59 240 234 88
2 61 1440 945 88
2 64 480 470 88
2 63 480 470 88
2 68 480 470 88
2 66 960 945 88
2 64 3360 470 88
2 68 480 470 88
2 67 480 470 88
2 71 480 470 88
2 70 1200 1194 88
2 63 240 234 88
2 68 720 714 88
2 66 120 116 88
2 64 120 116 88
2 66 720 714 88
2 64 120 116 88
2 66 120 116 88
2 68 5520 2385 88
2 61 240 234 88
2 66 240 210 88
2 66 240 234 88
2 66 240 234 88
2 65 120 116 88
2 63 120 116 88
2 65 480 470 88
2 66 240 234 88
2 54 120 116 88
2 56 120 116 88
2 57 240 234 88
2 59 240 234 88
2 61 120 116 88
2 59 120 116 88
2 61 120 116 88
2 62 120 116 88
2 61 120 116 88
2 59 120 116 88
2 57 120 116 88
2 61 120 116 88
2 59 120 116 88
2 57 120 116 88
2 59 120 116 88
2 61 120 116 88
2 59 120 116 88
2 57 120 116 88
2 56 120 116 88
2 59 120 116 88
2 57 120 116 88
2 56 120 116 88
2 57 120 116 88
2 59 120 116 88
2 57 120 116 88
2 59 120 116 88
2 61 120 116 88
2 62 120 116 88
2 64 120 116 88
2 62 120 116 88
2 64 120 116 88
2 66 120 116 88
2 64 120 116 88
2 62 120 116 88
2 61 120 116 88
2 64 120 116 88
2 62 120 116 88
2 61 120 116 88
2 62 120 116 88
2 64 120 116 88
2 62 120 116 88
2 61 120 116 88
2 59 120 116 88
2 62 120 116 88
2 61 120 116 88
2 59 120 116 88
2 61 120 116 88
2 62 120 116 88
2 61 120 116 88
2 59 120 116 88
2 57 120 116 88
2 61 120 116 88
2 59 960 945 88
2 57 120 116 88
2 56 120 116 88
2 54 120 116 88
2 52 120 116 88
2 51 120 116 88
2 49 120 116 88
2 48 120 116 88
2 49 120 116 88
2 51 4080 470 88
2 49 240 234 88
2 54 240 210 88
2 54 240 234 88
2 54 240 234 88
2 52 120 116 88
2 51 120 116 88
2 52 480 470 88
2 51 3120 945 88
2 51 240 234 88
2 56 240 210 88
2 56 240 234 88
2 56 240 234 88
2 54 120 116 88
2 52 120 116 88
2 54 600 596 88
2 57 120 116 88
2 56 120 116 88
2 54 120 116 88
2 53 120 116 88
2 51 120 116 88
2 53 120 116 88
2 49 120 116 88
2 54 120 116 88
2 53 120 116 88
2 54 120 116 88
2 56 120 116 88
2 57 120 116 88
2 56 120 116 88
2 57 120 116 88
2 59 120 116 88
2 61 120 116 88
2 60 120 116 88
2 61 120 116 88
2 63 120 116 88
2 64 120 116 88
2 63 120 116 88
2 64 120 116 88
2 66 120 116 88
2 68 120 116 88
2 66 120 116 88
2 68 120 116 88
2 69 120 116 88
2 68 120 116 88
2 66 120 116 88
2 64 120 116 88
2 68 120 116 88
2 66 120 116 88
2 64 120 116 88
2 66 120 116 88
2 68 120 116 88
2 66 120 116 88
2 64 120 116 88
2 63 120 116 88
2 66 120 116 88
2 64 120 116 88
2 63 120 116 88
2 64 120 116 88
2 66 120 116 88
2 64 120 116 88
2 63 120 116 88
2 61 120 116 88
2 64 120 116 88
2 63 5040 470 88
2 56 240 234 88
2 61 240 210 88
2 61 240 234 88
2 61 240 234 88
2 60 120 116 88
2 58 120 116 88
2 60 480 470 88
2 61 960 945 88
2 59 720 708 88
2 66 240 234 88
2 65 480 470 88
2 66 480 470 88
2 59 480 470 88
2 61 1080 1050 88
2 61 120 116 88
2 59 120 116 88
2 57 120 116 88
2 56 6000 945 88
2 59 240 234 88
2 64 240 210 88
2 64 240 234 88
2 64 240 234 88
2 62 120 116 88
2 61 120 116 88
2 59 720 234 88
2 61 240 234 88
2 66 240 210 88
2 66 240 234 88
2 66 240 234 88
2 64 120 116 88
2 63 120 116 88
2 64 480 470 88
2 66 840 827 88
2 68 120 116 88
2 69 240 234 88
2 68 120 116 88
2 66 120 116 88
2 68 240 234 88
2 66 120 116 88
2 64 120 116 88
2 63 480 470 88
2 64 960 950 88
2 63 240 234 88
2 61 240 234 88
2 63 240 234 88
2 65 120 116 88
2 66 120 116 88
2 68 240 210 88
2 68 240 234 88
2 68 240 234 88
2 66 120 116 88
2 64 120 116 88
2 63 240 234 88
2 61 240 234 88
2 60 480 470 88
2 61 960 950 88
2 63 480 470 88
2 61 240 210 88
2 61 240 234 88
2 66 240 210 88
2 66 240 234 88
2 66 240 234 88
2 64 120 116 88
2 63 120 116 88
2 64 240 234 88
2 66 120 116 88
2 68 120 116 88
2 70 480 470 88
2 63 960 950 88
2 64 480 470 88
2 63 720 708 88
2 64 120 116 88
2 66 120 116 88
2 65 240 234 88
2 61 960 930 88
2 61 240 234 88
2 66 240 210 88
2 66 240 234 88
2 66 480 470 88
2 65 240 234 88
2 63 240 234 88
3 0 2880 0 0
3 56 960 945 88
3 55 480 470 88
3 59 480 470 88
3 58 960 945 88
3 56 480 470 88
3 57 720 714 88
3 56 120 116 88
3 54 120 116 88
3 56 240 234 88
3 61 240 234 88
3 54 240 234 88
3 56 120 116 88
3 57 120 116 88
3 59 720 714 88
3 57 240 234 88
3 56 240 234 88
3 54 240 234 88
3 56 480 470 88
3 54 240 234 88
3 52 240 234 88
3 51 720 708 88
3 50 240 234 88
3 49 6240 1905 88
3 56 480 470 88
3 55 480 470 88
3 59 480 470 88
3 58 960 945 88
3 56 240 234 88
3 57 240 234 88
3 56 240 234 88
3 54 240 234 88
3 53 480 470 88
3 57 480 470 88
3 56 960 945 88
3 54 1200 1194 88
3 56 120 116 88
3 54 120 116 88
3 52 240 234 88
3 54 120 116 88
3 56 120 116 88
3 57 240 234 88
3 54 240 234 88
3 56 480 470 88
3 49 2400 2390 88
3 54 480 470 88
3 52 240 234 88
3 51 240 234 88
3 52 240 234 88
3 54 240 234 88
3 56 240 234 88
3 54 240 234 88
3 56 240 234 88
3 57 240 234 88
3 59 2400 2390 88
3 61 480 470 88
3 60 480 470 88
3 64 480 470 88
3 63 960 945 88
3 61 1200 1194 88
3 59 240 234 88
3 58 240 234 88
3 56 480 474 88
3 55 120 116 88
3 53 120 116 88
3 55 480 470 88
3 56 120 116 88
3 58 120 116 88
3 56 120 116 88
3 55 120 116 88
3 56 120 116 88
3 58 120 116 88
3 59 120 116 88
3 56 120 116 88
3 57 120 116 88
3 59 120 116 88
3 57 120 116 88
3 56 120 116 88
3 58 120 116 88
3 59 120 116 88
3 61 120 116 88
3 58 120 116 88
3 59 120 116 88
3 61 120 116 88
3 59 120 116 88
3 58 120 116 88
3 60 120 116 88
3 61 120 116 88
3 63 120 116 88
3 60 120 116 88
3 61 793802 945 88
3 53 480 470 88
3 57 480 470 88
3 56 960 945 88
3 54 6000 945 88
3 56 240 234 88
3 61 240 210 88
3 61 240 234 88
3 61 240 234 88
3 60 120 116 88
3 58 120 116 88
3 60 480 470 88
3 61 480 470 88
3 57 480 470 88
3 54 480 470 88
3 56 480 470 88
3 53 480 470 88
3 54 480 470 88
3 56 960 945 88
3 55 480 470 88
3 56 480 470 88
3 53 6960 234 88
3 44 240 234 88
3 49 240 210 88
3 49 240 234 88
3 49 240 234 88
3 48 120 116 88
3 46 120 116 88
3 48 480 470 88
3 49 4800 470 88
3 49 960 945 88
3 48 480 470 88
3 52 480 470 88
3 51 960 945 88
3 49 240 234 88
3 52 240 234 88
3 57 240 210 88
3 57 240 234 88
3 57 240 234 88
3 56 120 116 88
3 54 120 116 88
3 56 960 950 88
3 54 480 470 88
3 56 960 945 88
3 57 480 470 88
3 54 600 570 88
3 54 120 116 88
3 52 120 116 88
3 51 120 116 88
3 52 240 234 88
3 49 240 234 88
3 56 960 945 88
3 54 480 470 88
3 51 480 470 88
3 52 120 116 88
3 51 120 116 88
3 52 120 116 88
3 54 120 116 88
3 52 120 116 88
3 51 120 116 88
3 49 120 116 88
3 52 120 116 88
3 51 120 116 88
3 49 120 116 88
3 51 120 116 88
3 52 120 116 88
3 51 120 116 88
3 49 120 116 88
3 48 120 116 88
3 51 120 116 88
3 49 240 234 88
3 52 240 234 88
3 57 240 210 88
3 57 240 234 88
3 57 240 234 88
3 55 120 116 88
3 54 120 116 88
3 52 720 470 88
3 54 240 234 88
3 59 240 210 88
3 59 240 234 88
3 59 240 234 88
3 57 120 116 88
3 56 120 116 88
3 57 120 116 88
3 56 120 116 88
3 54 120 116 88
3 52 120 116 88
3 51 720 470 88
3 56 240 234 88
3 63 240 210 88
3 63 240 210 88
3 63 240 234 88
3 61 120 116 88
3 60 120 116 88
3 61 960 945 88
3 60 480 470 88
3 64 720 470 88
3 49 240 234 88
3 54 240 210 88
3 54 240 234 88
3 54 240 234 88
3 53 120 116 88
3 51 120 116 88
3 49 960 950 88
3 51 720 690 88
3 51 240 234 88
3 56 240 210 88
3 56 240 234 88
3 56 240 234 88
3 54 120 116 88
3 52 120 116 88
3 54 240 210 88
3 54 240 234 88
3 54 240 234 88
3 52 120 116 88
3 51 120 116 88
3 52 240 234 88
3 51 120 116 88
3 49 120 116 88
3 51 240 234 88
3 44 240 234 88
3 49 240 210 88
3 49 240 234 88
3 49 240 234 88
3 47 120 116 88
3 46 120 116 88
3 51 600 596 88
3 52 120 116 88
3 54 360 353 88
3 52 120 116 88
3 51 120 116 88
3 49 120 116 88
3 56 960 945 88
3 57 720 708 88
3 56 120 116 88
3 57 120 116 88
3 59 240 234 88
3 57 240 234 88
3 56 240 234 88
3 54 240 234 88
3 61 240 234 88
3 59 120 116 88
3 57 120 116 88
3 56 240 234 88
3 54 240 234 88
4 49 960 945 88
4 48 480 470 88
4 52 480 470 88
4 51 960 945 88
4 49 240 234 88
4 51 240 234 88
4 52 720 714 88
4 51 120 116 88
4 49 120 116 88
4 51 240 234 88
4 56 240 234 88
4 49 240 234 88
4 51 120 116 88
4 52 120 116 88
4 54 720 714 88
4 52 240 234 88
4 51 240 234 88
4 49 240 234 88
4 51 480 470 88
4 49 720 714 88
4 47 240 234 88
4 45 240 234 88
4 44 240 234 88
4 45 480 470 88
4 46 480 470 88
4 48 480 470 88
4 49 480 470 88
4 44 240 234 88
4 45 240 234 88
4 47 720 714 88
4 45 240 234 88
4 44 240 234 88
4 42 240 234 88
4 49 480 470 88
4 45 720 714 88
4 44 240 234 88
4 42 240 234 88
4 40 240 234 88
4 42 480 470 88
4 44 480 470 88
4 45 240 234 88
4 44 240 234 88
4 45 240 234 88
4 47 240 234 88
4 49 240 234 88
4 47 240 234 88
4 49 240 234 88
4 51 240 234 88
4 52 480 470 88
4 49 720 714 88
4 47 240 234 88
4 46 240 234 88
4 44 240 234 88
4 49 480 470 88
4 51 480 470 88
4 44 7200 470 88
4 47 480 470 88
4 46 480 470 88
4 51 480 470 88
4 49 960 945 88
4 47 1200 1194 88
4 56 240 234 88
4 54 240 234 88
4 52 240 234 88
4 59 480 470 88
4 47 480 470 88
4 52 480 470 88
4 57 480 470 88
4 56 480 470 88
4 61 960 950 88
4 60 480 470 88
4 61 6000 470 88
4 49 120 116 88
4 51 120 116 88
4 52 240 234 88
4 54 240 234 88
4 56 120 116 88
4 54 120 116 88
4 56 120 116 88
4 57 120 116 88
4 56 120 116 88
4 54 120 116 88
4 52 120 116 88
4 56 120 116 88
4 54 120 116 88
4 52 120 116 88
4 54 120 116 88
4 56 120 116 88
4 54 120 116 88
4 52 120 116 88
4 51 120 116 88
4 54 120 116 88
4 52 120 116 88
4 51 120 116 88
4 52 120 116 88
4 54 120 116 88
4 52 120 116 88
4 57 120 116 88
4 56 120 116 88
4 57 120 116 88
4 51 120 116 88
4 49 120 116 88
4 51 120 116 88
4 52 120 116 88
4 51 120 116 88
4 56 120 116 88
4 54 120 116 88
4 56 120 116 88
4 49 6000 470 88
4 52 240 234 88
4 57 240 210 88
4 57 240 234 88
4 57 240 234 88
4 56 120 116 88
4 54 120 116 88
4 56 480 470 88
4 57 480 470 88
4 54 480 470 88
4 47 480 470 88
4 52 480 470 88
4 45 960 945 88
4 44 5040 470 88
4 44 240 234 88
4 49 240 210 88
4 49 240 234 88
4 49 240 234 88
4 47 120 116 88
4 46 120 116 88
4 47 120 116 88
4 46 120 116 88
4 44 120 116 88
4 47 120 116 88
4 46 120 116 88
4 44 120 116 88
4 46 120 116 88
4 47 120 116 88
4 46 120 116 88
4 44 120 116 88
4 42 120 116 88
4 46 120 116 88
4 44 120 116 88
4 42 120 116 88
4 44 120 116 88
4 46 120 116 88
4 44 120 116 88
4 47 120 116 88
4 46 120 116 88
4 44 120 116 88
4 43 480 470 88
4 44 480 470 88
4 46 480 470 88
4 51 480 470 88
4 44 1920 470 88
4 37 960 945 88
4 36 480 470 88
4 40 480 470 88
4 39 960 945 88
4 37 240 210 88
4 37 120 116 88
4 39 120 116 88
4 40 240 234 88
4 42 240 234 88
4 44 120 116 88
4 42 120 116 88
4 44 120 116 88
4 45 120 116 88
4 44 120 116 88
4 42 120 116 88
4 40 120 116 88
4 44 120 116 88
4 42 120 116 88
4 40 120 116 88
4 42 120 116 88
4 44 120 116 88
4 42 120 116 88
4 40 120 116 88
4 39 120 116 88
4 42 120 116 88
4 40 240 234 88
4 52 240 234 88
4 57 240 210 88
4 57 240 234 88
4 57 240 234 88
4 56 120 116 88
4 54 120 116 88
4 56 240 234 88
4 44 240 234 88
4 49 240 234 88
4 47 240 234 88
4 45 480 470 88
4 44 4080 234 88
4 49 240 234 88
4 54 240 210 88
4 54 240 234 88
4 54 240 234 88
4 53 120 116 88
4 51 120 116 88
4 53 480 470 88
4 54 2160 470 88
4 44 240 234 88
4 49 240 210 88
4 49 240 234 88
4 49 240 234 88
4 48 120 116 88
4 46 120 116 88
4 48 120 116 88
4 49 120 116 88
4 51 120 116 88
4 48 120 116 88
4 40 720 470 88
4 45 240 234 88
4 39 720 470 88
4 44 240 234 88
4 37 3360 234 88
4 49 480 470 88
4 48 480 470 88
4 52 480 470 88
4 51 960 945 88
4 49 240 234 88
4 52 240 234 88
4 57 240 210 88
4 57 240 234 88
4 57 240 234 88
4 56 120 116 88
4 54 120 116 88
4 52 120 116 88
4 51 120 116 88
4 49 120 116 88
4 47 120 116 88
4 46 480 470 88
4 45 720 714 88
4 44 120 116 88
4 42 120 116 88
4 41 480 470 88
4 42 960 945 88
4 44 3840 3825 88
4 43 960 945 88
4 44 1920 1905 88
