0 0 4080 0 0
0 69 30 29 88
0 71 30 29 88
0 73 30 29 88
0 74 30 29 88
0 73 30 29 88
0 71 30 29 88
0 73 30 29 88
0 69 30 29 88
0 78 180 164 88
0 78 60 58 88
0 76 180 175 88
0 74 60 58 88
0 73 150 146 88
0 76 30 29 88
0 78 30 29 88
0 79 30 29 88
0 81 180 164 88
0 81 60 44 88
0 81 150 146 88
0 74 30 29 88
0 76 30 29 88
0 78 30 29 88
0 79 180 164 88
0 79 60 58 88
0 79 240 234 88
0 78 180 175 88
0 76 60 58 88
0 74 180 175 88
0 76 60 58 88
0 73 180 164 88
0 73 60 58 88
0 73 240 234 88
0 71 30 29 88
0 73 30 29 88
0 74 30 29 88
0 76 30 29 88
0 74 30 29 88
0 73 30 29 88
0 74 30 29 88
0 71 30 29 88
0 79 180 164 88
0 79 60 58 88
0 78 180 175 88
0 76 60 58 88
0 74 240 234 88
0 83 60 58 88
0 81 60 58 88
0 83 60 58 88
0 80 60 44 88
0 80 60 58 88
0 78 60 58 88
0 80 60 58 88
0 76 60 44 88
0 76 60 58 88
0 74 60 58 88
0 76 60 58 88
0 73 60 58 88
0 74 120 116 88
0 73 120 116 88
0 81 60 58 88
0 79 60 58 88
0 81 60 58 88
0 78 60 44 88
0 78 60 58 88
0 76 60 58 88
0 78 60 58 88
0 74 60 44 88
0 74 60 58 88
0 72 60 58 88
0 74 60 58 88
0 71 60 58 88
0 71 240 234 88
0 67 30 29 88
0 69 30 29 88
0 71 30 29 88
0 72 30 29 88
0 71 30 29 88
0 69 30 29 88
0 71 30 29 88
0 67 30 29 88
0 76 180 164 88
0 76 60 58 88
0 74 180 175 88
0 72 60 58 88
0 71 180 175 88
0 73 60 58 88
0 74 480 470 88
0 73 240 234 88
0 74 240 224 88
0 74 30 29 88
0 76 30 29 88
0 78 30 29 88
0 79 30 29 88
0 78 30 29 88
0 76 30 29 88
0 78 30 29 88
0 74 30 29 88
0 83 180 164 88
0 83 60 58 88
0 81 180 175 88
0 79 60 58 88
0 78 150 146 88
0 74 30 29 88
0 76 30 29 88
0 78 30 29 88
0 79 180 164 88
0 79 60 44 88
0 79 180 175 88
0 81 60 58 88
0 78 180 164 88
0 78 60 58 88
0 78 180 175 88
0 76 30 29 88
0 75 30 29 88
0 76 420 412 88
0 75 60 58 88
0 76 180 175 88
0 78 60 58 88
0 71 180 175 88
0 72 30 29 88
0 69 30 29 88
0 71 180 175 88
0 72 60 58 88
0 67 240 234 88
0 66 240 234 88
0 64 30 29 88
0 66 30 29 88
0 67 30 29 88
0 69 30 29 88
0 67 30 29 88
0 66 30 29 88
0 67 30 29 88
0 64 30 29 88
0 79 720 116 88
0 69 30 29 88
0 71 30 29 88
0 73 30 29 88
0 74 30 29 88
0 73 30 29 88
0 71 30 29 88
0 73 30 29 88
0 69 30 29 88
0 78 720 116 88
0 67 30 29 88
0 69 30 29 88
0 71 30 29 88
0 72 30 29 88
0 71 30 29 88
0 69 30 29 88
0 71 30 29 88
0 67 30 29 88
0 76 720 116 88
0 66 30 29 88
0 67 30 29 88
0 69 30 29 88
0 71 30 29 88
0 69 30 29 88
0 67 30 29 88
0 69 30 29 88
0 66 30 29 88
0 74 180 164 88
0 74 60 44 88
0 74 180 175 88
0 76 60 58 88
0 74 19 18 88
0 73 19 18 88
0 74 18 18 88
0 73 19 18 88
0 74 15 15 88
0 73 90 87 88
0 74 30 29 88
0 76 30 29 88
0 78 240 234 88
0 83 60 58 88
0 81 60 58 88
0 83 60 58 88
0 79 60 44 88
0 79 60 58 88
0 78 60 58 88
0 79 60 58 88
0 76 60 44 88
0 76 60 58 88
0 74 60 58 88
0 76 60 58 88
0 73 60 58 88
0 73 240 234 88
0 74 180 164 88
0 74 60 44 88
0 74 180 175 88
0 76 60 58 88
0 74 26 25 88
0 73 27 26 88
0 74 22 21 88
0 73 23 22 88
0 74 22 21 88
0 73 60 58 88
0 74 60 58 88
0 74 240 234 88
0 71 30 29 88
0 73 30 29 88
0 74 30 29 88
0 76 30 29 88
0 74 30 29 88
0 73 30 29 88
0 74 30 29 88
0 71 30 29 88
0 76 240 234 88
0 69 30 29 88
0 71 30 29 88
0 73 30 29 88
0 74 30 29 88
0 73 30 29 88
0 71 30 29 88
0 73 30 29 88
0 69 30 29 88
0 74 240 234 88
0 67 30 29 88
0 69 30 29 88
0 71 30 29 88
0 72 30 29 88
0 71 30 29 88
0 69 30 29 88
0 71 30 29 88
0 67 30 29 88
0 73 30 29 88
0 74 30 29 88
0 76 30 29 88
0 78 30 29 88
0 76 30 29 88
0 74 30 29 88
0 76 30 29 88
0 73 30 29 88
0 78 30 29 88
0 79 30 29 88
0 81 30 29 88
0 83 30 29 88
0 81 30 29 88
0 79 30 29 88
0 81 30 29 88
0 78 30 29 88
0 83 180 175 88
0 73 60 58 88
0 74 180 175 88
0 76 60 58 88
0 78 180 175 88
0 66 60 58 88
0 67 180 175 88
0 69 60 58 88
0 71 180 164 88
0 71 60 58 88
0 73 180 175 88
0 74 60 58 88
0 66 240 234 88
0 64 240 234 88
1 0 3120 0 0
1 62 30 29 88
1 64 30 29 88
1 66 30 29 88
1 67 30 29 88
1 66 30 29 88
1 64 30 29 88
1 66 30 29 88
1 62 30 29 88
1 71 180 164 88
1 71 60 58 88
1 69 180 175 88
1 67 60 58 88
1 66 180 175 88
1 68 60 58 88
1 69 480 470 88
1 68 240 234 88
1 69 240 234 88
1 73 240 234 88
1 74 240 224 88
1 74 240 234 88
1 73 150 146 88
1 76 30 29 88
1 74 30 29 88
1 73 30 29 88
1 74 180 175 88
1 73 60 58 88
1 71 240 234 88
1 64 240 234 88
1 69 240 234 88
1 71 480 470 88
1 70 240 234 88
1 71 480 234 88
1 74 180 175 88
1 71 60 44 88
1 71 180 175 88
1 69 60 58 88
1 69 480 234 88
1 72 180 175 88
1 69 60 44 88
1 69 180 175 88
1 67 60 58 88
1 67 1200 234 88
1 62 30 29 88
1 64 30 29 88
1 66 30 29 88
1 67 30 29 88
1 66 30 29 88
1 64 30 29 88
1 66 30 29 88
1 62 30 29 88
1 71 180 164 88
1 71 60 58 88
1 69 180 175 88
1 67 60 58 88
1 66 180 175 88
1 69 60 58 88
1 74 480 470 88
1 72 480 474 88
1 71 240 234 88
1 69 480 470 88
1 67 240 234 88
1 71 240 234 88
1 69 720 714 88
1 67 180 175 88
1 64 60 44 88
1 64 240 234 88
1 63 240 234 88
1 64 480 234 88
1 64 180 175 88
1 61 60 44 88
1 61 180 175 88
1 57 60 58 88
1 57 480 234 88
1 62 180 175 88
1 59 60 44 88
1 59 180 175 88
1 55 60 58 88
1 55 480 234 88
1 61 180 175 88
1 57 60 44 88
1 57 180 175 88
1 54 60 58 88
1 54 240 234 88
1 59 30 29 88
1 61 30 29 88
1 62 30 29 88
1 64 30 29 88
1 62 30 29 88
1 61 30 29 88
1 62 30 29 88
1 59 30 29 88
1 67 480 470 88
1 66 480 234 88
1 74 180 175 88
1 71 60 44 88
1 71 180 175 88
1 69 60 58 88
1 69 240 224 88
1 69 180 164 88
1 69 60 58 88
1 71 180 164 88
1 71 60 58 88
1 69 240 234 88
1 69 480 234 88
1 71 480 234 88
1 69 1140 234 88
1 69 60 44 88
1 69 180 175 88
1 73 60 58 88
1 74 180 175 88
1 62 60 44 88
1 62 180 175 88
1 66 60 58 88
1 67 180 175 88
1 62 60 58 88
1 64 180 175 88
1 66 60 58 88
1 62 240 234 88
1 61 240 234 88
2 0 1200 0 0
2 57 30 29 88
2 59 30 29 88
2 61 30 29 88
2 62 30 29 88
2 61 30 29 88
2 59 30 29 88
2 61 30 29 88
2 57 30 29 88
2 66 180 164 88
2 66 60 58 88
2 64 180 175 88
2 62 60 58 88
2 61 240 234 88
2 66 180 164 88
2 66 60 58 88
2 59 150 134 88
2 59 30 29 88
2 61 30 29 88
2 62 30 29 88
2 64 60 58 88
2 62 60 58 88
2 64 60 58 88
2 61 60 58 88
2 57 240 234 88
2 62 480 470 88
2 61 240 234 88
2 62 240 234 88
2 61 240 234 88
2 59 480 470 88
2 57 240 234 88
2 66 30 29 88
2 67 30 29 88
2 69 30 29 88
2 71 30 29 88
2 69 30 29 88
2 67 30 29 88
2 69 30 29 88
2 66 30 29 88
2 71 240 234 88
2 64 30 29 88
2 66 30 29 88
2 67 30 29 88
2 69 30 29 88
2 67 30 29 88
2 66 30 29 88
2 67 30 29 88
2 64 30 29 88
2 69 240 224 88
2 69 180 175 88
2 67 60 58 88
2 66 180 175 88
2 67 60 58 88
2 69 240 234 88
2 62 240 224 88
2 62 240 234 88
2 61 480 470 88
2 59 480 234 88
2 71 180 175 88
2 68 60 44 88
2 68 180 175 88
2 64 60 58 88
2 64 480 234 88
2 69 180 175 88
2 66 60 44 88
2 66 180 175 88
2 62 60 58 88
2 62 3120 234 88
2 55 30 29 88
2 57 30 29 88
2 59 30 29 88
2 60 30 29 88
2 59 30 29 88
2 57 30 29 88
2 59 30 29 88
2 55 30 29 88
2 64 180 164 88
2 64 60 58 88
2 62 180 175 88
2 60 60 58 88
2 59 240 234 88
2 67 240 234 88
2 66 720 714 88
2 64 180 175 88
2 54 60 58 88
2 55 180 175 88
2 57 60 58 88
2 59 180 175 88
2 57 60 58 88
2 55 480 234 88
2 59 180 175 88
2 55 60 44 88
2 55 180 175 88
2 52 60 58 88
2 52 480 234 88
2 57 180 175 88
2 54 60 44 88
2 54 180 175 88
2 50 60 58 88
2 50 480 234 88
2 55 180 175 88
2 52 60 44 88
2 52 180 175 88
2 49 60 58 88
2 49 720 234 88
2 57 30 29 88
2 59 30 29 88
2 61 30 29 88
2 62 30 29 88
2 61 30 29 88
2 59 30 29 88
2 61 30 29 88
2 57 30 29 88
2 62 480 234 88
2 71 180 175 88
2 67 60 44 88
2 67 180 175 88
2 64 60 58 88
2 64 240 234 88
2 66 180 164 88
2 66 60 44 88
2 66 180 175 88
2 67 60 58 88
2 64 240 234 88
2 66 480 234 88
2 64 480 234 88
2 62 1140 234 88
2 64 60 58 88
2 66 180 175 88
2 67 60 58 88
2 69 180 175 88
2 57 60 58 88
2 59 180 175 88
2 60 60 58 88
2 62 180 175 88
2 67 60 44 88
2 67 180 175 88
2 69 60 58 88
2 57 240 234 88
2 55 240 234 88
3 0 240 0 0
3 50 30 29 88
3 52 30 29 88
3 54 30 29 88
3 55 30 29 88
3 54 30 29 88
3 52 30 29 88
3 54 30 29 88
3 50 30 29 88
3 59 180 164 88
3 59 60 58 88
3 57 180 175 88
3 55 60 58 88
3 54 180 175 88
3 55 60 58 88
3 54 180 175 88
3 52 60 58 88
3 50 240 234 88
3 52 240 234 88
3 45 150 146 88
3 52 30 29 88
3 54 30 29 88
3 55 30 29 88
3 57 480 470 88
3 55 420 415 88
3 54 30 29 88
3 52 30 29 88
3 54 180 175 88
3 50 60 58 88
3 55 180 175 88
3 52 60 58 88
3 57 180 175 88
3 45 60 58 88
3 50 180 175 88
3 52 60 58 88
3 54 180 175 88
3 52 60 58 88
3 50 180 175 88
3 47 60 58 88
3 52 240 234 88
3 45 1200 234 88
3 38 30 29 88
3 40 30 29 88
3 42 30 29 88
3 43 30 29 88
3 42 30 29 88
3 40 30 29 88
3 42 30 29 88
3 38 30 29 88
3 47 180 164 88
3 47 60 58 88
3 45 180 175 88
3 43 60 58 88
3 42 150 146 88
3 50 30 29 88
3 52 30 29 88
3 54 30 29 88
3 55 180 175 88
3 54 60 58 88
3 52 180 175 88
3 49 60 58 88
3 54 240 234 88
3 47 30 29 88
3 49 30 29 88
3 50 30 29 88
3 52 30 29 88
3 50 30 29 88
3 49 30 29 88
3 50 30 29 88
3 47 30 29 88
3 56 720 116 88
3 45 30 29 88
3 47 30 29 88
3 49 30 29 88
3 50 30 29 88
3 49 30 29 88
3 47 30 29 88
3 49 30 29 88
3 45 30 29 88
3 54 720 116 88
3 43 30 29 88
3 45 30 29 88
3 47 30 29 88
3 48 30 29 88
3 47 30 29 88
3 45 30 29 88
3 47 30 29 88
3 43 30 29 88
3 52 180 175 88
3 50 60 58 88
3 48 240 234 88
3 50 240 234 88
3 55 180 175 88
3 57 60 58 88
3 59 180 175 88
3 57 60 58 88
3 55 180 175 88
3 52 60 58 88
3 57 180 175 88
3 45 60 58 88
3 47 30 29 88
3 49 30 29 88
3 50 30 29 88
3 52 30 29 88
3 50 30 29 88
3 49 30 29 88
3 50 30 29 88
3 47 30 29 88
3 59 180 175 88
3 57 60 58 88
3 55 180 175 88
3 52 60 58 88
3 57 180 175 88
3 45 60 58 88
3 50 240 234 88
3 52 240 234 88
3 60 180 175 88
3 57 60 58 88
3 62 180 175 88
3 50 60 58 88
3 55 240 234 88
3 40 30 29 88
3 42 30 29 88
3 43 30 29 88
3 45 30 29 88
3 43 30 29 88
3 42 30 29 88
3 43 30 29 88
3 40 30 29 88
3 48 180 164 88
3 48 60 58 88
3 47 180 175 88
3 45 60 58 88
3 43 180 175 88
3 42 60 58 88
3 43 180 175 88
3 45 60 58 88
3 47 480 470 88
3 52 240 234 88
3 59 60 58 88
3 57 60 58 88
3 59 60 58 88
3 55 60 44 88
3 55 60 58 88
3 54 60 58 88
3 55 60 58 88
3 52 60 44 88
3 52 60 58 88
3 50 60 58 88
3 52 60 58 88
3 49 60 58 88
3 49 240 234 88
3 57 60 58 88
3 55 60 58 88
3 57 60 58 88
3 54 60 44 88
3 54 60 58 88
3 52 60 58 88
3 54 60 58 88
3 50 60 44 88
3 50 60 58 88
3 49 60 58 88
3 50 60 58 88
3 47 60 58 88
3 47 240 234 88
3 55 60 58 88
3 54 60 58 88
3 55 60 58 88
3 52 60 44 88
3 52 60 58 88
3 50 60 58 88
3 52 60 58 88
3 49 60 44 88
3 49 60 58 88
3 47 60 58 88
3 49 60 58 88
3 45 60 58 88
3 45 480 234 88
3 52 30 29 88
3 54 30 29 88
3 55 30 29 88
3 57 30 29 88
3 55 30 29 88
3 54 30 29 88
3 55 30 29 88
3 52 30 29 88
3 57 240 234 88
3 50 30 29 88
3 52 30 29 88
3 54 30 29 88
3 55 30 29 88
3 54 30 29 88
3 52 30 29 88
3 54 30 29 88
3 50 30 29 88
3 55 720 116 88
3 43 0 234 88
3 55 240 234 88
3 54 30 29 88
3 55 30 29 88
3 57 30 29 88
3 55 30 29 88
3 54 30 29 88
3 52 30 29 88
3 50 30 29 88
3 49 30 29 88
3 47 30 29 88
3 49 30 29 88
3 50 30 29 88
3 49 30 29 88
3 47 30 29 88
3 45 30 29 88
3 47 30 29 88
3 43 30 29 88
3 45 180 164 88
3 45 60 58 88
3 38 150 146 88
3 50 30 29 88
3 52 30 29 88
3 54 30 29 88
3 55 240 234 88
3 49 30 29 88
3 50 30 29 88
3 52 30 29 88
3 54 30 29 88
3 52 30 29 88
3 50 30 29 88
3 52 30 29 88
3 49 30 29 88
3 54 240 234 88
3 47 30 29 88
3 49 30 29 88
3 50 30 29 88
3 52 30 29 88
3 50 30 29 88
3 49 30 29 88
3 50 30 29 88
3 47 30 29 88
3 52 30 29 88
3 54 30 29 88
3 55 30 29 88
3 57 30 29 88
3 55 30 29 88
3 54 30 29 88
3 55 30 29 88
3 52 30 29 88
3 57 30 29 88
3 59 30 29 88
3 61 30 29 88
3 62 30 29 88
3 61 30 29 88
3 59 30 29 88
3 61 30 29 88
3 57 30 29 88
3 62 30 29 88
3 64 30 29 88
3 66 30 29 88
3 67 30 29 88
3 66 30 29 88
3 64 30 29 88
3 66 30 29 88
3 62 30 29 88
3 67 180 175 88
3 55 60 58 88
3 54 180 175 88
3 52 60 58 88
3 50 180 175 88
3 48 60 58 88
3 47 180 175 88
3 45 60 58 88
3 43 180 175 88
3 42 60 58 88
3 40 180 175 88
3 38 60 58 88
3 45 480 470 88
