0 0 120 0 0
0 60 120 120 100
0 62 120 120 100
0 64 120 120 100
0 65 120 120 100
0 62 120 120 100
0 64 120 120 100
0 60 120 120 100
0 67 240 240 100
0 72 240 240 100
0 71 60 60 100
0 69 60 65 100
0 71 120 120 100
0 72 240 240 100
0 74 120 120 100
0 67 120 120 100
0 69 120 120 100
0 71 120 120 100
0 72 120 120 100
0 69 120 120 100
0 71 120 120 100
0 67 120 120 100
0 74 240 240 100
0 79 240 240 100
0 77 60 65 100
0 76 60 65 100
0 77 120 120 100
0 79 240 240 100
0 76 120 120 100
0 81 120 120 100
0 79 120 120 100
0 77 120 120 100
0 76 120 120 100
0 79 120 120 100
0 77 120 120 100
0 81 120 120 100
0 79 120 120 100
0 77 120 120 100
0 76 120 120 100
0 74 120 120 100
0 72 120 120 100
0 76 120 120 100
0 74 120 120 100
0 77 120 120 100
0 76 120 120 100
0 74 120 120 100
0 72 120 120 100
0 71 120 120 100
0 69 120 120 100
0 72 120 120 100
0 71 120 120 100
0 74 120 120 100
0 72 120 120 100
0 71 120 120 100
0 69 120 120 100
0 67 120 120 100
0 66 120 120 100
0 69 120 120 100
0 67 120 120 100
0 71 120 120 100
0 69 240 240 100
0 62 240 240 100
0 72 60 60 100
0 71 60 60 100
0 72 240 235 100
0 74 120 120 100
0 71 120 120 100
0 69 120 120 100
0 67 120 120 100
0 66 120 120 100
0 64 120 120 100
0 67 120 120 100
0 66 120 120 100
0 69 120 120 100
0 67 120 120 100
0 71 120 120 100
0 69 120 120 100
0 72 120 120 100
0 71 120 120 100
0 74 120 120 100
0 72 120 120 100
0 76 120 120 100
0 74 120 120 100
0 71 60 60 100
0 72 60 60 100
0 74 120 120 100
0 79 120 120 100
0 71 60 60 100
0 72 60 60 100
0 71 120 120 100
0 69 120 120 100
0 67 120 120 100
0 67 1080 240 100
0 67 120 120 100
0 69 120 120 100
0 71 120 120 100
0 72 120 120 100
0 69 120 120 100
0 71 120 120 100
0 67 120 120 100
0 66 1080 240 100
0 69 120 120 100
0 71 120 120 100
0 72 120 120 100
0 74 120 120 100
0 71 120 120 100
0 72 120 120 100
0 69 120 120 100
0 71 1080 240 100
0 74 120 120 100
0 72 120 120 100
0 71 120 120 100
0 69 120 120 100
0 72 120 120 100
0 71 120 120 100
0 74 120 120 100
0 72 1080 240 100
0 76 120 120 100
0 74 120 120 100
0 72 120 120 100
0 71 120 120 100
0 74 120 120 100
0 73 120 120 100
0 76 120 120 100
0 74 240 240 100
0 73 240 240 100
0 74 240 240 100
0 76 240 240 100
0 77 240 240 100
0 69 240 240 100
0 71 240 240 100
0 73 240 240 100
0 74 240 240 100
0 66 240 240 100
0 68 240 240 100
0 69 240 240 100
0 71 240 240 100
0 72 240 240 100
0 74 600 600 100
0 64 120 120 100
0 66 120 120 100
0 68 120 120 100
0 69 120 120 100
0 66 120 120 100
0 68 120 120 100
0 64 120 120 100
0 76 120 120 100
0 74 120 120 100
0 72 120 120 100
0 76 120 120 100
0 74 120 120 100
0 72 120 120 100
0 71 120 120 100
0 74 120 120 100
0 72 120 120 100
0 81 120 120 100
0 80 120 120 100
0 83 120 120 100
0 81 120 120 100
0 76 120 120 100
0 77 120 120 100
0 74 120 120 100
0 68 120 120 100
0 77 120 120 100
0 76 120 120 100
0 74 120 120 100
0 72 240 240 100
0 71 120 120 100
0 69 120 120 100
0 69 120 120 100
0 81 120 120 100
0 79 120 120 100
0 77 120 120 100
0 76 120 120 100
0 79 120 120 100
0 77 120 120 100
0 81 120 120 100
0 79 1080 1080 100
0 76 120 120 100
0 77 120 120 100
0 79 120 120 100
0 81 120 120 100
0 77 120 120 100
0 79 120 120 100
0 76 120 120 100
0 77 1080 1080 100
0 79 120 120 100
0 77 120 120 100
0 76 120 120 100
0 74 120 120 100
0 77 120 120 100
0 76 120 120 100
0 79 120 120 100
0 77 1080 1080 100
0 74 120 120 100
0 76 120 120 100
0 77 120 120 100
0 79 120 120 100
0 76 120 120 100
0 77 120 120 100
0 74 120 120 100
0 76 1080 1080 100
0 72 120 120 100
0 74 120 120 100
0 76 120 120 100
0 77 120 120 100
0 74 120 120 100
0 76 120 120 100
0 72 120 120 100
0 74 120 120 100
0 76 120 120 100
0 77 120 120 100
0 79 120 120 100
0 81 120 120 100
0 77 120 120 100
0 79 120 120 100
0 76 120 120 100
0 77 120 120 100
0 79 120 120 100
0 81 120 120 100
0 83 120 120 100
0 84 120 120 100
0 81 120 120 100
0 83 120 120 100
0 79 120 120 100
0 84 240 240 100
0 79 240 240 100
0 76 240 240 100
0 74 120 120 100
0 72 120 120 100
0 72 120 120 100
0 70 120 120 100
0 69 120 120 100
0 67 120 120 100
0 65 120 120 100
0 69 120 120 100
0 67 120 120 100
0 70 120 120 100
0 69 120 120 100
0 71 120 120 100
0 72 120 120 100
0 64 120 120 100
0 62 120 120 100
0 72 120 120 100
0 65 120 120 100
0 71 240 120 100
0 64 60 1800 100
0 67 60 1740 100
0 72 1680 1680 100
1 0 960 0 0
1 0 120 0 0
1 48 120 120 100
1 50 120 120 100
1 52 120 120 100
1 53 120 120 100
1 50 120 120 100
1 52 120 120 100
1 48 120 120 100
1 55 240 240 100
1 43 840 240 100
1 55 120 120 100
1 57 120 120 100
1 59 120 120 100
1 60 120 120 100
1 57 120 120 100
1 59 120 120 100
1 55 120 120 100
1 60 240 240 100
1 59 240 240 100
1 60 240 240 100
1 62 240 240 100
1 64 240 240 100
1 55 240 240 100
1 57 240 240 100
1 59 240 240 100
1 60 240 240 100
1 52 240 240 100
1 54 240 240 100
1 55 240 240 100
1 57 240 240 100
1 59 240 240 100
1 60 600 600 100
1 50 120 120 100
1 52 120 120 100
1 54 120 120 100
1 55 120 120 100
1 52 120 120 100
1 54 120 120 100
1 50 120 120 100
1 55 240 240 100
1 47 240 240 100
1 48 240 240 100
1 50 240 240 100
1 52 240 240 100
1 54 240 240 100
1 55 240 240 100
1 52 240 240 100
1 47 360 360 100
1 48 120 120 100
1 50 240 240 100
1 38 360 240 100
1 43 120 120 100
1 45 120 120 100
1 47 120 120 100
1 48 120 120 100
1 45 120 120 100
1 47 120 120 100
1 43 120 120 100
1 50 240 240 100
1 55 240 240 100
1 54 240 240 100
1 55 240 240 100
1 57 120 120 100
1 50 120 120 100
1 52 120 120 100
1 54 120 120 100
1 55 120 120 100
1 52 120 120 100
1 54 120 120 100
1 50 120 120 100
1 57 240 240 100
1 62 240 240 100
1 60 240 240 100
1 62 240 240 100
1 55 120 120 100
1 67 120 120 100
1 65 120 120 100
1 64 120 120 100
1 62 120 120 100
1 65 120 120 100
1 64 120 120 100
1 67 120 120 100
1 65 240 240 100
1 64 240 240 100
1 65 240 240 100
1 62 240 240 100
1 64 120 120 100
1 69 120 120 100
1 67 120 120 100
1 65 120 120 100
1 64 120 120 100
1 67 120 120 100
1 65 120 120 100
1 69 120 120 100
1 67 240 240 100
1 65 240 240 100
1 67 240 240 100
1 64 240 240 100
1 65 120 120 100
1 70 120 120 100
1 69 120 120 100
1 67 120 120 100
1 65 120 120 100
1 69 120 120 100
1 67 120 120 100
1 70 120 120 100
1 69 120 120 100
1 67 120 120 100
1 65 120 120 100
1 64 120 120 100
1 62 120 120 100
1 65 120 120 100
1 64 120 120 100
1 67 120 120 100
1 65 120 120 100
1 64 120 120 100
1 62 120 120 100
1 60 120 120 100
1 59 120 120 100
1 62 120 120 100
1 60 120 120 100
1 64 120 120 100
1 62 120 120 100
1 60 120 120 100
1 59 120 120 100
1 57 120 120 100
1 56 120 120 100
1 59 120 120 100
1 57 120 120 100
1 60 120 120 100
1 59 240 240 100
1 52 240 240 100
1 62 60 60 100
1 60 60 60 100
1 62 360 180 100
1 60 120 120 100
1 59 120 120 100
1 57 120 120 100
1 55 120 120 100
1 54 120 120 100
1 57 120 120 100
1 56 120 120 100
1 59 120 120 100
1 57 120 120 100
1 60 120 120 100
1 59 120 120 100
1 62 120 120 100
1 60 120 120 100
1 64 120 120 100
1 62 120 120 100
1 65 120 120 100
1 64 240 240 100
1 57 240 240 100
1 64 240 240 100
1 52 240 240 100
1 57 240 240 100
1 45 840 240 100
1 64 120 120 100
1 62 120 120 100
1 60 120 120 100
1 59 120 120 100
1 62 120 120 100
1 61 120 120 100
1 64 120 120 100
1 62 1080 1080 100
1 57 120 120 100
1 59 120 120 100
1 60 120 120 100
1 62 120 120 100
1 59 120 120 100
1 60 120 120 100
1 57 120 120 100
1 59 1080 1080 100
1 62 120 120 100
1 60 120 120 100
1 59 120 120 100
1 57 120 120 100
1 60 120 120 100
1 59 120 120 100
1 62 120 120 100
1 60 1080 1080 100
1 55 120 120 100
1 57 120 120 100
1 58 120 120 100
1 60 120 120 100
1 57 120 120 100
1 58 120 120 100
1 55 120 120 100
1 57 240 240 100
1 58 240 240 100
1 57 240 240 100
1 55 240 240 100
1 53 240 240 100
1 62 240 240 100
1 60 240 240 100
1 58 240 240 100
1 57 240 240 100
1 65 240 240 100
1 64 240 240 100
1 62 240 240 100
1 64 120 120 100
1 50 120 120 100
1 52 120 120 100
1 53 120 120 100
1 55 120 120 100
1 52 120 120 100
1 53 120 120 100
1 50 120 120 100
1 52 240 240 100
1 48 240 240 100
1 50 240 240 100
1 52 240 240 100
1 53 120 120 100
1 50 120 120 100
1 52 120 120 100
1 53 120 120 100
1 55 240 240 100
1 43 240 240 100
1 36 60 1920 100
1 48 1860 1860 100
