0 0 2040 0 0
0 80 120 116 88
0 79 120 116 88
0 84 120 116 88
0 77 120 116 88
0 79 60 58 88
0 80 60 58 88
0 82 120 116 88
0 70 120 116 88
0 75 120 116 88
0 77 60 58 88
0 79 60 58 88
0 80 300 294 88
0 82 60 58 88
0 79 60 58 88
0 80 60 58 88
0 77 60 58 88
0 79 60 58 88
0 80 60 58 88
0 82 60 58 88
0 79 60 58 88
0 77 60 58 88
0 79 60 58 88
0 80 60 58 88
0 82 60 58 88
0 80 60 58 88
0 79 60 58 88
0 82 60 58 88
0 80 60 58 88
0 79 60 58 88
0 77 60 58 88
0 75 60 58 88
0 73 60 58 88
0 72 60 58 88
0 73 60 58 88
0 75 60 58 88
0 72 240 234 88
0 80 240 234 88
0 79 240 234 88
0 78 240 234 88
0 77 240 234 88
0 76 240 234 88
0 75 120 116 88
0 80 240 234 88
0 79 120 116 88
0 80 13560 116 88
0 75 120 116 88
0 72 120 116 88
0 77 120 116 88
0 70 120 116 88
0 72 60 58 88
0 73 60 58 88
0 75 120 116 88
0 63 120 116 88
0 68 120 116 88
0 70 60 58 88
0 72 60 58 88
0 73 300 294 88
0 75 60 58 88
0 72 60 58 88
0 73 60 58 88
0 70 60 58 88
0 72 60 58 88
0 73 60 58 88
0 75 60 58 88
0 72 120 116 88
0 76 120 116 88
0 77 240 234 88
0 76 240 234 88
0 75 240 234 88
0 74 240 234 88
0 73 240 234 88
0 72 120 116 88
0 77 240 234 88
0 75 240 236 88
0 63 120 116 88
0 62 120 116 88
0 74 240 234 88
0 62 120 116 88
0 60 120 116 88
0 72 240 236 88
0 60 120 116 88
0 59 120 116 88
0 71 120 116 88
0 72 60 58 88
0 71 60 58 88
0 72 60 58 88
0 74 60 58 88
0 75 60 58 88
0 74 60 58 88
0 72 60 58 88
0 75 60 58 88
0 74 60 58 88
0 72 60 58 88
0 74 60 58 88
0 75 60 58 88
0 77 60 58 88
0 75 60 58 88
0 74 60 58 88
0 77 60 58 88
0 76 60 58 88
0 74 60 58 88
0 76 60 58 88
0 77 60 58 88
0 79 60 58 88
0 77 60 58 88
0 76 60 58 88
0 79 60 58 88
0 77 120 116 88
0 72 120 116 88
0 77 480 470 88
0 76 120 116 88
0 75 240 236 88
0 84 60 58 88
0 82 60 58 88
0 81 60 58 88
0 79 60 58 88
0 77 60 58 88
0 75 60 58 88
0 73 360 234 88
0 73 120 116 88
0 75 120 116 88
0 78 120 116 88
0 72 120 116 88
0 77 120 116 88
0 70 480 116 88
0 70 540 525 88
0 70 60 58 88
0 68 60 58 88
0 66 60 58 88
0 65 60 58 88
0 66 60 58 88
0 68 60 58 88
0 65 60 58 88
0 66 60 58 88
0 68 60 58 88
0 66 60 58 88
0 65 60 58 88
0 63 60 58 88
0 65 60 58 88
0 66 60 58 88
0 63 60 58 88
0 65 120 116 88
0 66 120 116 88
0 68 120 116 88
0 65 120 116 88
0 70 120 116 88
0 74 120 116 88
0 75 180 175 88
0 77 60 58 88
0 73 120 116 88
0 72 120 116 88
0 70 120 116 88
0 75 120 116 88
0 72 120 116 88
0 77 120 116 88
0 73 120 116 88
0 78 120 116 88
0 72 120 116 88
0 73 60 58 88
0 75 60 58 88
0 77 120 116 88
0 65 120 116 88
0 70 120 116 88
0 72 60 58 88
0 73 60 58 88
0 75 300 294 88
0 77 60 58 88
0 73 60 58 88
0 75 60 58 88
0 72 60 58 88
0 73 60 58 88
0 75 60 58 88
0 77 60 58 88
0 70 240 234 88
0 72 240 234 88
0 73 480 470 88
0 72 240 234 88
0 71 240 234 88
0 70 240 234 88
0 69 360 356 88
0 68 480 470 88
0 67 120 116 88
0 68 120 116 88
0 70 120 116 88
0 72 120 116 88
0 74 120 116 88
0 75 60 58 88
0 76 60 58 88
0 73 60 58 88
0 75 60 58 88
0 71 60 58 88
0 73 60 58 88
0 75 60 58 88
0 76 60 58 88
0 73 60 58 88
0 75 60 58 88
0 71 60 58 88
0 73 60 58 88
0 70 60 58 88
0 75 60 58 88
0 77 60 58 88
0 79 60 58 88
0 80 300 285 88
0 80 60 58 88
0 79 60 58 88
0 77 60 58 88
0 79 120 116 88
0 78 180 165 88
0 78 60 58 88
0 77 60 58 88
0 75 60 58 88
0 77 120 116 88
0 76 120 116 88
0 75 540 525 88
0 75 60 58 88
0 74 60 58 88
0 72 60 58 88
0 74 120 116 88
0 73 180 165 88
0 73 60 58 88
0 72 60 58 88
0 70 60 58 88
0 72 120 116 88
0 71 120 116 88
0 70 120 116 88
0 72 120 116 88
0 73 600 590 88
0 72 120 116 88
0 73 480 234 88
0 76 480 234 88
0 79 480 234 88
0 82 300 234 88
0 73 60 58 88
0 72 60 58 88
0 70 60 58 88
0 72 60 58 88
0 68 60 58 88
0 70 60 58 88
0 72 60 58 88
0 73 60 58 88
0 75 60 58 88
0 77 60 58 88
0 79 60 58 88
0 80 60 58 88
0 75 60 58 88
0 77 60 58 88
0 73 60 58 88
0 72 60 58 88
0 77 60 58 88
0 74 60 58 88
0 75 60 58 88
0 68 180 175 88
0 65 30 29 88
0 67 30 29 88
0 68 23 22 88
0 67 22 21 88
0 68 23 22 88
0 67 22 21 88
0 68 23 22 88
0 67 22 21 88
0 68 23 22 88
0 67 22 21 88
0 65 30 29 88
0 67 30 29 88
0 68 180 175 88
0 70 60 58 88
0 72 180 175 88
0 74 60 58 88
0 75 600 590 88
0 73 60 58 88
0 72 60 58 88
0 70 60 58 88
0 67 60 58 88
0 68 120 116 88
0 70 120 116 88
0 68 240 234 88
0 67 120 116 88
1 0 120 0 0
1 75 120 116 88
1 72 120 116 88
1 77 120 116 88
1 70 120 116 88
1 72 60 58 88
1 73 60 58 88
1 75 120 116 88
1 63 120 116 88
1 68 120 116 88
1 70 60 58 88
1 72 60 58 88
1 73 300 294 88
1 75 60 58 88
1 72 60 58 88
1 73 60 58 88
1 70 60 58 88
1 72 60 58 88
1 73 60 58 88
1 75 60 58 88
1 72 60 58 88
1 70 60 58 88
1 72 60 58 88
1 74 60 58 88
1 75 240 234 88
1 74 240 234 88
1 73 240 234 88
1 72 240 234 88
1 71 240 234 88
1 70 120 116 88
1 75 240 234 88
1 74 120 116 88
1 75 120 116 88
1 70 120 116 88
1 67 120 116 88
1 72 120 116 88
1 65 120 116 88
1 67 60 58 88
1 68 60 58 88
1 70 300 285 88
1 70 60 58 88
1 68 60 58 88
1 67 60 58 88
1 68 60 58 88
1 75 60 58 88
1 73 60 58 88
1 72 60 58 88
1 73 60 58 88
1 75 60 58 88
1 73 60 58 88
1 72 60 58 88
1 70 60 58 88
1 73 60 58 88
1 72 60 58 88
1 70 60 58 88
1 72 60 58 88
1 73 60 58 88
1 72 60 58 88
1 70 60 58 88
1 68 60 58 88
1 71 60 58 88
1 70 60 58 88
1 68 60 58 88
1 67 120 116 88
1 75 120 116 88
1 73 120 116 88
1 70 120 116 88
1 75 60 58 88
1 77 60 58 88
1 75 60 58 88
1 73 60 58 88
1 72 60 58 88
1 70 60 58 88
1 68 60 58 88
1 67 60 58 88
1 68 60 58 88
1 70 60 58 88
1 68 60 58 88
1 67 60 58 88
1 65 60 58 88
1 67 60 58 88
1 63 60 58 88
1 65 60 58 88
1 67 60 58 88
1 68 60 58 88
1 67 60 58 88
1 65 60 58 88
1 63 60 58 88
1 66 60 58 88
1 65 60 58 88
1 63 60 58 88
1 62 120 116 88
1 70 120 116 88
1 68 120 116 88
1 65 120 116 88
1 67 120 116 88
1 70 120 116 88
1 75 480 470 88
1 74 120 116 88
1 73 240 236 88
1 82 60 58 88
1 80 60 58 88
1 79 60 58 88
1 77 60 58 88
1 75 60 58 88
1 73 60 58 88
1 72 360 234 88
1 72 120 116 88
1 73 120 116 88
1 77 120 116 88
1 70 120 116 88
1 75 120 116 88
1 68 600 116 88
1 77 60 58 88
1 75 60 58 88
1 73 60 58 88
1 72 60 58 88
1 70 60 58 88
1 68 60 58 88
1 67 60 58 88
1 68 60 58 88
1 65 60 58 88
1 67 60 58 88
1 68 60 58 88
1 67 60 58 88
1 68 180 178 88
1 67 60 58 88
1 68 60 58 88
1 70 60 58 88
1 67 60 58 88
1 65 60 58 88
1 66 180 175 88
1 65 60 58 88
1 66 60 58 88
1 68 60 58 88
1 65 60 58 88
1 63 60 58 88
1 65 60 58 88
1 68 60 58 88
1 67 120 116 88
1 68 240 234 88
1 67 240 234 88
1 64 120 116 88
1 65 480 465 88
1 65 23 22 88
1 64 30 29 88
1 65 30 29 88
1 64 22 21 88
1 65 23 22 88
1 64 22 21 88
1 65 23 22 88
1 64 22 21 88
1 62 23 22 88
1 64 22 21 88
1 65 120 116 88
1 68 120 116 88
1 67 120 116 88
1 72 120 116 88
1 65 120 116 88
1 67 60 58 88
1 68 60 58 88
1 70 120 116 88
1 58 120 116 88
1 63 120 116 88
1 65 60 58 88
1 67 60 58 88
1 68 300 298 88
1 70 60 58 88
1 67 60 58 88
1 68 60 58 88
1 65 60 58 88
1 67 60 58 88
1 68 60 58 88
1 70 60 58 88
1 67 240 234 88
1 68 240 234 88
1 67 240 234 88
1 66 240 234 88
1 65 240 234 88
1 64 240 234 88
1 63 120 116 88
1 68 240 234 88
1 66 180 175 88
1 68 60 58 88
1 65 60 58 88
1 66 60 58 88
1 63 60 58 88
1 65 60 58 88
1 66 60 58 88
1 68 60 58 88
1 65 120 116 88
1 70 240 234 88
1 68 180 175 88
1 70 60 58 88
1 67 60 58 88
1 68 60 58 88
1 65 60 58 88
1 67 60 58 88
1 68 60 58 88
1 70 60 58 88
1 67 360 234 88
1 65 120 116 88
1 67 360 234 88
1 68 120 116 88
1 68 360 116 88
1 70 240 234 88
1 68 120 116 88
1 65 120 116 88
1 63 240 236 88
1 72 120 116 88
1 68 120 116 88
1 73 120 116 88
1 67 120 116 88
1 68 60 58 88
1 70 60 58 88
1 72 120 116 88
1 60 120 116 88
1 65 120 116 88
1 67 60 58 88
1 68 60 58 88
1 70 300 294 88
1 72 60 58 88
1 68 60 58 88
1 70 60 58 88
1 67 60 58 88
1 68 60 58 88
1 70 60 58 88
1 72 60 58 88
1 68 60 58 88
1 70 60 58 88
1 67 60 58 88
1 68 60 58 88
1 65 60 58 88
1 67 60 58 88
1 68 60 58 88
1 70 60 58 88
1 67 60 58 88
1 68 60 58 88
1 65 60 58 88
1 67 60 58 88
1 63 60 58 88
1 65 60 58 88
1 67 60 58 88
1 68 60 58 88
1 65 60 58 88
1 67 60 58 88
1 63 60 58 88
1 65 60 58 88
1 62 60 58 88
1 63 60 58 88
1 65 60 58 88
1 67 60 58 88
1 63 360 234 88
1 63 120 116 88
1 65 120 116 88
1 68 120 116 88
1 62 120 116 88
1 67 120 116 88
1 60 540 116 88
1 64 60 58 88
1 65 60 58 88
1 67 60 58 88
1 68 60 58 88
1 67 60 58 88
1 65 60 58 88
1 68 60 58 88
1 67 60 58 88
1 65 60 58 88
1 67 60 58 88
1 68 60 58 88
1 70 60 58 88
1 68 60 58 88
1 67 60 58 88
1 70 60 58 88
1 69 60 58 88
1 67 60 58 88
1 69 60 58 88
1 70 60 58 88
1 72 60 58 88
1 70 60 58 88
1 69 60 58 88
1 72 60 58 88
1 70 120 116 88
1 65 120 116 88
1 70 480 474 88
1 69 120 116 88
1 68 240 234 88
1 77 60 58 88
1 75 60 58 88
1 74 60 58 88
1 72 60 58 88
1 70 60 58 88
1 68 60 58 88
1 66 60 58 88
1 68 60 58 88
1 66 60 58 88
1 65 60 58 88
1 63 60 58 88
1 65 60 58 88
1 66 60 58 88
1 63 60 58 88
1 65 60 58 88
1 66 60 58 88
1 65 60 58 88
1 63 60 58 88
1 62 60 58 88
1 63 60 58 88
1 65 60 58 88
1 62 60 58 88
1 63 60 58 88
1 65 60 58 88
1 63 60 58 88
1 61 60 58 88
1 60 60 58 88
1 62 60 58 88
1 63 60 58 88
1 60 60 58 88
1 62 120 116 88
1 63 240 234 88
1 62 120 116 88
1 63 120 116 88
1 68 120 116 88
1 66 120 116 88
1 72 120 116 88
1 65 720 116 88
1 70 240 234 88
1 69 240 234 88
1 68 240 234 88
1 67 240 234 88
1 66 240 234 88
1 65 120 116 88
1 70 240 234 88
1 68 120 116 88
1 66 360 353 88
1 63 120 116 88
1 68 60 58 88
1 66 60 58 88
1 65 60 58 88
1 68 60 58 88
1 66 60 58 88
1 68 60 58 88
1 66 60 58 88
1 65 60 58 88
1 63 60 58 88
1 65 60 58 88
1 66 60 58 88
1 63 60 58 88
1 65 60 58 88
1 66 60 58 88
1 65 60 58 88
1 63 60 58 88
1 61 60 58 88
1 63 60 58 88
1 65 60 58 88
1 61 60 58 88
1 63 60 58 88
1 64 60 58 88
1 63 60 58 88
1 61 60 58 88
1 60 240 234 88
1 64 360 353 88
1 63 240 225 88
1 63 120 116 88
1 68 120 116 88
1 65 120 116 88
1 66 120 116 88
1 67 120 116 88
1 68 60 58 88
1 70 60 58 88
1 66 60 58 88
1 68 60 58 88
1 65 60 58 88
1 67 60 58 88
1 68 60 58 88
1 70 60 58 88
1 67 300 234 88
1 75 60 58 88
1 74 60 58 88
1 72 60 58 88
1 74 120 116 88
1 70 180 175 88
1 73 60 58 88
1 72 60 58 88
1 70 60 58 88
1 72 120 116 88
1 68 180 175 88
1 71 60 58 88
1 70 60 58 88
1 68 60 58 88
1 67 120 116 88
1 68 120 116 88
1 70 120 116 88
1 67 120 116 88
1 68 120 116 88
1 65 180 175 88
1 68 60 58 88
1 67 60 58 88
1 65 60 58 88
1 67 120 116 88
1 63 180 175 88
1 70 60 58 88
1 68 60 58 88
1 66 60 58 88
1 65 120 116 88
1 69 120 116 88
1 68 120 116 88
1 64 120 116 88
1 69 120 116 88
1 68 120 116 88
1 69 120 116 88
1 68 120 116 88
1 69 480 234 88
1 73 480 234 88
1 76 480 234 88
1 73 0 234 88
1 75 1320 234 88
1 58 120 116 88
1 60 120 116 88
1 59 120 116 88
1 58 120 116 88
1 61 120 116 88
1 60 60 58 88
1 65 240 234 88
1 63 60 58 88
1 68 120 116 88
1 70 240 234 88
1 69 240 234 88
1 68 360 234 88
1 56 120 116 88
1 63 480 465 88
2 0 4920 0 0
2 63 120 116 88
2 60 120 116 88
2 65 120 116 88
2 58 120 116 88
2 60 60 58 88
2 61 60 58 88
2 63 120 116 88
2 51 120 116 88
2 56 120 116 88
2 58 60 58 88
2 60 60 58 88
2 61 300 294 88
2 63 60 58 88
2 60 60 58 88
2 61 60 58 88
2 58 60 58 88
2 60 60 58 88
2 61 60 58 88
2 63 60 58 88
2 60 60 58 88
2 58 60 58 88
2 60 60 58 88
2 61 60 58 88
2 63 240 234 88
2 62 240 234 88
2 61 240 234 88
2 60 240 234 88
2 59 240 234 88
2 58 120 116 88
2 63 240 234 88
2 62 120 116 88
2 63 360 234 88
2 67 120 116 88
2 68 120 116 88
2 72 120 116 88
2 65 120 116 88
2 70 120 116 88
2 63 600 116 88
2 63 120 116 88
2 68 480 474 88
2 67 120 116 88
2 66 240 234 88
2 75 60 58 88
2 73 60 58 88
2 72 60 58 88
2 70 60 58 88
2 68 60 58 88
2 66 60 58 88
2 65 720 116 88
2 63 240 234 88
2 62 240 234 88
2 61 240 234 88
2 60 240 234 88
2 59 240 234 88
2 58 120 116 88
2 63 120 116 88
2 61 120 116 88
2 58 120 116 88
2 60 60 58 88
2 61 60 58 88
2 58 60 58 88
2 60 60 58 88
2 56 60 58 88
2 58 60 58 88
2 60 60 58 88
2 61 60 58 88
2 55 480 470 88
2 56 2040 116 88
2 63 120 116 88
2 60 120 116 88
2 65 120 116 88
2 58 120 116 88
2 60 60 58 88
2 61 60 58 88
2 63 120 116 88
2 51 120 116 88
2 56 120 116 88
2 58 60 58 88
2 60 60 58 88
2 61 300 298 88
2 63 60 58 88
2 60 60 58 88
2 61 60 58 88
2 58 60 58 88
2 60 60 58 88
2 61 60 58 88
2 63 60 58 88
2 60 120 116 88
2 61 240 234 88
2 60 180 178 88
2 63 60 58 88
2 61 60 58 88
2 63 60 58 88
2 60 60 58 88
2 61 60 58 88
2 63 60 58 88
2 65 60 58 88
2 62 120 116 88
2 63 240 234 88
2 61 180 165 88
2 61 60 58 88
2 60 60 58 88
2 58 60 58 88
2 56 60 58 88
2 58 60 58 88
2 60 60 58 88
2 62 60 58 88
2 63 60 58 88
2 65 60 58 88
2 63 60 58 88
2 61 60 58 88
2 60 60 58 88
2 63 60 58 88
2 61 60 58 88
2 60 60 58 88
2 61 60 58 88
2 63 60 58 88
2 61 60 58 88
2 60 60 58 88
2 58 60 58 88
2 59 60 58 88
2 56 60 58 88
2 58 60 58 88
2 55 120 116 88
2 56 240 234 88
2 55 420 236 88
2 53 60 58 88
2 55 60 58 88
2 56 60 58 88
2 58 7320 116 88
2 58 120 116 88
2 54 120 116 88
2 59 120 116 88
2 53 120 116 88
2 54 60 58 88
2 56 60 58 88
2 58 120 116 88
2 46 120 116 88
2 51 120 116 88
2 53 60 58 88
2 54 60 58 88
2 56 300 294 88
2 58 60 58 88
2 54 60 58 88
2 56 60 58 88
2 53 60 58 88
2 54 60 58 88
2 56 60 58 88
2 58 60 58 88
2 54 60 58 88
2 56 60 58 88
2 53 60 58 88
2 54 60 58 88
2 51 60 58 88
2 53 60 58 88
2 55 60 58 88
2 57 60 58 88
2 58 60 58 88
2 60 60 58 88
2 56 60 58 88
2 58 60 58 88
2 55 60 58 88
2 57 60 58 88
2 58 60 58 88
2 60 60 58 88
2 57 60 58 88
2 53 60 58 88
2 55 60 58 88
2 57 60 58 88
2 58 60 58 88
2 60 60 58 88
2 61 60 58 88
2 63 60 58 88
2 65 60 58 88
2 66 60 58 88
2 65 60 58 88
2 63 60 58 88
2 62 60 58 88
2 58 60 58 88
2 60 60 58 88
2 62 60 58 88
2 63 60 58 88
2 65 60 58 88
2 63 60 58 88
2 61 60 58 88
2 60 60 58 88
2 57 60 58 88
2 58 60 58 88
2 60 60 58 88
2 61 120 116 88
2 58 120 116 88
2 65 300 285 88
2 65 60 58 88
2 63 60 58 88
2 61 60 58 88
2 63 60 58 88
2 61 60 58 88
2 60 60 58 88
2 58 60 58 88
2 56 120 116 88
2 61 120 116 88
2 58 240 116 88
2 60 240 116 88
2 56 240 116 88
2 58 600 116 88
2 63 240 234 88
2 56 120 116 88
2 61 120 116 88
2 58 120 116 88
2 59 1320 116 88
2 63 120 116 88
2 60 120 116 88
2 65 120 116 88
2 58 120 116 88
2 60 60 58 88
2 62 60 58 88
2 63 120 116 88
2 51 120 116 88
2 56 120 116 88
2 58 60 58 88
2 60 60 58 88
2 61 300 294 88
2 63 60 58 88
2 60 60 58 88
2 61 60 58 88
2 58 60 58 88
2 60 60 58 88
2 61 60 58 88
2 63 60 58 88
2 60 240 234 88
2 58 480 470 88
2 56 60 58 88
2 66 60 58 88
2 65 60 58 88
2 63 60 58 88
2 62 120 116 88
2 63 120 116 88
2 64 120 116 88
2 61 120 116 88
2 63 120 116 88
2 64 120 116 88
2 66 120 116 88
2 63 120 116 88
2 64 480 234 88
2 69 480 234 88
2 73 480 234 88
2 70 1320 234 88
2 56 120 116 88
2 56 240 234 88
2 55 120 116 88
2 58 120 116 88
2 56 120 116 88
2 61 120 116 88
2 60 120 116 88
2 65 120 116 88
2 58 120 116 88
2 60 60 58 88
2 61 60 58 88
2 63 120 116 88
2 51 120 116 88
2 56 120 116 88
2 58 60 58 88
2 60 60 58 88
2 61 300 298 88
2 63 60 58 88
2 60 60 58 88
2 61 60 58 88
2 58 60 58 88
2 60 60 58 88
2 61 60 58 88
2 63 60 58 88
2 56 0 470 88
3 0 45840 0 0
3 56 240 234 88
3 55 240 234 88
3 54 240 234 88
3 53 240 234 88
3 52 240 234 88
3 51 480 465 88
4 0 6840 0 0
4 56 120 116 88
4 55 120 116 88
4 60 120 116 88
4 53 120 116 88
4 55 60 58 88
4 56 60 58 88
4 58 120 116 88
4 46 120 116 88
4 51 120 116 88
4 53 60 58 88
4 55 60 58 88
4 56 300 294 88
4 58 60 58 88
4 55 60 58 88
4 56 60 58 88
4 53 60 58 88
4 55 60 58 88
4 56 60 58 88
4 58 60 58 88
4 51 60 58 88
4 50 60 58 88
4 51 60 58 88
4 53 60 58 88
4 55 60 58 88
4 53 60 58 88
4 51 60 58 88
4 55 60 58 88
4 53 60 58 88
4 51 60 58 88
4 53 60 58 88
4 55 60 58 88
4 56 60 58 88
4 55 60 58 88
4 53 60 58 88
4 56 60 58 88
4 55 60 58 88
4 53 60 58 88
4 55 60 58 88
4 56 60 58 88
4 58 60 58 88
4 56 60 58 88
4 55 60 58 88
4 58 60 58 88
4 56 60 58 88
4 55 60 58 88
4 56 60 58 88
4 58 60 58 88
4 60 60 58 88
4 58 60 58 88
4 56 60 58 88
4 60 60 58 88
4 58 60 58 88
4 56 60 58 88
4 58 60 58 88
4 60 60 58 88
4 61 60 58 88
4 60 60 58 88
4 58 60 58 88
4 61 60 58 88
4 60 60 58 88
4 58 60 58 88
4 60 60 58 88
4 61 60 58 88
4 63 60 58 88
4 61 60 58 88
4 60 60 58 88
4 63 60 58 88
4 61 60 58 88
4 60 60 58 88
4 61 60 58 88
4 63 60 58 88
4 65 60 58 88
4 63 60 58 88
4 61 60 58 88
4 65 60 58 88
4 63 120 116 88
4 51 120 116 88
4 48 120 116 88
4 53 120 116 88
4 46 120 116 88
4 48 60 58 88
4 50 60 58 88
4 51 120 116 88
4 39 120 116 88
4 44 120 116 88
4 46 60 58 88
4 48 60 58 88
4 49 300 298 88
4 51 60 58 88
4 48 60 58 88
4 49 60 58 88
4 46 60 58 88
4 48 60 58 88
4 49 60 58 88
4 51 60 58 88
4 44 120 116 88
4 48 120 116 88
4 49 120 116 88
4 44 120 116 88
4 46 60 58 88
4 48 60 58 88
4 44 60 58 88
4 46 60 58 88
4 43 60 58 88
4 44 60 58 88
4 46 60 58 88
4 48 60 58 88
4 41 60 58 88
4 48 60 58 88
4 53 180 175 88
4 51 60 58 88
4 49 60 58 88
4 48 60 58 88
4 49 60 58 88
4 60 60 58 88
4 58 60 58 88
4 56 60 58 88
4 55 60 58 88
4 53 60 58 88
4 51 60 58 88
4 49 60 58 88
4 48 60 58 88
4 58 60 58 88
4 56 60 58 88
4 55 60 58 88
4 53 60 58 88
4 51 60 58 88
4 50 60 58 88
4 48 60 58 88
4 46 120 116 88
4 51 240 234 88
4 49 180 175 88
4 48 60 58 88
4 49 60 58 88
4 51 60 58 88
4 53 60 58 88
4 51 60 58 88
4 49 60 58 88
4 48 60 58 88
4 49 60 58 88
4 53 60 58 88
4 51 60 58 88
4 49 60 58 88
4 48 60 58 88
4 49 60 58 88
4 51 180 165 88
4 51 60 58 88
4 49 60 58 88
4 48 60 58 88
4 46 60 58 88
4 47 60 58 88
4 46 60 58 88
4 44 60 58 88
4 43 120 116 88
4 44 120 116 88
4 49 120 116 88
4 51 120 116 88
4 56 120 116 88
4 58 120 116 88
4 54 120 116 88
4 56 120 116 88
4 49 120 116 88
4 54 120 116 88
4 51 120 116 88
4 53 120 116 88
4 58 120 116 88
4 60 120 116 88
4 56 120 116 88
4 58 120 116 88
4 51 240 234 88
4 56 240 234 88
4 55 240 234 88
4 54 240 234 88
4 53 240 234 88
4 52 240 234 88
4 51 120 116 88
4 53 120 116 88
4 49 120 116 88
4 51 120 116 88
4 44 60 58 88
4 48 60 58 88
4 46 60 58 88
4 44 60 58 88
4 49 300 294 88
4 61 60 58 88
4 60 60 58 88
4 58 60 58 88
4 57 60 58 88
4 58 60 58 88
4 60 60 58 88
4 57 60 58 88
4 58 60 58 88
4 60 60 58 88
4 58 60 58 88
4 56 60 58 88
4 55 60 58 88
4 56 60 58 88
4 58 60 58 88
4 55 60 58 88
4 56 120 116 88
4 61 120 116 88
4 58 120 116 88
4 60 120 116 88
4 53 360 234 88
4 58 120 116 88
4 51 360 234 88
4 56 120 116 88
4 50 120 116 88
4 53 120 116 88
4 55 120 116 88
4 43 120 116 88
4 48 120 116 88
4 55 120 116 88
4 60 480 474 88
4 59 120 116 88
4 58 240 234 88
4 67 60 58 88
4 65 60 58 88
4 64 60 58 88
4 62 60 58 88
4 60 60 58 88
4 58 60 58 88
4 56 360 234 88
4 56 120 116 88
4 58 120 116 88
4 61 120 116 88
4 55 120 116 88
4 60 120 116 88
4 53 540 116 88
4 45 60 58 88
4 46 60 58 88
4 48 60 58 88
4 49 60 58 88
4 48 60 58 88
4 46 60 58 88
4 49 60 58 88
4 48 60 58 88
4 46 60 58 88
4 48 60 58 88
4 49 60 58 88
4 51 60 58 88
4 49 60 58 88
4 48 60 58 88
4 51 60 58 88
4 50 60 58 88
4 48 60 58 88
4 50 60 58 88
4 51 60 58 88
4 53 60 58 88
4 51 60 58 88
4 50 60 58 88
4 53 60 58 88
4 51 5160 234 88
4 56 120 116 88
4 53 120 116 88
4 58 120 116 88
4 51 120 116 88
4 53 60 58 88
4 54 60 58 88
4 56 120 116 88
4 44 120 116 88
4 49 120 116 88
4 51 60 58 88
4 53 60 58 88
4 54 300 294 88
4 56 60 58 88
4 52 60 58 88
4 54 60 58 88
4 51 60 58 88
4 52 60 58 88
4 54 60 58 88
4 56 60 58 88
4 49 60 58 88
4 51 60 58 88
4 47 60 58 88
4 49 60 58 88
4 46 60 58 88
4 47 60 58 88
4 49 60 58 88
4 51 60 58 88
4 44 60 58 88
4 46 60 58 88
4 42 60 58 88
4 44 60 58 88
4 41 60 58 88
4 42 60 58 88
4 44 60 58 88
4 46 60 58 88
4 39 2280 116 88
4 56 120 116 88
4 55 120 116 88
4 60 120 116 88
4 53 120 116 88
4 55 60 58 88
4 56 60 58 88
4 58 120 116 88
4 46 120 116 88
4 51 120 116 88
4 53 60 58 88
4 55 60 58 88
4 56 300 298 88
4 58 60 58 88
4 54 60 58 88
4 56 60 58 88
4 52 60 58 88
4 54 60 58 88
4 56 60 58 88
4 57 60 58 88
4 54 60 58 88
4 56 60 58 88
4 52 60 58 88
4 54 60 58 88
4 51 60 58 88
4 52 60 58 88
4 54 60 58 88
4 56 60 58 88
4 49 60 58 88
4 61 60 58 88
4 59 60 58 88
4 61 60 58 88
4 57 60 58 88
4 61 60 58 88
4 52 60 58 88
4 57 60 58 88
4 49 60 58 88
4 57 60 58 88
4 56 60 58 88
4 57 60 58 88
4 52 60 58 88
4 57 60 58 88
4 49 60 58 88
4 52 60 58 88
4 46 60 58 88
4 52 60 58 88
4 51 60 58 88
4 52 60 58 88
4 49 60 58 88
4 52 60 58 88
4 46 60 58 88
4 49 60 58 88
4 43 300 234 88
4 51 60 58 88
4 53 60 58 88
4 55 60 58 88
4 56 60 58 88
4 60 60 58 88
4 58 60 58 88
4 56 60 58 88
4 55 60 58 88
4 53 60 58 88
4 51 60 58 88
4 49 60 58 88
4 48 120 116 88
4 49 120 116 88
4 51 120 116 88
4 53 120 116 88
4 51 120 116 88
4 50 120 116 88
4 51 120 116 88
4 52 120 116 88
4 53 180 175 88
4 55 60 58 88
4 56 120 116 88
4 53 120 116 88
4 51 360 234 88
4 48 120 116 88
4 49 300 234 88
4 46 60 58 88
4 47 60 58 88
4 49 60 58 88
4 43 120 116 88
4 44 120 116 88
4 39 240 234 88
