0 68 120 116 88
0 70 120 116 88
0 71 120 116 88
0 70 120 116 88
0 75 120 116 88
0 63 120 116 88
0 68 120 116 88
0 71 120 116 88
0 70 120 116 88
0 71 120 116 88
0 70 120 116 88
0 68 120 116 88
0 70 120 116 88
0 71 120 116 88
0 73 120 116 88
0 71 120 116 88
0 76 120 116 88
0 68 120 116 88
0 70 120 116 88
0 73 120 116 88
0 71 120 116 88
0 73 120 116 88
0 71 120 116 88
0 70 120 116 88
0 71 240 234 88
0 72 120 116 88
0 73 720 713 88
0 72 360 353 88
0 73 240 234 88
0 74 120 116 88
0 75 720 713 88
0 74 360 353 88
0 75 120 116 88
0 73 360 353 88
0 70 120 116 88
0 72 120 116 88
0 73 120 116 88
0 71 360 353 88
0 68 120 116 88
0 70 120 116 88
0 71 480 470 88
0 70 120 116 88
0 73 120 116 88
0 67 120 116 88
0 75 120 116 88
0 68 120 116 88
0 73 480 476 88
0 76 120 116 88
0 75 120 116 88
0 73 120 116 88
0 71 120 116 88
0 70 120 116 88
0 71 240 234 88
0 75 120 116 88
0 80 600 594 88
0 79 120 116 88
0 80 240 234 88
0 83 120 116 88
0 73 240 234 88
0 75 120 116 88
0 76 120 116 88
0 75 120 116 88
0 73 120 116 88
0 75 360 353 88
0 73 360 353 88
0 71 360 353 88
0 70 360 353 88
0 68 960 116 88
0 75 120 90 88
0 75 240 234 88
0 74 120 116 88
0 75 960 234 88
0 76 120 116 88
0 75 240 234 88
0 73 120 116 88
0 71 240 234 88
0 68 120 116 88
0 70 240 234 88
0 72 120 116 88
0 73 120 116 88
0 68 120 116 88
0 73 240 234 88
0 70 120 116 88
0 72 120 116 88
0 76 360 353 88
0 75 480 476 88
0 73 120 116 88
0 81 240 234 88
0 79 120 116 88
0 80 120 116 88
0 73 720 708 88
0 71 720 708 88
0 70 600 590 88
0 74 120 116 88
0 75 120 116 88
0 77 120 116 88
0 78 240 234 88
0 77 120 116 88
0 80 120 116 88
0 74 120 116 88
0 77 120 116 88
0 70 120 116 88
0 75 720 690 88
0 75 45 44 88
0 74 45 44 88
0 75 45 44 88
0 74 45 44 88
0 75 45 44 88
0 74 45 44 88
0 72 45 44 88
0 74 45 44 88
0 75 360 234 88
0 68 360 234 88
0 66 2760 234 88
0 64 120 116 88
0 66 120 116 88
0 69 120 116 88
0 68 120 116 88
0 69 120 116 88
0 68 120 116 88
0 66 120 116 88
0 64 120 116 88
0 68 60 58 88
0 66 60 58 88
0 68 60 58 88
0 70 60 58 88
0 71 720 690 88
0 71 45 44 88
0 70 45 44 88
0 71 45 44 88
0 70 45 44 88
0 71 45 44 88
0 70 45 44 88
0 68 45 44 88
0 70 45 44 88
0 71 360 353 88
0 73 360 353 88
0 75 360 353 88
0 76 120 116 88
0 75 120 116 88
0 73 120 116 88
0 71 120 116 88
0 75 120 116 88
0 78 240 234 88
0 75 120 116 88
0 77 240 236 88
0 70 120 116 88
0 75 240 234 88
0 72 120 116 88
0 74 120 116 88
0 75 120 116 88
0 77 120 116 88
0 78 120 116 88
0 77 120 116 88
0 82 120 116 88
0 70 120 116 88
0 75 120 116 88
0 78 120 116 88
0 77 120 116 88
0 78 120 116 88
0 77 120 116 88
0 75 120 116 88
0 77 120 116 88
0 78 120 116 88
0 80 120 116 88
0 78 120 116 88
0 83 120 116 88
0 75 120 116 88
0 77 120 116 88
0 80 120 116 88
0 78 120 116 88
0 80 120 116 88
0 78 120 116 88
0 77 120 116 88
0 78 240 234 88
0 79 120 116 88
0 80 240 234 88
0 78 120 116 88
0 76 240 234 88
0 77 120 116 88
0 78 240 234 88
0 76 120 116 88
0 75 360 353 88
0 73 600 594 88
0 71 240 234 88
0 70 120 116 88
0 73 120 116 88
0 67 240 234 88
0 70 240 234 88
0 63 120 116 88
0 68 360 354 88
0 73 120 116 88
0 68 45 44 88
0 67 45 44 88
0 68 45 44 88
0 67 45 44 88
0 68 45 44 88
0 67 45 44 88
0 68 45 44 88
0 67 45 44 88
0 68 240 234 88
0 63 120 116 88
0 61 120 116 88
0 59 120 116 88
0 58 120 116 88
0 59 600 234 88
0 71 120 116 88
0 73 120 116 88
0 75 120 116 88
0 76 120 116 88
0 75 120 116 88
0 73 120 116 88
0 71 120 116 88
0 73 120 116 88
0 70 480 470 88
0 75 120 116 88
0 75 1080 1073 88
0 74 360 353 88
0 75 240 210 88
0 75 120 116 88
0 74 240 234 88
0 73 120 116 88
0 72 240 234 88
0 71 120 116 88
0 70 240 234 88
0 72 120 116 88
0 73 240 234 88
0 74 120 116 88
0 75 720 690 88
0 75 45 44 88
0 74 45 44 88
0 75 45 44 88
0 74 45 44 88
0 75 45 44 88
0 74 45 44 88
0 72 45 44 88
0 74 45 44 88
0 75 240 234 88
0 73 120 116 88
0 71 240 234 88
0 70 120 116 88
0 68 240 234 88
0 73 240 234 88
0 70 120 116 88
0 72 120 116 88
0 73 120 116 88
0 68 120 116 88
0 70 120 116 88
0 71 120 116 88
0 73 120 116 88
0 71 120 116 88
0 70 120 116 88
0 75 120 116 88
0 73 120 116 88
0 71 120 116 88
0 76 120 116 88
0 75 120 116 88
0 73 120 116 88
0 75 120 116 88
0 76 120 116 88
0 70 120 116 88
0 75 120 116 88
0 73 120 116 88
0 71 120 116 88
0 73 120 116 88
0 75 120 116 88
0 68 120 116 88
0 73 120 116 88
0 75 120 116 88
0 76 360 353 88
0 75 360 353 88
0 73 360 353 88
0 71 120 116 88
0 80 240 234 88
0 78 120 116 88
0 76 120 116 88
0 75 240 234 88
0 73 60 58 88
0 72 60 58 88
0 73 120 116 88
0 75 840 836 88
0 68 120 116 88
0 73 240 234 88
0 71 60 58 88
0 70 60 58 88
0 71 120 116 88
0 70 960 954 88
0 68 120 116 88
0 73 360 353 88
0 71 360 353 88
0 70 480 476 88
0 68 120 116 88
0 80 120 116 88
0 79 240 234 88
0 78 120 116 88
0 77 240 234 88
0 76 120 116 88
0 75 240 234 88
0 77 120 116 88
0 78 240 234 88
0 79 120 116 88
0 80 720 713 88
0 79 480 476 88
0 77 120 116 88
0 79 120 116 88
0 80 240 234 88
0 81 120 116 88
0 82 840 836 88
0 78 120 116 88
0 80 120 116 88
0 82 480 476 88
0 80 360 353 88
0 77 120 116 88
0 78 120 116 88
0 77 240 234 88
0 78 120 116 88
0 80 480 476 88
0 78 360 353 88
0 75 120 116 88
0 76 120 116 88
0 75 240 234 88
0 73 120 116 88
0 71 360 353 88
0 70 240 234 88
0 72 120 116 88
0 73 60 58 88
0 75 60 58 88
0 76 120 116 88
0 75 120 116 88
0 68 360 353 88
0 73 480 476 88
0 71 120 116 88
0 73 120 116 88
0 75 60 58 88
0 73 60 58 88
0 71 60 58 88
0 70 60 58 88
0 71 60 58 88
0 76 60 58 88
0 70 360 234 88
0 76 240 234 88
0 82 120 116 88
0 75 240 234 88
0 80 120 116 88
0 73 180 175 88
0 76 60 58 88
0 75 60 58 88
0 73 60 58 88
0 71 480 470 88
0 70 60 58 88
0 68 60 58 88
0 67 60 58 88
0 65 60 58 88
0 63 120 116 88
0 75 120 116 88
0 68 240 234 88
0 67 120 116 88
0 73 120 116 88
0 71 4320 234 88
0 75 120 116 88
0 77 120 116 88
0 78 120 116 88
0 77 120 116 88
0 82 120 116 88
0 70 120 116 88
0 75 120 116 88
0 78 120 116 88
0 77 120 116 88
0 78 120 116 88
0 77 120 116 88
0 75 120 116 88
0 77 120 116 88
0 78 120 116 88
0 80 120 116 88
0 78 120 116 88
0 83 120 116 88
0 75 120 116 88
0 77 120 116 88
0 80 120 116 88
0 78 120 116 88
0 80 120 116 88
0 78 120 116 88
0 77 120 116 88
0 78 360 353 88
0 77 240 234 88
0 76 120 116 88
0 75 360 353 88
0 74 240 234 88
0 73 120 116 88
0 71 120 116 88
0 75 120 116 88
0 80 240 234 88
0 78 60 58 88
0 76 60 58 88
0 78 240 236 88
0 71 120 116 88
0 76 240 234 88
0 75 60 58 88
0 73 60 58 88
0 75 120 116 88
0 73 120 116 88
0 75 120 116 88
0 76 120 116 88
0 75 240 234 88
0 74 120 116 88
0 73 240 234 88
0 72 120 116 88
0 71 240 234 88
0 73 120 116 88
0 74 240 234 88
0 75 120 116 88
0 76 720 690 88
0 76 45 44 88
0 75 45 44 88
0 76 45 44 88
0 75 45 44 88
0 76 45 44 88
0 75 45 44 88
0 73 45 44 88
0 75 45 44 88
0 76 240 234 88
0 68 120 116 88
0 70 240 234 88
0 72 120 116 88
0 73 240 234 88
0 69 120 116 88
0 66 240 234 88
0 68 120 116 88
0 64 1320 234 88
0 71 240 236 88
0 70 120 116 88
0 72 120 116 88
0 73 480 476 88
0 72 120 116 88
0 74 120 116 88
0 75 480 476 88
0 74 120 116 88
0 75 120 116 88
0 77 480 476 88
0 75 60 58 88
0 74 60 58 88
0 75 240 234 88
0 73 60 58 88
0 71 60 58 88
0 73 240 236 88
0 75 120 116 88
0 73 120 116 88
0 71 120 116 88
0 76 120 116 88
0 75 120 116 88
0 73 120 116 88
0 75 120 116 88
0 76 120 116 88
0 70 120 116 88
0 75 120 116 88
0 73 120 116 88
0 71 960 234 88
0 61 120 116 88
0 66 240 234 88
0 68 240 236 88
0 66 120 116 88
0 64 120 116 88
0 63 120 116 88
0 68 120 116 88
0 71 120 116 88
0 65 360 353 88
0 70 600 594 88
0 68 360 353 88
0 67 120 116 88
0 68 480 234 88
0 75 120 116 88
0 73 120 116 88
0 75 120 116 88
0 73 120 116 88
0 71 120 116 88
0 73 120 116 88
0 71 120 116 88
0 70 120 116 88
0 71 480 470 88
0 70 120 116 88
0 68 120 116 88
0 70 480 470 88
0 68 120 116 88
0 67 120 116 88
0 68 480 470 88
0 65 120 116 88
0 67 120 116 88
0 68 120 116 88
0 70 120 116 88
0 71 120 116 88
0 70 120 116 88
0 75 120 116 88
0 63 120 116 88
0 68 120 116 88
0 71 120 116 88
0 70 120 116 88
0 71 120 116 88
0 70 120 116 88
0 68 120 116 88
0 70 120 116 88
0 71 120 116 88
0 73 120 116 88
0 71 120 116 88
0 76 120 116 88
0 68 120 116 88
0 70 120 116 88
0 73 120 116 88
0 71 120 116 88
0 73 120 116 88
0 71 120 116 88
0 70 120 116 88
0 71 120 116 88
0 73 120 116 88
0 75 240 234 88
0 73 120 116 88
0 71 120 116 88
0 70 120 116 88
0 77 120 116 88
0 70 120 90 88
0 70 480 476 88
0 76 120 116 88
0 75 120 90 88
0 75 480 476 88
0 73 120 116 88
0 71 120 116 88
0 75 60 58 88
0 73 60 58 88
0 71 120 116 88
0 70 120 116 88
1 0 2880 0 0
1 63 120 116 88
1 65 120 116 88
1 66 120 116 88
1 65 120 116 88
1 70 120 116 88
1 58 120 116 88
1 63 120 116 88
1 66 120 116 88
1 65 120 116 88
1 66 120 116 88
1 65 120 116 88
1 63 120 116 88
1 65 120 116 88
1 66 120 116 88
1 68 120 116 88
1 66 120 116 88
1 71 120 116 88
1 63 120 116 88
1 65 120 116 88
1 68 120 116 88
1 66 120 116 88
1 68 120 116 88
1 66 120 116 88
1 65 120 116 88
1 66 240 234 88
1 67 120 116 88
1 68 240 234 88
1 66 120 116 88
1 64 240 234 88
1 65 120 116 88
1 66 240 234 88
1 64 120 116 88
1 63 120 116 88
1 68 120 116 88
1 56 120 116 88
1 61 600 594 88
1 59 120 116 88
1 58 120 116 88
1 68 120 116 88
1 67 120 116 88
1 68 600 590 88
1 67 120 116 88
1 68 600 234 88
1 71 120 116 88
1 73 120 116 88
1 75 120 116 88
1 76 120 116 88
1 75 120 116 88
1 73 120 116 88
1 71 240 236 88
1 70 120 116 88
1 68 120 116 88
1 66 480 450 88
1 66 120 116 88
1 71 240 234 88
1 68 120 116 88
1 70 240 236 88
1 63 120 116 88
1 68 240 234 88
1 65 120 116 88
1 67 120 116 88
1 68 120 116 88
1 70 120 116 88
1 71 120 116 88
1 70 120 116 88
1 75 120 116 88
1 63 120 116 88
1 68 120 116 88
1 71 120 116 88
1 70 120 116 88
1 71 120 116 88
1 70 120 116 88
1 68 120 116 88
1 70 120 116 88
1 71 120 116 88
1 73 120 116 88
1 71 120 116 88
1 76 120 116 88
1 68 120 116 88
1 70 120 116 88
1 73 120 116 88
1 71 120 116 88
1 73 120 116 88
1 71 120 116 88
1 70 120 116 88
1 71 120 116 88
1 59 120 116 88
1 64 240 234 88
1 61 120 116 88
1 63 120 116 88
1 56 960 353 88
1 69 120 116 88
1 66 240 234 88
1 68 120 116 88
1 64 360 353 88
1 63 360 353 88
1 65 120 116 88
1 67 120 116 88
1 68 120 116 88
1 70 480 476 88
1 68 120 116 88
1 66 120 116 88
1 65 120 116 88
1 68 120 116 88
1 63 120 116 88
1 62 120 116 88
1 63 120 116 88
1 65 120 116 88
1 66 480 476 88
1 68 120 116 88
1 70 120 116 88
1 68 720 713 88
1 66 120 116 88
1 70 120 116 88
1 63 120 116 88
1 65 120 116 88
1 66 120 116 88
1 68 240 234 88
1 70 120 116 88
1 65 120 116 88
1 66 120 116 88
1 65 120 116 88
1 63 240 234 88
1 62 120 116 88
1 65 240 236 88
1 63 120 116 88
1 62 120 116 88
1 63 240 234 88
1 71 120 116 88
1 61 240 234 88
1 71 120 116 88
1 70 120 116 88
1 68 120 116 88
1 66 120 116 88
1 68 120 116 88
1 59 120 116 88
1 58 120 116 88
1 59 120 116 88
1 68 120 116 88
1 59 120 116 88
1 58 240 234 88
1 60 120 116 88
1 61 720 690 88
1 61 45 44 88
1 60 45 44 88
1 61 45 44 88
1 60 45 44 88
1 61 45 44 88
1 60 45 44 88
1 61 45 44 88
1 60 45 44 88
1 61 480 234 88
1 63 120 116 88
1 68 120 116 88
1 61 120 116 88
1 64 120 116 88
1 63 120 116 88
1 64 120 116 88
1 63 120 116 88
1 61 120 116 88
1 63 240 234 88
1 68 120 116 88
1 65 240 234 88
1 67 120 116 88
1 71 360 353 88
1 70 360 353 88
1 63 240 234 88
1 62 120 116 88
1 63 240 234 88
1 68 120 116 88
1 66 360 353 88
1 65 360 353 88
1 63 120 116 88
1 62 120 116 88
1 60 120 116 88
1 62 120 116 88
1 66 360 356 88
1 63 120 116 88
1 62 120 116 88
1 63 120 116 88
1 68 480 474 88
1 65 120 116 88
1 61 120 116 88
1 63 120 116 88
1 66 120 116 88
1 71 360 353 88
1 70 480 476 88
1 73 360 353 88
1 70 120 116 88
1 72 120 116 88
1 73 120 116 88
1 71 360 353 88
1 68 120 116 88
1 70 120 116 88
1 71 360 353 88
1 70 480 476 88
1 63 120 116 88
1 68 120 116 88
1 64 480 476 88
1 63 120 116 88
1 61 120 116 88
1 59 360 353 88
1 58 120 116 88
1 61 120 116 88
1 64 240 234 88
1 63 120 116 88
1 61 120 116 88
1 59 120 116 88
1 58 120 116 88
1 56 360 353 88
1 55 120 116 88
1 56 240 234 88
1 63 120 116 88
1 68 600 594 88
1 67 120 116 88
1 68 600 570 88
1 68 120 116 88
1 67 600 234 88
1 70 120 116 88
1 71 240 234 88
1 67 120 116 88
1 68 120 116 88
1 70 120 116 88
1 71 240 234 88
1 70 120 116 88
1 68 240 236 88
1 67 3720 116 88
1 68 120 116 88
1 67 240 234 88
1 66 120 116 88
1 65 240 234 88
1 64 120 116 88
1 63 240 234 88
1 65 120 116 88
1 66 240 234 88
1 67 120 116 88
1 68 720 690 88
1 68 45 44 88
1 67 45 44 88
1 68 45 44 88
1 67 45 44 88
1 68 45 44 88
1 67 45 44 88
1 65 45 44 88
1 67 45 44 88
1 68 240 234 88
1 66 120 116 88
1 64 240 234 88
1 63 120 116 88
1 61 120 116 88
1 64 120 116 88
1 69 240 234 88
1 68 60 58 88
1 66 60 58 88
1 68 240 236 88
1 61 120 116 88
1 66 240 234 88
1 64 60 58 88
1 63 60 58 88
1 64 120 116 88
1 63 120 116 88
1 68 120 116 88
1 66 120 116 88
1 64 120 116 88
1 69 120 116 88
1 68 120 116 88
1 66 120 116 88
1 68 120 116 88
1 69 120 116 88
1 63 120 116 88
1 68 120 116 88
1 66 120 116 88
1 64 840 836 88
1 61 120 116 88
1 66 240 234 88
1 64 60 58 88
1 63 60 58 88
1 64 120 116 88
1 63 360 353 88
1 64 360 353 88
1 63 360 353 88
1 61 360 353 88
1 59 240 234 88
1 61 240 234 88
1 58 120 116 88
1 60 120 116 88
1 61 480 470 88
1 59 360 356 88
1 58 360 234 88
1 51 120 116 88
1 54 240 236 88
1 53 120 116 88
1 59 240 234 88
1 58 60 58 88
1 56 60 58 88
1 58 60 58 88
1 55 60 58 88
1 56 240 234 88
1 60 120 116 88
1 65 480 234 88
1 70 120 116 88
1 72 120 116 88
1 73 240 234 88
1 74 120 116 88
1 75 480 450 88
1 75 120 116 88
1 73 120 116 88
1 72 240 234 88
1 73 120 116 88
1 75 480 476 88
1 73 360 353 88
1 70 120 116 88
1 71 120 116 88
1 70 240 234 88
1 71 120 116 88
1 73 480 476 88
1 71 120 116 88
1 70 240 234 88
1 66 120 116 88
1 68 240 236 88
1 66 720 716 88
1 65 120 116 88
1 67 120 116 88
1 68 60 58 88
1 70 60 58 88
1 71 120 116 88
1 70 120 116 88
1 63 360 353 88
1 68 480 476 88
1 67 120 116 88
1 75 240 234 88
1 73 360 356 88
1 71 360 353 88
1 70 360 356 88
1 68 60 58 88
1 66 60 58 88
1 64 60 58 88
1 63 60 58 88
1 61 600 594 88
1 59 120 116 88
1 58 60 58 88
1 56 60 58 88
1 58 120 116 88
1 51 120 116 88
1 56 240 234 88
1 68 120 116 88
1 67 240 234 88
1 66 120 116 88
1 65 240 234 88
1 64 120 116 88
1 63 240 234 88
1 65 120 116 88
1 66 240 234 88
1 67 120 116 88
1 68 720 713 88
1 67 360 353 88
1 68 120 116 88
1 71 120 116 88
1 63 120 116 88
1 64 120 116 88
1 63 120 116 88
1 61 120 116 88
1 59 60 58 88
1 63 60 58 88
1 68 120 116 88
1 66 120 116 88
1 65 120 116 88
1 70 120 116 88
1 68 120 116 88
1 66 240 234 88
1 63 120 116 88
1 62 240 234 88
1 61 120 116 88
1 60 240 234 88
1 59 120 116 88
1 58 240 234 88
1 60 120 116 88
1 61 240 234 88
1 62 120 116 88
1 63 720 690 88
1 63 45 44 88
1 62 45 44 88
1 63 45 44 88
1 62 45 44 88
1 63 45 44 88
1 62 45 44 88
1 63 45 44 88
1 62 45 44 88
1 63 120 116 88
1 70 120 116 88
1 75 240 234 88
1 73 60 58 88
1 71 60 58 88
1 73 240 236 88
1 66 120 116 88
1 71 240 234 88
1 70 60 58 88
1 68 60 58 88
1 70 120 116 88
1 71 360 353 88
1 70 240 234 88
1 69 120 116 88
1 68 360 353 88
1 67 240 234 88
1 66 120 116 88
1 64 120 116 88
1 66 120 116 88
1 68 120 116 88
1 66 120 116 88
1 71 120 116 88
1 59 120 116 88
1 64 120 116 88
1 68 120 116 88
1 66 120 116 88
1 68 120 116 88
1 66 120 116 88
1 64 120 116 88
1 66 120 116 88
1 68 120 116 88
1 69 120 116 88
1 68 120 116 88
1 73 120 116 88
1 64 120 116 88
1 66 120 116 88
1 69 120 116 88
1 68 120 116 88
1 69 120 116 88
1 68 120 116 88
1 66 120 116 88
1 68 240 210 88
1 68 120 116 88
1 67 240 234 88
1 66 120 116 88
1 65 240 234 88
1 64 120 116 88
1 63 480 476 88
1 61 120 116 88
1 69 240 234 88
1 68 60 58 88
1 66 60 58 88
1 68 240 236 88
1 61 120 116 88
1 66 240 234 88
1 65 60 58 88
1 63 60 58 88
1 65 120 116 88
1 66 480 470 88
1 65 120 116 88
1 67 120 116 88
1 68 480 470 88
1 67 120 116 88
1 69 120 116 88
1 70 600 590 88
1 68 120 116 88
1 66 600 116 88
1 70 120 116 88
1 63 480 470 88
1 61 120 116 88
1 59 120 116 88
1 58 120 116 88
1 59 120 116 88
1 61 120 116 88
1 63 240 234 88
1 51 120 116 88
1 56 120 116 88
1 58 120 116 88
1 59 120 116 88
1 58 120 116 88
1 63 120 116 88
1 51 120 116 88
1 56 120 116 88
1 59 120 116 88
1 58 120 116 88
1 59 120 116 88
1 58 120 116 88
1 56 120 116 88
1 58 120 116 88
1 59 120 116 88
1 61 120 116 88
1 59 120 116 88
1 64 120 116 88
1 56 120 116 88
1 58 120 116 88
1 61 120 116 88
1 59 120 116 88
1 61 120 116 88
1 59 120 116 88
1 58 120 116 88
1 59 360 353 88
1 58 120 116 88
1 63 120 116 88
1 61 120 116 88
1 63 120 116 88
1 61 120 116 88
1 59 120 116 88
1 61 120 116 88
1 59 120 116 88
1 58 120 116 88
1 59 120 116 88
1 58 120 116 88
1 56 120 116 88
1 58 120 116 88
1 56 120 116 88
1 55 120 116 88
1 56 480 470 88
1 61 120 116 88
1 59 120 116 88
1 61 120 116 88
1 59 120 116 88
1 58 120 116 88
1 59 720 713 88
1 58 360 353 88
1 51 240 234 88
1 68 120 116 88
1 67 240 234 88
1 66 120 116 88
1 65 240 234 88
1 64 120 116 88
1 63 240 234 88
1 65 120 116 88
1 66 240 234 88
1 67 120 116 88
1 68 720 713 88
1 67 360 353 88
1 68 1200 1190 88
1 67 120 116 88
1 65 120 116 88
1 67 720 708 88
1 68 600 590 88
1 67 120 116 88
2 0 8640 0 0
2 56 120 116 88
2 58 120 116 88
2 59 120 116 88
2 58 120 116 88
2 63 120 116 88
2 51 120 116 88
2 56 120 116 88
2 59 120 116 88
2 58 120 116 88
2 59 120 116 88
2 58 120 116 88
2 56 120 116 88
2 58 120 116 88
2 59 120 116 88
2 61 120 116 88
2 59 120 116 88
2 64 120 116 88
2 56 120 116 88
2 58 120 116 88
2 61 120 116 88
2 59 120 116 88
2 61 120 116 88
2 59 120 116 88
2 58 120 116 88
2 59 240 234 88
2 56 120 116 88
2 53 240 234 88
2 55 120 116 88
2 56 240 234 88
2 52 120 116 88
2 49 240 234 88
2 51 120 116 88
2 52 240 234 88
2 53 120 116 88
2 54 720 690 88
2 54 45 44 88
2 53 45 44 88
2 54 45 44 88
2 53 45 44 88
2 54 45 44 88
2 53 45 44 88
2 54 45 44 88
2 53 45 44 88
2 54 240 234 88
2 55 120 116 88
2 56 720 690 88
2 56 45 44 88
2 55 45 44 88
2 56 45 44 88
2 55 45 44 88
2 56 45 44 88
2 55 45 44 88
2 56 45 44 88
2 55 45 44 88
2 56 360 353 88
2 54 360 353 88
2 52 360 353 88
2 51 360 353 88
2 49 120 116 88
2 56 120 116 88
2 61 240 234 88
2 58 120 116 88
2 60 120 116 88
2 61 360 353 88
2 59 480 476 88
2 58 120 116 88
2 56 120 116 88
2 55 120 116 88
2 58 120 116 88
2 51 120 116 88
2 56 240 234 88
2 44 120 116 88
2 56 480 476 88
2 54 120 116 88
2 53 120 116 88
2 51 120 116 88
2 54 120 116 88
2 46 120 116 88
2 49 68 65 88
2 47 45 43 88
2 49 45 43 88
2 47 45 43 88
2 49 45 43 88
2 47 45 43 88
2 49 45 43 88
2 47 45 43 88
2 49 45 43 88
2 47 45 43 88
2 49 45 43 88
2 47 37 36 88
2 49 38 36 88
2 47 37 36 88
2 46 38 36 88
2 47 52 50 88
2 46 1440 708 88
2 51 120 116 88
2 53 120 116 88
2 54 120 116 88
2 53 120 116 88
2 58 120 116 88
2 46 120 116 88
2 51 120 116 88
2 54 120 116 88
2 53 120 116 88
2 54 120 116 88
2 53 120 116 88
2 51 120 116 88
2 53 120 116 88
2 54 120 116 88
2 56 120 116 88
2 54 120 116 88
2 59 120 116 88
2 51 120 116 88
2 53 120 116 88
2 56 120 116 88
2 54 120 116 88
2 56 120 116 88
2 54 120 116 88
2 53 120 116 88
2 54 120 116 88
2 52 120 116 88
2 51 120 116 88
2 52 120 116 88
2 57 120 116 88
2 49 120 116 88
2 51 360 234 88
2 44 360 234 88
2 49 120 116 88
2 52 120 116 88
2 49 120 116 88
2 56 240 234 88
2 54 120 116 88
2 52 120 116 88
2 54 120 116 88
2 56 120 116 88
2 49 240 234 88
2 54 120 116 88
2 47 120 116 88
2 54 120 116 88
2 59 240 234 88
2 56 120 116 88
2 58 240 236 88
2 51 120 116 88
2 56 240 234 88
2 53 120 116 88
2 55 120 116 88
2 56 240 234 88
2 58 120 116 88
2 59 240 234 88
2 50 120 116 88
2 51 240 234 88
2 47 120 116 88
2 44 240 234 88
2 46 120 116 88
2 51 600 353 88
2 54 120 116 88
2 59 600 353 88
2 60 120 116 88
2 61 240 234 88
2 59 120 116 88
2 58 240 234 88
2 57 120 116 88
2 56 120 116 88
2 59 120 116 88
2 51 120 116 88
2 50 120 116 88
2 46 120 116 88
2 50 120 116 88
2 51 360 234 88
2 44 360 234 88
2 49 360 234 88
2 42 360 234 88
2 47 120 116 88
2 51 120 116 88
2 56 240 234 88
2 55 120 116 88
2 58 120 116 88
2 47 360 234 88
2 49 360 234 88
2 51 240 234 88
2 43 120 116 88
2 44 240 234 88
2 47 120 116 88
2 49 120 116 88
2 52 120 116 88
2 46 120 116 88
2 51 240 234 88
2 39 120 116 88
2 44 120 116 88
2 46 120 116 88
2 47 120 116 88
2 46 120 116 88
2 51 120 116 88
2 39 120 116 88
2 44 120 116 88
2 47 120 116 88
2 46 120 116 88
2 47 120 116 88
2 46 120 116 88
2 44 120 116 88
2 46 120 116 88
2 47 120 116 88
2 49 120 116 88
2 47 120 116 88
2 52 120 116 88
2 44 120 116 88
2 46 120 116 88
2 49 120 116 88
2 47 120 116 88
2 49 120 116 88
2 47 120 116 88
2 46 120 116 88
2 47 120 116 88
2 51 120 116 88
2 43 120 116 88
2 44 120 116 88
2 47 120 116 88
2 39 120 116 88
2 42 68 65 88
2 40 45 43 88
2 42 45 43 88
2 40 45 43 88
2 42 45 43 88
2 40 45 43 88
2 42 45 43 88
2 40 45 43 88
2 42 45 43 88
2 40 45 43 88
2 42 45 43 88
2 40 37 36 88
2 42 38 36 88
2 40 37 36 88
2 39 38 36 88
2 40 52 50 88
2 39 240 234 88
2 51 120 116 88
2 53 120 116 88
2 56 120 116 88
2 55 120 116 88
2 56 120 116 88
2 51 120 116 88
2 56 240 234 88
2 54 60 58 88
2 53 60 58 88
2 54 120 116 88
2 53 120 116 88
2 58 120 116 88
2 56 120 116 88
2 54 120 116 88
2 59 120 116 88
2 58 120 116 88
2 56 120 116 88
2 58 120 116 88
2 59 120 116 88
2 53 120 116 88
2 58 120 116 88
2 56 120 116 88
2 55 120 116 88
2 56 120 116 88
2 58 120 116 88
2 51 120 116 88
2 56 120 116 88
2 54 120 116 88
2 52 120 116 88
2 54 120 116 88
2 52 120 116 88
2 51 120 116 88
2 52 120 116 88
2 51 120 116 88
2 49 240 234 88
2 37 120 116 88
2 44 120 116 88
2 43 120 116 88
2 44 120 116 88
2 39 2400 234 88
2 61 120 116 88
2 60 240 234 88
2 59 120 116 88
2 58 240 234 88
2 57 120 116 88
2 56 240 234 88
2 58 120 116 88
2 59 240 234 88
2 60 120 116 88
2 61 720 713 88
2 60 360 353 88
2 61 240 234 88
2 59 120 116 88
2 58 240 234 88
2 56 120 116 88
2 54 240 234 88
2 52 120 116 88
2 51 240 234 88
2 49 120 116 88
2 47 120 116 88
2 54 120 116 88
2 59 240 234 88
2 58 60 58 88
2 56 60 58 88
2 58 240 236 88
2 51 120 116 88
2 56 240 234 88
2 55 60 58 88
2 53 60 58 88
2 55 120 116 88
2 56 240 234 88
2 52 120 116 88
2 51 360 353 88
2 58 120 116 88
2 56 120 116 88
2 55 120 116 88
2 56 240 234 88
2 50 120 116 88
2 51 240 234 88
2 46 120 116 88
2 47 240 234 88
2 48 120 116 88
2 49 240 234 88
2 50 120 116 88
2 51 240 234 88
2 52 120 116 88
2 53 480 353 88
2 53 120 116 88
2 51 120 116 88
2 49 120 116 88
2 61 120 116 88
2 60 120 116 88
2 58 120 116 88
2 70 120 116 88
2 68 120 116 88
2 66 120 116 88
2 63 120 116 88
2 65 120 116 88
2 66 240 234 88
2 67 120 116 88
2 68 120 116 88
2 56 120 116 88
2 58 120 116 88
2 59 240 234 88
2 60 120 116 88
2 61 120 116 88
2 49 120 116 88
2 51 120 116 88
2 52 240 234 88
2 53 120 116 88
2 54 120 116 88
2 42 120 116 88
2 44 120 116 88
2 45 240 234 88
2 46 120 116 88
2 47 240 234 88
2 49 120 116 88
2 51 240 234 88
2 53 120 116 88
2 54 240 234 88
2 56 120 116 88
2 58 240 234 88
2 60 120 116 88
2 61 120 116 88
2 49 120 116 88
2 51 120 116 88
2 53 240 234 88
2 55 120 116 88
2 56 240 234 88
2 58 120 116 88
2 59 60 58 88
2 61 60 58 88
2 63 120 116 88
2 61 120 116 88
2 63 2880 1674 88
2 44 120 116 88
2 46 120 116 88
2 47 120 116 88
2 46 120 116 88
2 51 120 116 88
2 39 120 116 88
2 44 120 116 88
2 47 120 116 88
2 46 120 116 88
2 47 120 116 88
2 46 120 116 88
2 44 120 116 88
2 46 120 116 88
2 47 120 116 88
2 49 120 116 88
2 47 120 116 88
2 52 120 116 88
2 44 120 116 88
2 46 120 116 88
2 49 120 116 88
2 47 120 116 88
2 49 120 116 88
2 47 120 116 88
2 46 120 116 88
2 47 120 116 88
2 51 120 116 88
2 56 240 234 88
2 55 60 58 88
2 53 60 58 88
2 55 120 116 88
2 56 120 116 88
2 59 120 116 88
2 63 240 234 88
2 62 60 58 88
2 60 60 58 88
2 62 120 116 88
2 63 240 234 88
2 51 120 116 88
2 58 240 234 88
2 55 120 116 88
2 56 240 234 88
2 50 120 116 88
2 51 360 353 88
2 58 480 470 88
2 56 120 116 88
2 54 120 116 88
2 56 360 353 88
2 58 360 353 88
2 51 240 234 88
2 47 120 116 88
2 44 240 234 88
2 46 120 116 88
2 47 240 234 88
2 51 120 116 88
2 53 240 234 88
2 55 120 116 88
2 56 240 234 88
2 59 120 116 88
2 61 240 234 88
2 63 120 116 88
2 64 240 234 88
2 61 120 116 88
2 58 240 234 88
2 60 120 116 88
2 61 120 116 88
2 60 120 116 88
2 58 120 116 88
2 59 120 116 88
2 58 120 116 88
2 56 120 116 88
2 57 240 234 88
2 51 120 116 88
2 52 240 234 88
2 40 120 116 88
2 47 240 234 88
2 48 120 116 88
2 49 240 234 88
2 56 120 116 88
2 57 240 234 88
2 61 120 116 88
2 54 240 234 88
2 59 120 116 88
2 52 120 116 88
2 59 120 116 88
2 64 240 234 88
2 63 60 58 88
2 61 60 58 88
2 63 240 236 88
2 56 120 116 88
2 61 240 234 88
2 60 60 58 88
2 58 60 58 88
2 60 120 116 88
2 61 120 116 88
2 49 120 116 88
2 61 120 116 88
2 60 240 234 88
2 59 120 116 88
2 58 240 234 88
2 57 120 116 88
2 56 240 234 88
2 61 120 116 88
2 54 120 116 88
2 52 120 116 88
2 51 120 116 88
2 49 120 116 88
2 47 120 116 88
2 46 120 116 88
2 44 120 116 88
2 56 120 116 88
2 58 120 116 88
2 59 120 116 88
2 61 120 116 88
2 59 120 116 88
2 58 120 116 88
2 46 120 116 88
2 48 120 116 88
2 50 120 116 88
2 48 120 116 88
2 50 120 116 88
2 51 120 116 88
2 56 120 116 88
2 54 120 116 88
2 53 120 116 88
2 58 120 116 88
2 56 120 116 88
2 55 120 116 88
2 51 120 116 88
2 55 120 116 88
2 56 720 713 88
2 55 360 353 88
2 56 240 234 88
2 44 120 116 88
2 43 240 234 88
2 42 120 116 88
2 41 240 234 88
2 40 120 116 88
2 39 240 234 88
2 41 120 116 88
2 42 240 234 88
2 43 120 116 88
2 44 720 713 88
2 43 120 116 88
2 51 120 116 88
2 49 120 116 88
2 51 120 116 88
2 49 120 116 88
2 47 120 116 88
2 49 120 116 88
2 47 120 116 88
2 46 120 116 88
2 47 120 116 88
2 46 120 116 88
2 44 120 116 88
2 51 600 594 88
2 44 120 116 88
2 52 480 476 88
2 51 120 116 88
2 50 120 116 88
2 51 1200 1196 88
2 49 120 116 88
2 47 120 116 88
2 49 120 116 88
2 47 120 116 88
2 46 120 116 88
2 47 120 116 88
2 49 60 58 88
2 47 60 58 88
2 46 60 58 88
2 44 60 58 88
2 39 600 594 88
2 37 120 116 88
2 44 240 234 88
2 37 120 116 88
2 42 240 234 88
2 39 120 116 88
2 44 240 234 88
2 47 120 116 88
2 52 240 234 88
2 49 120 116 88
2 46 240 234 88
2 51 120 116 88
2 44 240 234 88
2 47 120 116 88
2 40 120 116 88
2 52 120 116 88
2 51 120 116 88
2 50 480 470 88
2 46 120 116 88
2 48 120 116 88
2 49 480 470 88
2 47 120 116 88
2 46 120 116 88
2 47 120 116 88
2 46 120 116 88
2 44 120 116 88
2 51 240 234 88
2 39 120 116 88
