0 0 5760 0 0
0 65 480 470 88
0 67 720 470 88
0 68 240 234 88
0 70 240 234 88
0 64 240 234 88
0 65 720 470 88
0 67 240 234 88
0 68 120 116 88
0 65 120 116 88
0 67 120 116 88
0 68 120 116 88
0 70 120 116 88
0 67 120 116 88
0 68 120 116 88
0 70 120 116 88
0 72 120 116 88
0 68 120 116 88
0 70 120 116 88
0 72 120 116 88
0 73 120 116 88
0 70 120 116 88
0 72 480 234 88
0 73 240 234 88
0 67 240 234 88
0 69 120 116 88
0 70 120 116 88
0 69 240 234 88
0 77 480 234 88
0 70 240 234 88
0 65 240 234 88
0 67 120 116 88
0 68 120 116 88
0 67 240 234 88
0 75 480 470 88
0 69 480 470 88
0 70 120 116 88
0 72 120 116 88
0 65 240 234 88
0 70 480 470 88
0 69 120 116 88
0 67 120 116 88
0 69 240 234 88
0 70 240 234 88
0 72 120 116 88
0 73 120 116 88
0 75 480 470 88
0 73 240 234 88
0 72 120 116 88
0 75 120 116 88
0 78 240 234 88
0 77 480 234 88
0 72 480 234 88
0 73 480 234 88
0 75 600 590 88
0 73 120 116 88
0 72 120 116 88
0 73 120 116 88
0 75 240 234 88
0 72 240 234 88
0 77 240 234 88
0 74 240 234 88
0 70 120 116 88
0 68 120 116 88
0 70 120 116 88
0 72 120 116 88
0 73 240 234 88
0 70 240 234 88
0 75 240 234 88
0 72 240 234 88
0 68 240 234 88
0 73 240 234 88
0 72 240 234 88
0 64 240 234 88
0 65 720 708 88
0 64 120 116 88
0 62 120 116 88
0 64 240 234 88
0 72 240 234 88
0 73 240 234 88
0 72 480 470 88
0 71 240 234 88
0 72 960 714 88
0 76 480 234 88
0 77 480 234 88
0 79 1680 1674 88
0 77 120 116 88
0 76 120 116 88
0 77 2640 2634 88
0 79 120 116 88
0 77 120 116 88
0 75 2640 2634 88
0 73 120 116 88
0 72 120 116 88
0 73 240 234 88
0 77 240 234 88
0 70 240 234 88
0 73 480 474 88
0 72 120 116 88
0 73 120 116 88
0 75 240 234 88
0 72 240 234 88
0 69 240 234 88
0 72 480 474 88
0 70 480 234 88
0 78 360 353 88
0 77 120 116 88
0 75 120 116 88
0 73 120 116 88
0 72 120 116 88
0 73 120 116 88
0 75 480 234 88
0 82 240 234 88
0 84 240 234 88
0 75 480 474 88
0 73 240 234 88
0 78 480 234 88
0 77 480 234 88
0 82 480 234 88
0 81 960 945 88
0 82 2880 234 88
0 73 480 470 88
0 75 720 470 88
0 77 240 234 88
0 78 240 234 88
0 72 240 234 88
0 73 720 470 88
0 75 240 234 88
0 77 120 116 88
0 73 120 116 88
0 75 120 116 88
0 77 120 116 88
0 78 120 116 88
0 75 120 116 88
0 77 120 116 88
0 78 120 116 88
0 80 120 116 88
0 77 120 116 88
0 78 120 116 88
0 80 120 116 88
0 82 120 116 88
0 78 120 116 88
0 80 480 234 88
0 82 240 234 88
0 75 240 234 88
0 77 120 116 88
0 78 120 116 88
0 77 480 234 88
0 78 480 234 88
0 80 720 234 88
0 78 240 234 88
0 77 240 234 88
0 76 480 470 88
0 75 120 116 88
0 73 120 116 88
0 75 240 234 88
0 77 120 116 88
0 78 120 116 88
0 77 240 234 88
0 79 120 116 88
0 80 120 116 88
0 79 480 470 88
0 80 1680 234 88
0 77 240 234 88
0 76 240 234 88
0 75 480 470 88
0 73 120 116 88
0 72 120 116 88
0 73 240 234 88
0 82 240 234 88
0 81 240 234 88
0 80 240 234 88
0 78 120 116 88
0 75 120 116 88
0 77 240 234 88
0 78 240 234 88
0 72 240 234 88
0 73 240 234 88
0 74 240 234 88
0 75 240 234 88
0 72 240 234 88
0 73 480 234 88
0 69 480 234 88
0 70 480 234 88
0 75 240 234 88
0 73 360 353 88
0 72 120 116 88
0 73 120 116 88
0 75 120 116 88
0 69 480 470 88
0 70 8640 470 88
0 73 480 470 88
0 72 720 470 88
0 70 240 234 88
0 69 240 234 88
0 75 240 234 88
0 73 720 470 88
0 71 240 234 88
0 70 120 116 88
0 73 120 116 88
0 71 120 116 88
0 70 120 116 88
0 68 120 116 88
0 71 120 116 88
0 70 120 116 88
0 68 120 116 88
0 66 120 116 88
0 70 120 116 88
0 68 120 116 88
0 66 120 116 88
0 65 120 116 88
0 68 120 116 88
0 66 480 234 88
0 65 240 234 88
0 71 240 234 88
0 70 120 116 88
0 68 120 116 88
0 70 240 234 88
0 75 480 470 88
0 73 120 116 88
0 71 120 116 88
0 73 240 234 88
0 78 480 474 88
0 76 120 116 88
0 75 120 116 88
0 73 120 116 88
0 71 120 116 88
0 70 120 116 88
0 68 120 116 88
0 70 720 714 88
0 68 480 470 88
0 67 240 234 88
0 68 720 714 88
0 80 240 234 88
0 79 240 234 88
0 78 240 234 88
0 77 240 234 88
0 76 240 234 88
0 75 1680 1674 88
0 73 120 116 88
0 71 120 116 88
0 73 120 116 88
0 76 120 116 88
0 75 120 116 88
0 73 120 116 88
0 71 120 116 88
0 70 120 116 88
0 68 120 116 88
0 67 120 116 88
0 68 1560 1556 88
0 70 120 116 88
0 68 120 116 88
0 66 120 116 88
0 68 120 116 88
0 70 120 116 88
0 71 480 470 88
0 70 120 116 88
0 68 120 116 88
0 70 1560 1556 88
0 72 120 116 88
0 70 120 116 88
0 69 120 116 88
0 70 120 116 88
0 72 120 116 88
0 73 480 470 88
0 72 120 116 88
0 70 120 116 88
0 72 120 116 88
0 73 120 116 88
0 72 120 116 88
0 70 120 116 88
0 72 120 116 88
0 73 120 116 88
0 75 480 470 88
0 73 120 116 88
0 72 120 116 88
0 73 480 234 88
0 78 480 470 88
0 77 720 470 88
0 75 240 234 88
0 74 240 234 88
0 80 240 234 88
0 78 720 470 88
0 77 240 234 88
0 75 120 116 88
0 78 120 116 88
0 77 120 116 88
0 75 120 116 88
0 73 120 116 88
0 77 120 116 88
0 75 120 116 88
0 73 120 116 88
0 72 120 116 88
0 75 120 116 88
0 73 120 116 88
0 72 120 116 88
0 70 120 116 88
0 73 120 116 88
0 72 480 234 88
0 70 240 234 88
0 77 240 234 88
0 75 120 116 88
0 73 120 116 88
0 75 720 708 88
0 73 120 116 88
0 72 120 116 88
0 73 120 116 88
0 75 120 116 88
0 73 120 116 88
0 72 120 116 88
0 70 240 234 88
0 82 480 470 88
0 80 120 116 88
0 79 120 116 88
0 80 720 708 88
0 79 480 470 88
0 77 240 234 88
0 76 480 470 88
0 75 240 234 88
0 81 240 234 88
0 82 240 234 88
0 76 240 234 88
0 77 480 234 88
0 76 480 234 88
0 77 480 234 88
0 70 240 234 88
0 72 120 116 88
0 70 120 116 88
0 68 240 234 88
0 70 120 116 88
0 68 120 116 88
0 67 720 234 88
0 67 240 234 88
0 73 240 234 88
0 72 120 116 88
0 70 120 116 88
0 72 720 714 88
0 70 120 116 88
0 68 120 116 88
0 73 720 708 88
0 72 120 116 88
0 70 120 116 88
0 75 720 708 88
0 73 120 116 88
0 72 120 116 88
0 77 480 234 88
0 75 480 470 88
0 73 720 470 88
0 72 240 234 88
0 70 240 234 88
0 77 240 234 88
0 75 720 470 88
0 73 240 234 88
0 72 120 116 88
0 75 120 116 88
0 73 120 116 88
0 72 120 116 88
0 70 120 116 88
0 73 120 116 88
0 72 120 116 88
0 70 120 116 88
0 68 120 116 88
0 72 120 116 88
0 70 120 116 88
0 68 120 116 88
0 67 120 116 88
0 70 120 116 88
0 68 480 234 88
0 67 240 234 88
0 73 240 234 88
0 72 120 116 88
0 70 120 116 88
0 72 240 234 88
0 73 240 234 88
0 66 720 698 88
0 66 240 234 88
0 75 240 234 88
0 73 120 116 88
0 72 120 116 88
0 73 240 234 88
0 75 240 234 88
0 68 720 698 88
0 68 240 234 88
0 77 240 234 88
0 75 120 116 88
0 74 120 116 88
0 75 240 234 88
0 77 240 234 88
0 70 720 708 88
0 69 120 116 88
0 67 120 116 88
0 69 240 234 88
0 70 240 234 88
0 63 1200 1181 88
0 61 120 116 88
0 60 120 116 88
0 61 240 234 88
0 70 480 470 88
0 69 240 234 88
0 70 360 353 88
0 68 120 116 88
0 66 480 470 88
0 65 240 234 88
0 74 240 234 88
0 75 240 234 88
0 73 120 116 88
0 72 120 116 88
0 77 480 234 88
0 66 480 234 88
0 65 480 234 88
0 63 2160 234 88
0 70 240 234 88
0 75 720 714 88
0 73 120 116 88
0 72 120 116 88
0 73 1200 1194 88
0 72 120 116 88
0 70 120 116 88
0 72 960 470 88
0 70 480 470 88
0 72 720 470 88
0 73 240 234 88
0 75 240 234 88
0 69 240 234 88
0 70 720 470 88
0 72 240 234 88
0 73 120 116 88
0 70 120 116 88
0 72 120 116 88
0 73 120 116 88
0 75 120 116 88
0 72 120 116 88
0 73 120 116 88
0 75 120 116 88
0 77 120 116 88
0 73 120 116 88
0 75 120 116 88
0 77 120 116 88
0 78 120 116 88
0 75 120 116 88
0 77 480 234 88
0 78 240 234 88
0 72 240 234 88
0 73 120 116 88
0 75 120 116 88
0 73 240 234 88
0 72 240 234 88
0 70 480 458 88
0 70 30 29 88
0 69 30 29 88
0 70 30 29 88
0 69 30 29 88
0 70 30 29 88
0 69 30 29 88
0 70 30 22 88
0 69 15 15 88
0 70 15 15 88
0 69 120 116 88
0 70 120 116 88
1 58 480 470 88
1 60 720 470 88
1 61 240 234 88
1 63 240 234 88
1 57 240 234 88
1 58 720 470 88
1 60 240 234 88
1 61 120 116 88
1 58 120 116 88
1 60 120 116 88
1 61 120 116 88
1 63 120 116 88
1 60 120 116 88
1 61 120 116 88
1 63 120 116 88
1 65 120 116 88
1 61 120 116 88
1 63 120 116 88
1 65 120 116 88
1 66 120 116 88
1 63 120 116 88
1 65 480 234 88
1 66 240 234 88
1 60 240 234 88
1 61 120 116 88
1 63 120 116 88
1 61 240 234 88
1 57 240 234 88
1 58 240 234 88
1 59 240 234 88
1 60 720 470 88
1 60 240 234 88
1 61 240 234 88
1 62 240 234 88
1 63 240 234 88
1 64 240 234 88
1 65 1680 1674 88
1 64 120 116 88
1 62 120 116 88
1 64 720 470 88
1 63 480 474 88
1 62 120 116 88
1 60 120 116 88
1 62 720 470 88
1 61 480 474 88
1 60 120 116 88
1 58 120 116 88
1 60 240 234 88
1 66 240 234 88
1 65 240 234 88
1 63 480 474 88
1 62 240 234 88
1 63 240 234 88
1 64 240 234 88
1 65 720 470 88
1 65 240 234 88
1 66 240 234 88
1 67 240 234 88
1 68 240 234 88
1 69 240 234 88
1 70 1680 1674 88
1 69 120 116 88
1 67 120 116 88
1 69 720 470 88
1 68 480 474 88
1 67 120 116 88
1 65 120 116 88
1 67 720 470 88
1 66 480 474 88
1 65 120 116 88
1 63 120 116 88
1 65 720 708 88
1 58 240 234 88
1 60 240 234 88
1 61 120 116 88
1 63 120 116 88
1 61 1200 234 88
1 68 480 470 88
1 67 120 116 88
1 65 120 116 88
1 67 120 116 88
1 68 120 116 88
1 70 240 234 88
1 68 480 234 88
1 67 480 234 88
1 68 480 234 88
1 70 480 234 88
1 67 480 234 88
1 72 480 234 88
1 60 480 234 88
1 72 480 234 88
1 65 480 234 88
1 70 120 116 88
1 72 120 116 88
1 73 480 234 88
1 70 240 234 88
1 65 240 234 88
1 66 120 116 88
1 68 120 116 88
1 66 240 234 88
1 63 240 234 88
1 70 480 234 88
1 63 480 234 88
1 68 120 116 88
1 70 120 116 88
1 72 480 234 88
1 68 240 234 88
1 63 240 234 88
1 65 120 116 88
1 66 120 116 88
1 65 240 234 88
1 66 240 234 88
1 68 720 708 88
1 66 120 116 88
1 65 120 116 88
1 66 240 234 88
1 63 480 234 88
1 66 480 470 88
1 65 120 116 88
1 63 120 116 88
1 61 480 234 88
1 69 480 470 88
1 70 720 470 88
1 72 240 234 88
1 73 240 234 88
1 67 240 234 88
1 69 720 470 88
1 70 240 234 88
1 72 120 116 88
1 69 120 116 88
1 70 120 116 88
1 72 120 116 88
1 73 120 116 88
1 70 120 116 88
1 72 120 116 88
1 73 120 116 88
1 75 120 116 88
1 72 120 116 88
1 73 120 116 88
1 75 120 116 88
1 77 120 116 88
1 73 120 116 88
1 75 480 234 88
1 77 240 234 88
1 70 240 234 88
1 72 120 116 88
1 73 120 116 88
1 72 240 234 88
1 70 240 234 88
1 69 240 234 88
1 70 120 116 88
1 72 120 116 88
1 70 240 234 88
1 68 240 234 88
1 67 240 234 88
1 68 120 116 88
1 70 120 116 88
1 68 240 234 88
1 66 240 234 88
1 65 240 234 88
1 63 120 116 88
1 65 120 116 88
1 66 240 234 88
1 65 120 116 88
1 63 120 116 88
1 61 240 234 88
1 73 240 234 88
1 72 120 116 88
1 70 120 116 88
1 68 120 116 88
1 66 120 116 88
1 65 120 116 88
1 63 120 116 88
1 61 240 234 88
1 68 1440 1425 88
1 73 1440 1425 88
1 72 720 470 88
1 73 240 234 88
1 72 240 234 88
1 71 480 470 88
1 70 120 116 88
1 68 120 116 88
1 70 480 234 88
1 71 480 234 88
1 73 240 234 88
1 70 240 234 88
1 66 480 234 88
1 68 480 234 88
1 70 720 234 88
1 68 240 234 88
1 67 240 234 88
1 66 480 470 88
1 65 120 116 88
1 63 120 116 88
1 65 240 234 88
1 67 120 116 88
1 68 120 116 88
1 67 240 234 88
1 69 120 116 88
1 70 120 116 88
1 72 240 234 88
1 69 240 234 88
1 70 240 234 88
1 73 240 234 88
1 72 240 234 88
1 71 240 234 88
1 70 720 470 88
1 70 240 234 88
1 69 240 234 88
1 68 240 234 88
1 67 240 234 88
1 66 240 234 88
1 65 2880 1910 88
1 70 480 470 88
1 68 720 470 88
1 66 240 234 88
1 65 240 234 88
1 71 240 234 88
1 70 720 470 88
1 68 240 234 88
1 66 120 116 88
1 70 120 116 88
1 68 120 116 88
1 66 120 116 88
1 65 120 116 88
1 68 120 116 88
1 66 120 116 88
1 65 120 116 88
1 63 120 116 88
1 66 120 116 88
1 65 120 116 88
1 63 120 116 88
1 62 120 116 88
1 65 120 116 88
1 63 480 234 88
1 62 240 234 88
1 68 240 234 88
1 66 120 116 88
1 65 120 116 88
1 66 120 116 88
1 68 120 116 88
1 70 480 470 88
1 69 120 116 88
1 70 120 116 88
1 72 240 234 88
1 63 480 474 88
1 61 240 234 88
1 70 720 708 88
1 68 360 356 88
1 65 120 116 88
1 70 240 234 88
1 69 240 234 88
1 68 240 234 88
1 67 720 470 88
1 66 240 234 88
1 65 240 234 88
1 64 240 234 88
1 63 240 234 88
1 62 240 234 88
1 61 1200 1181 88
1 59 480 474 88
1 58 120 116 88
1 56 120 116 88
1 54 120 116 88
1 58 120 116 88
1 56 120 116 88
1 54 120 116 88
1 53 120 116 88
1 56 120 116 88
1 55 120 116 88
1 53 120 116 88
1 55 480 470 88
1 56 480 470 88
1 58 480 470 88
1 59 480 470 88
1 58 720 708 88
1 64 240 234 88
1 63 1680 1417 88
1 74 240 234 88
1 75 120 116 88
1 70 120 116 88
1 75 360 353 88
1 73 120 116 88
1 71 120 116 88
1 70 120 116 88
1 71 480 234 88
1 73 480 234 88
1 71 480 234 88
1 70 960 234 88
1 64 720 714 88
1 63 120 116 88
1 61 120 116 88
1 63 120 116 88
1 65 120 116 88
1 66 480 470 88
1 65 120 116 88
1 63 120 116 88
1 65 1560 1556 88
1 66 120 116 88
1 65 120 116 88
1 63 120 116 88
1 65 120 116 88
1 66 120 116 88
1 68 480 470 88
1 66 120 116 88
1 65 120 116 88
1 66 1920 1910 88
1 65 720 708 88
1 69 240 234 88
1 70 120 116 88
1 72 120 116 88
1 73 480 470 88
1 72 240 234 88
1 73 240 234 88
1 65 240 234 88
1 63 240 234 88
1 72 240 234 88
1 70 240 234 88
1 74 240 234 88
1 75 240 234 88
1 72 360 356 88
1 69 120 116 88
1 70 480 470 88
1 69 240 234 88
1 70 4800 234 88
1 72 480 470 88
1 70 720 470 88
1 68 240 234 88
1 67 240 234 88
1 73 240 234 88
1 72 720 470 88
1 70 240 234 88
1 68 120 116 88
1 72 120 116 88
1 70 120 116 88
1 68 120 116 88
1 67 120 116 88
1 70 120 116 88
1 68 120 116 88
1 67 120 116 88
1 65 120 116 88
1 68 120 116 88
1 67 120 116 88
1 65 120 116 88
1 64 120 116 88
1 67 120 116 88
1 65 480 234 88
1 64 240 234 88
1 70 240 234 88
1 68 120 116 88
1 67 120 116 88
1 68 120 116 88
1 65 120 116 88
1 67 480 234 88
1 67 480 470 88
1 65 120 116 88
1 64 120 116 88
1 68 720 708 88
1 67 120 116 88
1 65 120 116 88
1 70 720 714 88
1 68 120 116 88
1 67 120 116 88
1 72 720 708 88
1 70 120 116 88
1 68 120 116 88
1 67 240 234 88
1 68 240 234 88
1 70 240 234 88
1 58 240 234 88
1 60 240 234 88
1 68 480 474 88
1 67 240 234 88
1 68 480 234 88
1 70 480 234 88
1 63 240 234 88
1 68 240 234 88
1 67 240 234 88
1 66 240 234 88
1 65 240 234 88
1 64 240 234 88
1 63 9120 234 88
1 66 480 470 88
1 65 720 470 88
1 63 240 234 88
1 62 240 234 88
1 68 240 234 88
1 66 720 470 88
1 65 240 234 88
1 63 120 116 88
1 66 120 116 88
1 65 120 116 88
1 63 120 116 88
1 61 120 116 88
1 65 120 116 88
1 63 120 116 88
1 61 120 116 88
1 60 120 116 88
1 63 120 116 88
1 61 120 116 88
1 60 120 116 88
1 58 120 116 88
1 61 120 116 88
1 60 480 234 88
1 58 240 234 88
1 65 240 234 88
1 63 120 116 88
1 62 120 116 88
1 63 720 470 88
1 63 240 234 88
1 72 720 708 88
1 70 120 116 88
1 69 120 116 88
1 70 1200 1188 88
1 69 120 116 88
1 67 120 116 88
1 69 480 470 88
1 61 480 470 88
1 63 720 470 88
1 65 240 234 88
1 66 240 234 88
1 60 240 234 88
1 62 720 470 88
1 69 240 234 88
1 70 120 116 88
1 67 120 116 88
1 69 120 116 88
1 70 120 116 88
1 72 120 116 88
1 69 120 116 88
1 70 120 116 88
1 72 120 116 88
1 73 120 116 88
1 70 120 116 88
1 72 120 116 88
1 73 120 116 88
1 75 120 116 88
1 72 120 116 88
1 73 480 234 88
1 75 240 234 88
1 69 240 234 88
1 70 120 116 88
1 72 120 116 88
1 70 240 234 88
1 66 240 234 88
1 65 960 945 88
2 0 23040 0 0
2 53 480 470 88
2 55 720 470 88
2 56 240 234 88
2 58 240 234 88
2 52 240 234 88
2 53 720 470 88
2 55 240 234 88
2 56 120 116 88
2 53 120 116 88
2 55 120 116 88
2 56 120 116 88
2 58 120 116 88
2 55 120 116 88
2 56 120 116 88
2 58 120 116 88
2 60 120 116 88
2 56 120 116 88
2 58 120 116 88
2 60 120 116 88
2 61 120 116 88
2 58 120 116 88
2 60 480 234 88
2 61 240 234 88
2 55 240 234 88
2 56 120 116 88
2 58 120 116 88
2 56 720 234 88
2 65 240 234 88
2 60 240 234 88
2 61 120 116 88
2 63 120 116 88
2 61 240 234 88
2 53 240 234 88
2 58 480 234 88
2 59 480 234 88
2 58 720 234 88
2 63 240 234 88
2 58 240 234 88
2 60 120 116 88
2 61 120 116 88
2 60 240 234 88
2 51 240 234 88
2 56 480 234 88
2 48 480 234 88
2 49 240 234 88
2 51 240 234 88
2 53 240 234 88
2 49 240 234 88
2 54 240 234 88
2 58 240 234 88
2 51 240 234 88
2 54 240 234 88
2 48 240 234 88
2 51 240 234 88
2 53 240 234 88
2 57 240 234 88
2 58 480 470 88
2 60 720 470 88
2 61 240 234 88
2 63 240 234 88
2 57 240 234 88
2 58 720 470 88
2 60 240 234 88
2 61 120 116 88
2 58 120 116 88
2 60 120 116 88
2 61 120 116 88
2 63 120 116 88
2 60 120 116 88
2 61 120 116 88
2 63 120 116 88
2 65 120 116 88
2 61 120 116 88
2 63 120 116 88
2 65 120 116 88
2 66 120 116 88
2 63 120 116 88
2 65 480 234 88
2 66 240 234 88
2 60 240 234 88
2 61 120 116 88
2 63 120 116 88
2 61 240 234 88
2 58 240 234 88
2 63 240 234 88
2 65 120 116 88
2 66 120 116 88
2 65 240 234 88
2 63 240 234 88
2 62 240 234 88
2 63 120 116 88
2 65 120 116 88
2 63 240 234 88
2 61 240 234 88
2 60 240 234 88
2 61 120 116 88
2 63 120 116 88
2 61 240 234 88
2 60 120 116 88
2 58 120 116 88
2 56 2040 2023 88
2 54 120 116 88
2 53 120 116 88
2 51 120 116 88
2 49 240 234 88
2 61 240 234 88
2 60 480 234 88
2 56 480 234 88
2 63 480 234 88
2 65 240 234 88
2 63 120 116 88
2 61 120 116 88
2 68 3600 950 88
2 63 240 234 88
2 62 240 234 88
2 61 480 470 88
2 60 120 116 88
2 58 120 116 88
2 60 240 234 88
2 58 120 116 88
2 56 120 116 88
2 61 240 234 88
2 60 120 116 88
2 58 120 116 88
2 63 240 234 88
2 61 120 116 88
2 60 120 116 88
2 61 1440 234 88
2 65 480 470 88
2 63 720 470 88
2 61 240 234 88
2 60 240 234 88
2 66 240 234 88
2 65 720 470 88
2 63 240 234 88
2 61 120 116 88
2 65 120 116 88
2 63 120 116 88
2 61 120 116 88
2 60 120 116 88
2 63 120 116 88
2 61 120 116 88
2 60 120 116 88
2 58 120 116 88
2 61 120 116 88
2 60 120 116 88
2 58 120 116 88
2 57 120 116 88
2 60 120 116 88
2 58 480 234 88
2 57 240 234 88
2 63 240 234 88
2 61 120 116 88
2 60 120 116 88
2 61 240 234 88
2 66 240 234 88
2 65 240 234 88
2 64 240 234 88
2 63 720 470 88
2 63 240 234 88
2 62 240 234 88
2 61 240 234 88
2 60 240 234 88
2 59 240 234 88
2 58 1680 1658 88
2 58 240 234 88
2 56 120 116 88
2 58 120 116 88
2 59 240 234 88
2 53 240 234 88
2 62 240 234 88
2 63 240 234 88
2 65 240 234 88
2 66 240 234 88
2 60 120 116 88
2 61 120 116 88
2 63 240 234 88
2 57 240 234 88
2 58 120 116 88
2 60 120 116 88
2 61 480 470 88
2 60 120 116 88
2 61 120 116 88
2 63 240 234 88
2 54 240 234 88
2 53 240 234 88
2 55 480 470 88
2 53 480 470 88
2 52 240 234 88
2 53 240 234 88
2 57 240 234 88
2 58 240 234 88
2 56 120 116 88
2 55 120 116 88
2 56 240 234 88
2 54 120 116 88
2 53 120 116 88
2 54 480 234 88
2 53 480 234 88
2 51 480 234 88
2 49 1680 1674 88
2 47 120 116 88
2 46 120 116 88
2 47 240 234 88
2 52 480 470 88
2 51 120 116 88
2 49 120 116 88
2 51 240 234 88
2 56 480 470 88
2 55 120 116 88
2 53 120 116 88
2 55 240 234 88
2 56 120 116 88
2 58 120 116 88
2 59 480 470 88
2 58 480 470 88
2 56 240 234 88
2 58 120 116 88
2 59 120 116 88
2 61 720 234 88
2 63 240 234 88
2 65 240 234 88
2 67 240 234 88
2 68 480 234 88
2 67 480 234 88
2 68 480 234 88
2 63 8640 234 88
2 65 480 470 88
2 63 720 470 88
2 61 240 234 88
2 60 240 234 88
2 66 240 234 88
2 65 720 470 88
2 63 240 234 88
2 61 120 116 88
2 65 120 116 88
2 63 120 116 88
2 61 120 116 88
2 60 120 116 88
2 63 120 116 88
2 61 120 116 88
2 60 120 116 88
2 58 120 116 88
2 61 120 116 88
2 60 120 116 88
2 58 120 116 88
2 57 120 116 88
2 60 120 116 88
2 58 480 234 88
2 57 240 234 88
2 63 240 234 88
2 61 120 116 88
2 60 120 116 88
2 61 720 708 88
2 60 120 116 88
2 58 120 116 88
2 60 240 234 88
2 65 480 474 88
2 64 240 234 88
2 65 240 234 88
2 56 240 234 88
2 55 120 116 88
2 56 120 116 88
2 58 240 234 88
2 56 120 116 88
2 58 120 116 88
2 56 120 116 88
2 55 120 116 88
2 53 120 116 88
2 52 120 116 88
2 53 120 116 88
2 55 120 116 88
2 56 120 116 88
2 55 120 116 88
2 56 120 116 88
2 58 120 116 88
2 60 720 234 88
2 54 240 234 88
2 53 240 234 88
2 55 240 234 88
2 56 120 116 88
2 58 120 116 88
2 60 1440 234 88
2 60 240 234 88
2 61 240 234 88
2 58 240 234 88
2 52 240 234 88
2 53 480 474 88
2 61 240 234 88
2 52 720 708 88
2 50 120 116 88
2 48 120 116 88
2 53 720 708 88
2 51 120 116 88
2 49 120 116 88
2 55 720 714 88
2 53 120 116 88
2 51 120 116 88
2 56 720 708 88
2 55 120 116 88
2 53 120 116 88
2 58 240 234 88
2 60 240 234 88
2 55 480 470 88
2 56 720 470 88
2 58 240 234 88
2 60 240 234 88
2 53 240 234 88
2 55 720 470 88
2 56 240 234 88
2 58 120 116 88
2 55 120 116 88
2 56 120 116 88
2 58 120 116 88
2 60 120 116 88
2 56 120 116 88
2 58 120 116 88
2 60 120 116 88
2 61 120 116 88
2 58 120 116 88
2 60 120 116 88
2 61 120 116 88
2 63 120 116 88
2 60 120 116 88
2 61 480 234 88
2 63 240 234 88
2 56 240 234 88
2 58 120 116 88
2 60 120 116 88
2 58 240 234 88
2 60 120 116 88
2 61 120 116 88
2 63 720 714 88
2 66 480 470 88
2 65 120 116 88
2 63 120 116 88
2 65 240 234 88
2 68 240 234 88
2 62 720 234 88
2 58 240 234 88
2 68 240 234 88
2 66 120 116 88
2 65 120 116 88
2 66 120 116 88
2 65 120 116 88
2 66 240 234 88
2 60 720 708 88
2 58 480 474 88
2 57 120 116 88
2 55 120 116 88
2 57 240 234 88
2 60 240 234 88
2 53 720 714 88
2 51 120 116 88
2 49 120 116 88
2 51 240 234 88
2 63 480 470 88
2 61 480 474 88
2 60 480 470 88
2 59 240 234 88
2 58 240 234 88
2 57 240 234 88
2 58 1680 1674 88
2 57 240 234 88
2 58 480 470 88
2 56 960 950 88
2 55 480 470 88
2 54 480 470 88
2 53 1080 1063 88
2 54 120 116 88
2 53 120 116 88
2 52 120 116 88
2 53 720 708 88
2 60 240 234 88
2 65 960 470 88
2 54 480 470 88
2 53 720 470 88
2 51 240 234 88
2 50 240 234 88
2 56 240 234 88
2 54 720 470 88
2 53 240 234 88
2 51 120 116 88
2 54 120 116 88
2 53 120 116 88
2 51 120 116 88
2 49 120 116 88
2 53 120 116 88
2 51 120 116 88
2 49 120 116 88
2 48 120 116 88
2 51 120 116 88
2 49 120 116 88
2 48 120 116 88
2 46 120 116 88
2 49 120 116 88
2 48 480 234 88
2 53 240 234 88
2 65 240 234 88
2 63 240 234 88
2 61 480 470 88
2 60 480 470 88
3 0 14400 0 0
3 46 480 470 88
3 48 720 470 88
3 49 240 234 88
3 51 240 234 88
3 45 240 234 88
3 46 720 470 88
3 48 240 234 88
3 49 120 116 88
3 46 120 116 88
3 48 120 116 88
3 49 120 116 88
3 51 120 116 88
3 48 120 116 88
3 49 120 116 88
3 51 120 116 88
3 53 120 116 88
3 49 120 116 88
3 51 120 116 88
3 53 120 116 88
3 54 120 116 88
3 51 120 116 88
3 53 480 234 88
3 54 240 234 88
3 48 240 234 88
3 50 120 116 88
3 51 120 116 88
3 50 240 234 88
3 58 480 234 88
3 51 240 234 88
3 46 240 234 88
3 48 120 116 88
3 49 120 116 88
3 48 240 234 88
3 44 240 234 88
3 49 240 234 88
3 48 120 116 88
3 46 120 116 88
3 44 240 234 88
3 43 240 234 88
3 44 240 234 88
3 45 240 234 88
3 46 240 234 88
3 47 240 234 88
3 48 720 470 88
3 48 240 234 88
3 49 240 234 88
3 50 240 234 88
3 51 240 234 88
3 52 240 234 88
3 53 1680 1674 88
3 52 120 116 88
3 50 120 116 88
3 52 960 945 88
3 53 120 116 88
3 52 120 116 88
3 53 120 116 88
3 55 120 116 88
3 56 480 234 88
3 57 480 234 88
3 58 240 234 88
3 46 120 116 88
3 48 120 116 88
3 49 480 234 88
3 50 480 234 88
3 51 120 116 88
3 50 120 116 88
3 51 120 116 88
3 53 120 116 88
3 54 480 234 88
3 55 480 234 88
3 56 240 234 88
3 44 120 116 88
3 46 120 116 88
3 48 480 234 88
3 44 480 234 88
3 37 12000 234 88
3 48 480 470 88
3 49 720 470 88
3 51 240 234 88
3 53 240 234 88
3 46 240 234 88
3 48 720 470 88
3 49 240 234 88
3 51 120 116 88
3 48 120 116 88
3 49 120 116 88
3 51 120 116 88
3 53 120 116 88
3 49 120 116 88
3 51 120 116 88
3 53 120 116 88
3 54 120 116 88
3 51 120 116 88
3 53 120 116 88
3 54 120 116 88
3 56 120 116 88
3 53 120 116 88
3 54 480 234 88
3 56 240 234 88
3 49 240 234 88
3 51 120 116 88
3 53 120 116 88
3 51 240 234 88
3 53 120 116 88
3 54 120 116 88
3 53 240 234 88
3 49 240 234 88
3 54 240 234 88
3 56 120 116 88
3 58 120 116 88
3 56 240 234 88
3 58 120 116 88
3 59 120 116 88
3 58 240 234 88
3 54 240 234 88
3 59 480 234 88
3 59 480 234 88
3 58 240 234 88
3 51 240 234 88
3 56 240 234 88
3 53 240 234 88
3 46 240 234 88
3 51 240 234 88
3 48 240 234 88
3 44 240 234 88
3 49 240 234 88
3 61 480 470 88
3 60 120 116 88
3 58 120 116 88
3 57 240 234 88
3 53 240 234 88
3 58 1200 1178 88
3 58 240 234 88
3 51 120 116 88
3 49 120 116 88
3 51 240 234 88
3 53 240 234 88
3 41 240 234 88
3 43 240 234 88
3 45 240 234 88
3 46 480 234 88
3 51 480 234 88
3 49 480 234 88
3 48 240 234 88
3 49 120 116 88
3 51 120 116 88
3 53 480 470 88
3 41 480 470 88
3 46 720 470 88
3 46 240 234 88
3 47 240 234 88
3 48 240 234 88
3 50 120 116 88
3 53 120 116 88
3 56 480 470 88
3 55 240 234 88
3 56 240 234 88
3 50 240 234 88
3 51 480 234 88
3 53 480 234 88
3 54 480 234 88
3 56 240 234 88
3 54 240 234 88
3 53 120 116 88
3 54 120 116 88
3 56 240 234 88
3 50 240 234 88
3 46 240 234 88
3 51 240 234 88
3 49 240 234 88
3 48 120 116 88
3 49 120 116 88
3 51 240 234 88
3 45 120 116 88
3 48 120 116 88
3 53 120 116 88
3 51 120 116 88
3 49 120 116 88
3 53 120 116 88
3 58 120 116 88
3 56 120 116 88
3 54 120 116 88
3 53 120 116 88
3 51 120 116 88
3 49 120 116 88
3 48 120 116 88
3 49 120 116 88
3 51 120 116 88
3 48 120 116 88
3 49 240 234 88
3 46 240 234 88
3 48 960 945 88
3 41 7200 234 88
3 51 480 470 88
3 49 720 470 88
3 47 240 234 88
3 46 240 234 88
3 52 240 234 88
3 51 720 470 88
3 49 240 234 88
3 47 120 116 88
3 51 120 116 88
3 49 120 116 88
3 47 120 116 88
3 46 120 116 88
3 49 120 116 88
3 47 120 116 88
3 46 120 116 88
3 44 120 116 88
3 47 120 116 88
3 46 120 116 88
3 44 120 116 88
3 43 120 116 88
3 46 120 116 88
3 44 480 234 88
3 43 240 234 88
3 49 240 234 88
3 47 120 116 88
3 46 120 116 88
3 47 240 234 88
3 59 120 116 88
3 58 120 116 88
3 59 240 234 88
3 63 240 234 88
3 60 240 234 88
3 56 240 234 88
3 61 240 234 88
3 56 240 234 88
3 53 240 234 88
3 49 240 234 88
3 53 240 234 88
3 56 240 234 88
3 50 240 234 88
3 62 120 116 88
3 60 120 116 88
3 62 240 234 88
3 65 240 234 88
3 62 240 234 88
3 58 240 234 88
3 63 240 234 88
3 51 240 234 88
3 54 240 234 88
3 58 240 234 88
3 51 240 234 88
3 54 240 234 88
3 45 240 234 88
3 57 360 353 88
3 58 120 116 88
3 57 120 116 88
3 55 120 116 88
3 57 240 234 88
3 53 240 234 88
3 58 600 590 88
3 60 120 116 88
3 58 120 116 88
3 57 120 116 88
3 58 600 596 88
3 60 120 116 88
3 58 120 116 88
3 57 120 116 88
3 58 600 590 88
3 60 120 116 88
3 58 120 116 88
3 57 120 116 88
3 58 720 470 88
3 53 240 234 88
3 54 720 714 88
3 53 120 116 88
3 51 120 116 88
3 53 1200 1178 88
3 53 240 234 88
3 54 240 234 88
3 55 240 234 88
3 56 240 234 88
3 57 240 234 88
3 58 240 234 88
3 46 120 116 88
3 48 120 116 88
3 49 240 234 88
3 50 240 234 88
3 51 240 234 88
3 52 240 234 88
3 53 240 234 88
3 51 240 234 88
3 49 480 470 88
3 48 720 470 88
3 46 240 234 88
3 45 240 234 88
3 51 240 234 88
3 49 720 470 88
3 48 240 234 88
3 46 120 116 88
3 49 120 116 88
3 48 120 116 88
3 46 120 116 88
3 44 120 116 88
3 48 120 116 88
3 46 120 116 88
3 44 120 116 88
3 43 120 116 88
3 46 120 116 88
3 44 120 116 88
3 43 120 116 88
3 41 120 116 88
3 44 120 116 88
3 43 480 234 88
3 41 240 234 88
3 48 240 234 88
3 46 120 116 88
3 44 120 116 88
3 46 240 234 88
3 43 240 234 88
3 44 720 714 88
3 43 120 116 88
3 41 120 116 88
3 46 720 708 88
3 44 120 116 88
3 43 120 116 88
3 48 720 708 88
3 46 120 116 88
3 44 120 116 88
3 49 720 714 88
3 48 240 234 88
3 46 240 234 88
3 51 480 470 88
3 50 240 234 88
3 51 240 234 88
3 49 240 234 88
3 48 120 116 88
3 51 120 116 88
3 49 120 116 88
3 48 120 116 88
3 46 120 116 88
3 49 120 116 88
3 48 120 116 88
3 46 120 116 88
3 44 960 234 88
3 56 720 698 88
3 56 240 234 88
3 55 120 116 88
3 56 120 116 88
3 58 240 234 88
3 51 240 234 88
3 54 480 474 88
3 53 480 470 88
3 51 240 234 88
3 46 240 234 88
3 48 120 116 88
3 49 120 116 88
3 48 240 234 88
3 44 240 234 88
3 46 240 234 88
3 48 240 234 88
3 49 240 234 88
3 47 240 234 88
3 46 240 234 88
3 44 120 116 88
3 42 120 116 88
3 44 240 234 88
3 46 240 234 88
3 48 240 234 88
3 50 240 234 88
3 51 120 116 88
3 50 120 116 88
3 51 120 116 88
3 53 120 116 88
3 54 240 234 88
3 53 240 234 88
3 51 240 234 88
3 49 240 234 88
3 48 240 234 88
3 49 240 234 88
3 48 240 234 88
3 46 240 234 88
3 45 240 234 88
3 41 240 234 88
3 46 480 470 88
3 48 720 470 88
3 49 240 234 88
3 51 240 234 88
3 45 240 234 88
3 46 720 470 88
3 48 240 234 88
3 49 120 116 88
3 46 120 116 88
3 48 120 116 88
3 49 120 116 88
3 51 120 116 88
3 48 120 116 88
3 49 120 116 88
3 51 120 116 88
3 53 120 116 88
3 49 120 116 88
3 51 120 116 88
3 53 120 116 88
3 54 120 116 88
3 51 120 116 88
3 53 480 234 88
3 54 240 234 88
3 48 240 234 88
3 50 120 116 88
3 51 120 116 88
3 50 240 234 88
3 46 240 234 88
3 51 240 234 88
3 49 240 234 88
3 48 240 234 88
3 46 240 234 88
3 45 240 234 88
3 41 240 234 88
3 46 240 234 88
3 48 240 234 88
3 49 240 234 88
3 46 240 234 88
3 53 240 234 88
3 41 240 234 88
3 53 600 590 88
3 54 120 116 88
3 51 120 116 88
3 53 120 116 88
3 54 120 116 88
3 56 120 116 88
3 54 120 116 88
3 53 120 116 88
3 51 480 470 88
3 49 720 470 88
3 48 240 234 88
3 46 240 234 88
3 53 240 234 88
3 51 720 470 88
3 49 240 234 88
3 48 120 116 88
3 51 120 116 88
3 49 120 116 88
3 48 120 116 88
3 46 120 116 88
3 49 120 116 88
3 48 120 116 88
3 46 120 116 88
3 45 120 116 88
3 48 120 116 88
3 46 120 116 88
3 45 120 116 88
3 43 120 116 88
3 46 120 116 88
3 45 480 234 88
3 41 240 234 88
3 46 240 234 88
3 51 240 234 88
3 53 480 470 88
3 41 480 470 88
