0 0 6000 0 0
0 74 360 234 88
0 70 120 116 88
0 75 240 234 88
0 72 360 234 88
0 69 120 116 88
0 74 240 234 88
0 70 360 234 88
0 67 120 116 88
0 72 120 102 88
0 72 120 102 88
0 72 120 102 88
0 72 120 102 88
0 72 120 102 88
0 72 120 116 88
0 72 120 116 88
0 70 60 58 88
0 69 60 58 88
0 70 60 58 88
0 67 60 58 88
0 70 60 58 88
0 72 60 58 88
0 74 60 58 88
0 73 60 58 88
0 74 120 116 88
0 74 120 116 88
0 67 180 116 88
0 67 60 58 88
0 69 60 58 88
0 70 60 58 88
0 72 60 58 88
0 70 60 58 88
0 72 120 116 88
0 72 120 116 88
0 65 180 116 88
0 65 60 58 88
0 67 60 58 88
0 69 60 58 88
0 70 60 58 88
0 69 60 58 88
0 70 180 178 88
0 69 60 58 88
0 70 60 58 88
0 69 60 58 88
0 67 60 58 88
0 65 60 58 88
0 67 60 58 88
0 65 60 58 88
0 64 60 58 88
0 62 60 58 88
0 64 60 58 88
0 62 60 58 88
0 61 120 116 88
0 69 120 116 88
0 62 120 116 88
0 72 120 116 88
0 71 60 58 88
0 74 60 58 88
0 77 120 116 88
0 75 660 234 88
0 81 60 58 88
0 82 180 175 88
0 81 60 58 88
0 79 60 58 88
0 78 60 58 88
0 79 60 58 88
0 78 60 58 88
0 79 480 474 88
0 78 180 175 88
0 81 60 58 88
0 74 180 175 88
0 72 60 58 88
0 70 480 470 88
0 69 300 282 88
0 69 60 58 88
0 70 60 58 88
0 69 60 58 88
0 67 180 175 88
0 66 60 58 88
0 67 420 415 88
0 70 60 58 88
0 69 180 175 88
0 72 60 58 88
0 66 180 175 88
0 69 60 58 88
0 62 180 175 88
0 66 60 58 88
0 67 420 116 88
0 70 120 102 88
0 70 60 58 88
0 69 60 58 88
0 67 60 58 88
0 69 60 42 88
0 69 60 58 88
0 71 60 58 88
0 72 60 58 88
0 74 60 58 88
0 72 60 58 88
0 74 120 116 88
0 74 120 116 88
0 72 60 58 88
0 71 60 58 88
0 72 420 234 88
0 72 120 102 88
0 72 60 58 88
0 70 60 58 88
0 69 60 58 88
0 70 60 58 88
0 74 60 58 88
0 76 60 58 88
0 77 60 58 88
0 79 60 58 88
0 77 60 58 88
0 79 240 236 88
0 77 60 58 88
0 76 60 58 88
0 77 60 58 88
0 74 60 58 88
0 77 60 58 88
0 79 60 58 88
0 81 60 58 88
0 79 60 58 88
0 81 120 116 88
0 81 120 116 88
0 74 180 116 88
0 74 60 58 88
0 76 60 58 88
0 77 60 58 88
0 79 60 58 88
0 77 60 58 88
0 79 120 116 88
0 79 120 116 88
0 72 180 116 88
0 72 60 58 88
0 74 60 58 88
0 76 60 58 88
0 77 60 58 88
0 76 60 58 88
0 77 300 282 88
0 77 60 58 88
0 76 60 58 88
0 74 60 58 88
0 76 60 58 88
0 74 60 58 88
0 73 60 58 88
0 74 60 58 88
0 76 240 236 88
0 74 120 116 88
0 77 360 234 88
0 74 120 116 88
0 79 240 234 88
0 75 360 234 88
0 72 120 116 88
0 77 240 234 88
0 74 360 234 88
0 70 120 116 88
0 75 120 102 88
0 75 120 102 88
0 75 120 102 88
0 75 120 102 88
0 75 120 102 88
0 75 120 116 88
0 75 120 116 88
0 74 60 58 88
0 75 60 58 88
0 77 60 58 88
0 70 60 58 88
0 77 60 58 88
0 79 60 58 88
0 81 60 58 88
0 79 60 58 88
0 81 120 116 88
0 81 120 116 88
0 74 180 116 88
0 74 60 58 88
0 76 60 58 88
0 77 60 58 88
0 79 60 58 88
0 77 60 58 88
0 79 120 116 88
0 79 120 116 88
0 72 180 116 88
0 72 60 58 88
0 74 60 58 88
0 76 60 58 88
0 77 60 58 88
0 76 60 58 88
0 77 180 178 88
0 74 60 58 88
0 76 60 58 88
0 77 60 58 88
0 79 60 58 88
0 81 60 58 88
0 82 60 58 88
0 79 60 58 88
0 77 60 58 88
0 76 60 58 88
0 74 60 58 88
0 72 60 58 88
0 77 120 116 88
0 72 120 116 88
0 77 120 116 88
0 75 60 58 88
0 74 60 58 88
0 75 120 116 88
0 72 120 116 88
0 74 120 116 88
0 67 120 116 88
0 79 120 116 88
0 77 60 58 88
0 75 60 58 88
0 77 120 116 88
0 74 120 116 88
0 75 120 116 88
0 72 120 116 88
0 80 120 116 88
0 79 60 58 88
0 77 60 58 88
0 79 120 116 88
0 75 120 116 88
0 77 540 531 88
0 75 60 58 88
0 74 60 58 88
0 72 60 58 88
0 71 120 116 88
0 74 180 175 88
0 67 60 58 88
0 72 180 162 88
0 72 60 58 88
0 71 120 116 88
0 72 300 234 88
0 70 60 58 88
0 69 60 58 88
0 67 60 58 88
0 69 300 298 88
0 67 60 58 88
0 69 60 58 88
0 70 60 58 88
0 67 540 538 88
0 65 60 58 88
0 67 60 58 88
0 69 60 58 88
0 65 660 655 88
0 69 60 58 88
0 67 180 175 88
0 65 60 58 88
0 70 180 175 88
0 69 60 58 88
0 67 240 234 88
0 65 1440 116 88
0 75 360 234 88
0 72 120 116 88
0 77 240 234 88
0 74 360 234 88
0 70 120 116 88
0 75 240 234 88
0 72 360 234 88
0 68 120 116 88
0 74 120 102 88
0 74 120 102 88
0 74 120 102 88
0 74 120 102 88
0 74 120 102 88
0 74 120 116 88
0 74 60 58 88
0 72 60 58 88
0 74 60 58 88
0 72 60 58 88
0 71 60 58 88
0 69 60 58 88
0 71 60 58 88
0 69 60 58 88
0 67 540 522 88
0 67 60 58 88
0 69 60 58 88
0 71 60 58 88
0 72 360 356 88
0 71 60 58 88
0 69 60 58 88
0 71 240 234 88
0 70 360 356 88
0 69 60 58 88
0 67 60 58 88
0 69 240 234 88
0 68 360 356 88
0 67 60 58 88
0 65 60 58 88
0 67 60 58 88
0 77 60 58 88
0 79 60 58 88
0 80 60 58 88
0 82 60 58 88
0 80 60 58 88
0 82 120 116 88
0 82 120 116 88
0 75 180 116 88
0 75 60 58 88
0 77 60 58 88
0 79 60 58 88
0 80 60 58 88
0 79 60 58 88
0 80 120 116 88
0 80 120 116 88
0 74 180 116 88
0 74 60 58 88
0 75 60 58 88
0 77 60 58 88
0 79 60 58 88
0 77 60 58 88
0 79 240 236 88
0 82 120 116 88
0 80 120 116 88
0 79 120 116 88
0 77 120 116 88
0 75 120 116 88
0 74 120 102 88
0 74 120 116 88
0 75 120 116 88
0 77 120 116 88
0 79 300 298 88
0 77 60 58 88
0 79 60 58 88
0 77 60 58 88
0 75 60 58 88
0 74 60 58 88
0 75 60 58 88
0 74 60 58 88
0 72 60 58 88
0 70 60 58 88
0 72 60 58 88
0 70 60 58 88
0 69 360 353 88
0 70 120 116 88
0 72 480 474 88
0 70 300 282 88
0 70 60 58 88
0 69 60 58 88
0 67 60 58 88
0 66 1680 116 88
0 74 360 234 88
0 70 120 116 88
0 75 240 234 88
0 72 360 234 88
0 69 120 116 88
0 74 240 234 88
0 70 360 234 88
0 67 120 116 88
0 72 120 102 88
0 72 120 102 88
0 72 120 102 88
0 72 120 102 88
0 72 120 102 88
0 72 120 116 88
0 72 360 234 88
0 74 120 116 88
0 70 360 234 88
0 72 120 116 88
0 70 120 116 88
0 69 120 102 88
0 69 120 116 88
0 67 120 116 88
0 67 300 234 88
0 69 60 58 88
0 70 60 58 88
0 72 60 58 88
0 74 60 58 88
0 72 60 58 88
0 74 60 58 88
0 75 60 58 88
0 69 300 234 88
0 70 60 58 88
0 72 60 58 88
0 74 60 58 88
0 75 60 58 88
0 74 60 58 88
0 75 60 58 88
0 77 60 58 88
0 71 60 58 88
0 67 60 58 88
0 69 60 58 88
0 71 60 58 88
0 72 60 58 88
0 71 60 58 88
0 72 120 102 88
0 72 120 102 88
0 72 120 116 88
0 72 360 234 88
0 78 120 116 88
0 79 300 234 88
0 82 60 58 88
0 81 60 58 88
0 79 60 58 88
0 78 60 58 88
0 76 60 58 88
0 74 60 58 88
0 72 60 58 88
0 70 60 58 88
0 69 60 58 88
0 67 60 58 88
0 66 60 58 88
0 67 1620 1556 88
0 74 120 116 88
0 72 120 116 88
0 70 120 116 88
0 69 120 116 88
0 67 60 58 88
0 66 120 116 88
0 72 60 58 88
0 74 30 29 88
0 75 30 29 88
0 74 120 116 88
0 67 240 234 88
0 66 120 116 88
1 0 3120 0 0
1 67 360 234 88
1 65 120 116 88
1 70 240 234 88
1 67 360 234 88
1 64 120 116 88
1 69 240 234 88
1 65 360 234 88
1 62 120 116 88
1 67 120 102 88
1 67 120 102 88
1 67 120 102 88
1 67 120 102 88
1 67 120 102 88
1 67 120 116 88
1 67 120 116 88
1 65 60 58 88
1 64 60 58 88
1 65 60 58 88
1 62 60 58 88
1 64 60 58 88
1 66 60 58 88
1 67 60 58 88
1 66 60 58 88
1 67 120 116 88
1 67 120 116 88
1 60 180 116 88
1 60 60 58 88
1 62 60 58 88
1 63 60 58 88
1 65 60 58 88
1 63 60 58 88
1 65 120 116 88
1 65 120 116 88
1 58 180 116 88
1 58 60 58 88
1 60 60 58 88
1 62 60 58 88
1 63 60 58 88
1 62 60 58 88
1 63 180 178 88
1 62 60 58 88
1 63 60 58 88
1 62 60 58 88
1 60 60 58 88
1 58 60 58 88
1 60 60 58 88
1 58 60 58 88
1 57 60 58 88
1 55 60 58 88
1 57 60 58 88
1 55 60 58 88
1 54 120 116 88
1 62 240 234 88
1 67 300 116 88
1 69 120 102 88
1 69 60 58 88
1 67 60 58 88
1 65 60 58 88
1 64 420 234 88
1 67 120 102 88
1 67 60 58 88
1 65 60 58 88
1 64 60 58 88
1 62 420 234 88
1 65 60 58 88
1 64 180 175 88
1 65 60 58 88
1 64 180 175 88
1 62 60 58 88
1 61 180 175 88
1 62 60 58 88
1 57 660 234 88
1 74 180 176 88
1 67 120 116 88
1 60 120 116 88
1 70 120 116 88
1 69 60 58 88
1 72 60 58 88
1 75 240 236 88
1 74 540 116 88
1 74 60 58 88
1 72 60 58 88
1 70 60 58 88
1 72 60 58 88
1 70 60 58 88
1 72 180 162 88
1 72 60 58 88
1 70 60 58 88
1 69 60 58 88
1 70 60 58 88
1 69 60 58 88
1 67 60 58 88
1 65 60 58 88
1 67 60 58 88
1 65 60 42 88
1 65 15 15 88
1 63 23 22 88
1 65 22 18 88
1 63 15 15 88
1 65 15 15 88
1 63 15 15 88
1 65 15 15 88
1 63 60 58 88
1 62 60 58 88
1 60 240 234 88
1 65 240 234 88
1 62 4320 234 88
1 69 360 234 88
1 65 120 116 88
1 70 240 234 88
1 67 360 234 88
1 64 120 116 88
1 69 240 234 88
1 65 360 234 88
1 62 120 116 88
1 67 120 102 88
1 67 120 102 88
1 67 120 102 88
1 67 120 102 88
1 67 120 102 88
1 67 120 116 88
1 67 120 116 88
1 65 180 116 88
1 69 60 58 88
1 70 60 58 88
1 72 60 58 88
1 74 60 58 88
1 72 60 58 88
1 74 120 116 88
1 74 120 116 88
1 67 180 116 88
1 67 60 58 88
1 69 60 58 88
1 70 60 58 88
1 72 60 58 88
1 70 60 58 88
1 72 120 116 88
1 72 120 116 88
1 65 180 116 88
1 65 60 58 88
1 67 60 58 88
1 69 60 58 88
1 70 60 58 88
1 69 60 58 88
1 70 300 282 88
1 70 60 58 88
1 69 60 58 88
1 67 60 58 88
1 69 60 58 88
1 67 60 58 88
1 65 900 474 88
1 72 60 58 88
1 70 60 58 88
1 72 60 58 88
1 70 60 58 88
1 69 60 58 88
1 67 420 234 88
1 70 60 58 88
1 69 60 58 88
1 70 60 58 88
1 69 60 58 88
1 67 60 58 88
1 65 420 234 88
1 69 60 58 88
1 67 720 708 88
1 65 540 234 88
1 67 60 58 88
1 68 60 58 88
1 67 60 58 88
1 65 120 116 88
1 62 420 116 88
1 69 60 58 88
1 71 60 58 88
1 69 60 58 88
1 67 120 116 88
1 63 420 116 88
1 71 60 58 88
1 72 60 58 88
1 70 60 58 88
1 68 60 58 88
1 67 60 58 88
1 68 180 175 88
1 67 60 58 88
1 68 420 402 88
1 68 60 58 88
1 67 60 58 88
1 65 60 58 88
1 63 180 162 88
1 63 60 58 88
1 62 180 175 88
1 65 120 102 88
1 65 60 58 88
1 63 60 58 88
1 62 60 58 88
1 63 360 234 88
1 60 120 116 88
1 65 240 234 88
1 62 360 234 88
1 58 120 116 88
1 63 240 234 88
1 60 360 234 88
1 57 120 116 88
1 62 120 102 88
1 62 120 102 88
1 62 120 102 88
1 62 120 102 88
1 62 120 102 88
1 62 120 116 88
1 62 120 116 88
1 60 540 116 88
1 65 60 58 88
1 63 120 116 88
1 62 540 116 88
1 67 60 58 88
1 65 120 116 88
1 63 60 58 88
1 65 60 58 88
1 67 360 234 88
1 63 120 116 88
1 68 240 234 88
1 65 360 234 88
1 62 120 116 88
1 67 240 234 88
1 63 360 234 88
1 60 120 116 88
1 65 120 102 88
1 65 120 102 88
1 65 120 102 88
1 65 120 102 88
1 65 120 102 88
1 65 120 116 88
1 65 120 102 88
1 65 120 102 88
1 65 120 102 88
1 65 180 116 88
1 65 60 58 88
1 67 60 58 88
1 65 120 118 88
1 63 60 58 88
1 65 60 58 88
1 62 60 58 88
1 63 360 353 88
1 68 120 116 88
1 65 300 234 88
1 68 60 58 88
1 67 60 58 88
1 65 60 58 88
1 64 60 58 88
1 65 60 58 88
1 64 60 58 88
1 65 60 58 88
1 64 300 234 88
1 67 60 58 88
1 65 60 58 88
1 63 60 58 88
1 62 60 58 88
1 63 60 58 88
1 62 60 58 88
1 63 60 58 88
1 62 300 234 88
1 74 60 58 88
1 75 60 58 88
1 77 60 58 88
1 79 60 58 88
1 77 60 58 88
1 79 120 116 88
1 79 120 116 88
1 72 180 116 88
1 72 60 58 88
1 74 60 58 88
1 75 60 58 88
1 77 60 58 88
1 75 60 58 88
1 77 120 116 88
1 77 120 116 88
1 70 180 116 88
1 70 60 58 88
1 72 60 58 88
1 74 60 58 88
1 75 60 58 88
1 74 60 58 88
1 75 180 178 88
1 73 60 58 88
1 75 60 58 88
1 73 60 58 88
1 72 60 58 88
1 70 60 58 88
1 72 60 58 88
1 70 60 58 88
1 68 60 58 88
1 67 60 58 88
1 68 60 58 88
1 67 60 58 88
1 65 120 102 88
1 65 120 116 88
1 67 120 116 88
1 68 120 116 88
1 70 120 116 88
1 71 120 116 88
1 72 60 58 88
1 74 60 58 88
1 75 60 58 88
1 74 60 58 88
1 72 60 58 88
1 70 60 58 88
1 72 60 58 88
1 70 60 58 88
1 68 60 58 88
1 67 60 58 88
1 68 60 58 88
1 67 60 58 88
1 66 360 353 88
1 67 120 116 88
1 69 300 298 88
1 62 60 58 88
1 63 60 58 88
1 62 120 102 88
1 62 60 58 88
1 63 60 58 88
1 62 60 58 88
1 60 120 116 88
1 61 120 116 88
1 62 300 116 88
1 69 60 58 88
1 70 60 58 88
1 72 60 58 88
1 74 60 58 88
1 72 60 58 88
1 74 120 116 88
1 74 120 116 88
1 67 180 116 88
1 67 60 58 88
1 69 60 58 88
1 70 60 58 88
1 72 60 58 88
1 70 60 58 88
1 72 120 116 88
1 72 120 116 88
1 66 180 116 88
1 66 60 58 88
1 67 60 58 88
1 69 60 58 88
1 70 60 58 88
1 69 60 58 88
1 70 120 116 88
1 70 120 116 88
1 63 180 116 88
1 64 60 58 88
1 65 60 58 88
1 67 60 58 88
1 69 60 58 88
1 67 60 58 88
1 69 120 116 88
1 69 120 116 88
1 62 180 116 88
1 62 60 58 88
1 64 60 58 88
1 66 60 58 88
1 67 60 58 88
1 66 60 58 88
1 67 240 236 88
1 70 120 116 88
1 69 120 116 88
1 67 120 116 88
1 66 120 116 88
1 67 120 116 88
1 69 360 234 88
1 66 120 116 88
1 67 360 234 88
1 69 120 116 88
1 67 240 234 88
1 66 240 234 88
1 62 780 234 88
1 64 60 58 88
1 65 60 58 88
1 67 60 58 88
1 69 60 58 88
1 67 60 58 88
1 69 240 234 88
1 68 120 116 88
1 67 420 116 88
1 70 60 58 88
1 69 60 58 88
1 67 60 58 88
1 69 60 58 88
1 67 60 58 88
1 66 360 234 88
1 69 120 116 88
1 70 1020 234 88
1 59 60 58 88
1 60 60 58 88
1 62 60 58 88
1 63 60 58 88
1 62 60 58 88
1 63 120 102 88
1 63 300 234 88
1 60 60 58 88
1 62 60 58 88
1 63 60 58 88
1 65 60 58 88
1 63 60 58 88
1 65 120 102 88
1 65 360 356 88
1 68 120 116 88
1 67 120 116 88
1 65 120 116 88
1 63 240 234 88
1 62 360 116 88
1 63 120 116 88
2 0 240 0 0
2 62 360 234 88
2 58 120 116 88
2 63 240 234 88
2 60 360 234 88
2 57 120 116 88
2 62 240 234 88
2 58 360 234 88
2 55 120 116 88
2 60 120 102 88
2 60 120 102 88
2 60 120 102 88
2 60 120 102 88
2 60 120 102 88
2 60 120 116 88
2 60 120 116 88
2 58 60 58 88
2 57 60 58 88
2 58 60 58 88
2 55 60 58 88
2 58 60 58 88
2 60 60 58 88
2 62 60 58 88
2 61 60 58 88
2 62 120 116 88
2 62 120 116 88
2 55 180 116 88
2 55 60 58 88
2 57 60 58 88
2 58 60 58 88
2 60 60 58 88
2 58 60 58 88
2 60 120 116 88
2 60 120 116 88
2 53 180 116 88
2 53 60 58 88
2 55 60 58 88
2 57 60 58 88
2 58 60 58 88
2 57 60 58 88
2 58 180 178 88
2 57 60 58 88
2 58 60 58 88
2 57 60 58 88
2 55 60 58 88
2 53 60 58 88
2 55 60 58 88
2 53 60 58 88
2 52 60 58 88
2 50 60 58 88
2 52 60 58 88
2 50 60 58 88
2 49 120 116 88
2 57 120 116 88
2 50 120 116 88
2 60 120 116 88
2 58 120 116 88
2 55 120 116 88
2 60 60 58 88
2 58 60 58 88
2 60 60 58 88
2 58 60 58 88
2 57 180 175 88
2 55 60 58 88
2 57 180 175 88
2 53 60 58 88
2 58 60 58 88
2 57 60 58 88
2 58 60 58 88
2 57 60 58 88
2 55 120 116 88
2 57 60 58 88
2 58 60 58 88
2 60 180 175 88
2 58 60 58 88
2 57 360 234 88
2 55 120 116 88
2 54 120 116 88
2 52 120 116 88
2 50 120 116 88
2 54 120 116 88
2 55 120 116 88
2 62 60 58 88
2 64 60 58 88
2 65 60 58 88
2 64 60 58 88
2 65 120 116 88
2 62 360 353 88
2 60 60 58 88
2 58 60 58 88
2 57 120 116 88
2 55 120 116 88
2 60 360 353 88
2 58 60 58 88
2 57 60 58 88
2 55 120 116 88
2 53 120 116 88
2 58 3120 234 88
2 62 360 234 88
2 58 120 116 88
2 63 240 234 88
2 60 360 234 88
2 57 120 116 88
2 62 240 234 88
2 58 360 234 88
2 55 120 116 88
2 60 120 102 88
2 60 120 102 88
2 60 120 102 88
2 60 120 102 88
2 60 120 102 88
2 60 240 236 88
2 58 60 58 88
2 57 60 58 88
2 58 60 58 88
2 55 60 58 88
2 57 60 58 88
2 58 60 58 88
2 60 60 58 88
2 58 60 58 88
2 60 120 116 88
2 60 120 116 88
2 65 60 58 88
2 64 60 58 88
2 65 420 116 88
2 65 120 102 88
2 65 60 58 88
2 63 60 58 88
2 62 60 58 88
2 63 60 58 88
2 60 60 58 88
2 66 60 58 88
2 67 60 58 88
2 69 60 58 88
2 67 60 58 88
2 69 120 116 88
2 69 120 116 88
2 67 60 58 88
2 66 60 58 88
2 67 420 116 88
2 61 60 58 88
2 62 60 58 88
2 61 60 58 88
2 62 60 58 88
2 57 60 58 88
2 50 120 116 88
2 62 60 58 88
2 64 60 58 88
2 65 120 116 88
2 62 120 116 88
2 67 60 58 88
2 55 60 58 88
2 57 60 58 88
2 58 60 58 88
2 60 60 58 88
2 55 60 58 88
2 60 60 58 88
2 62 60 58 88
2 64 120 116 88
2 60 120 116 88
2 65 60 58 88
2 53 60 58 88
2 55 60 58 88
2 57 60 58 88
2 58 60 58 88
2 53 60 58 88
2 58 60 58 88
2 60 60 58 88
2 62 60 58 88
2 60 60 58 88
2 58 60 58 88
2 57 60 58 88
2 58 60 58 88
2 62 60 58 88
2 61 60 58 88
2 62 60 58 88
2 55 60 58 88
2 58 60 58 88
2 57 60 58 88
2 58 60 58 88
2 52 60 58 88
2 64 60 58 88
2 61 60 58 88
2 57 60 58 88
2 62 60 58 88
2 50 60 58 88
2 53 60 58 88
2 57 60 58 88
2 62 60 58 88
2 60 60 58 88
2 62 60 58 88
2 60 60 58 88
2 58 60 58 88
2 62 60 58 88
2 55 60 58 88
2 58 60 58 88
2 51 60 58 88
2 55 60 58 88
2 57 60 58 88
2 58 60 58 88
2 60 60 58 88
2 58 60 58 88
2 60 60 58 88
2 58 60 58 88
2 57 60 58 88
2 60 60 58 88
2 53 60 58 88
2 57 60 58 88
2 50 60 58 88
2 53 60 58 88
2 55 60 58 88
2 57 60 58 88
2 58 60 58 88
2 57 60 58 88
2 58 60 58 88
2 57 60 58 88
2 55 60 58 88
2 58 60 58 88
2 51 60 58 88
2 55 60 58 88
2 48 60 58 88
2 55 60 58 88
2 57 60 58 88
2 58 60 58 88
2 60 60 58 88
2 58 60 58 88
2 60 60 58 88
2 58 60 58 88
2 57 60 58 88
2 53 60 58 88
2 55 60 58 88
2 57 60 58 88
2 58 60 58 88
2 57 60 58 88
2 58 60 58 88
2 60 60 58 88
2 62 60 58 88
2 60 60 58 88
2 62 60 58 88
2 64 60 58 88
2 65 60 58 88
2 64 60 58 88
2 65 360 354 88
2 62 240 234 88
2 64 480 474 88
2 60 240 234 88
2 62 720 710 88
2 60 4080 474 88
2 60 360 234 88
2 57 120 116 88
2 62 240 234 88
2 58 360 234 88
2 55 120 116 88
2 60 240 234 88
2 57 360 234 88
2 53 120 116 88
2 58 120 102 88
2 58 120 102 88
2 58 120 102 88
2 58 120 102 88
2 58 120 102 88
2 58 120 116 88
2 58 120 116 88
2 57 60 58 88
2 55 60 58 88
2 57 60 58 88
2 55 60 58 88
2 57 60 58 88
2 59 60 58 88
2 60 60 58 88
2 59 60 58 88
2 60 240 236 88
2 59 60 58 88
2 57 60 58 88
2 55 60 58 88
2 50 60 58 88
2 55 60 58 88
2 57 60 58 88
2 59 60 58 88
2 60 60 58 88
2 62 240 236 88
2 60 180 116 88
2 55 60 58 88
2 57 60 58 88
2 59 60 58 88
2 60 60 58 88
2 59 60 58 88
2 60 120 116 88
2 60 120 116 88
2 53 180 116 88
2 53 60 58 88
2 55 60 58 88
2 56 60 58 88
2 58 60 58 88
2 56 60 58 88
2 58 120 116 88
2 58 120 116 88
2 51 180 116 88
2 51 60 58 88
2 53 60 58 88
2 55 60 58 88
2 56 60 58 88
2 55 60 58 88
2 56 180 178 88
2 55 60 58 88
2 56 60 58 88
2 55 60 58 88
2 53 60 58 88
2 51 60 58 88
2 53 60 58 88
2 51 60 58 88
2 50 60 58 88
2 48 60 58 88
2 50 60 58 88
2 48 60 58 88
2 47 120 116 88
2 59 120 102 88
2 59 120 102 88
2 59 120 116 88
2 60 120 116 88
2 62 240 236 88
2 55 120 116 88
2 60 360 353 88
2 65 120 116 88
2 62 480 470 88
2 61 240 234 88
2 60 480 470 88
2 59 240 234 88
2 58 240 234 88
2 62 360 234 88
2 58 120 116 88
2 63 240 234 88
2 60 360 234 88
2 56 120 116 88
2 62 240 234 88
2 58 360 234 88
2 55 120 116 88
2 60 120 102 88
2 60 120 102 88
2 60 120 102 88
2 60 120 102 88
2 60 120 102 88
2 60 120 116 88
2 62 60 58 88
2 60 60 58 88
2 62 60 58 88
2 60 60 58 88
2 58 60 58 88
2 56 60 58 88
2 58 60 58 88
2 56 60 58 88
2 55 60 58 88
2 53 60 58 88
2 55 60 58 88
2 53 60 58 88
2 51 120 116 88
2 63 120 102 88
2 63 120 102 88
2 63 120 102 88
2 63 120 102 88
2 63 120 116 88
2 63 60 58 88
2 62 60 58 88
2 63 60 58 88
2 62 60 58 88
2 60 60 58 88
2 58 60 58 88
2 60 60 58 88
2 58 60 58 88
2 57 60 58 88
2 55 60 58 88
2 57 60 58 88
2 55 60 58 88
2 54 120 116 88
2 57 120 116 88
2 58 120 116 88
2 54 120 116 88
2 55 240 234 88
2 57 240 116 88
2 62 360 234 88
2 58 120 116 88
2 63 240 234 88
2 60 360 234 88
2 57 120 116 88
2 62 240 234 88
2 58 360 234 88
2 55 120 116 88
2 60 240 234 88
2 57 360 234 88
2 53 120 116 88
2 58 240 234 88
2 55 360 234 88
2 58 120 116 88
2 57 120 116 88
2 55 120 116 88
2 63 120 102 88
2 63 120 102 88
2 63 120 102 88
2 63 120 116 88
2 62 360 234 88
2 62 120 102 88
2 62 360 234 88
2 63 120 116 88
2 62 240 234 88
2 60 240 234 88
2 58 540 234 88
2 57 60 58 88
2 58 60 58 88
2 60 60 58 88
2 62 60 58 88
2 61 60 58 88
2 62 240 234 88
2 57 60 58 88
2 59 60 58 88
2 60 60 58 88
2 59 60 58 88
2 60 120 116 88
2 62 420 116 88
2 62 60 58 88
2 60 60 58 88
2 58 60 58 88
2 60 60 58 88
2 58 60 58 88
2 57 360 234 88
2 60 120 116 88
2 62 540 234 88
2 57 60 58 88
2 58 60 58 88
2 60 60 58 88
2 62 300 298 88
2 55 60 58 88
2 57 60 58 88
2 59 60 58 88
2 60 60 58 88
2 59 60 58 88
2 60 120 102 88
2 60 300 234 88
2 57 60 58 88
2 59 60 58 88
2 60 60 58 88
2 62 60 58 88
2 60 60 58 88
2 62 120 102 88
2 62 360 356 88
2 65 120 116 88
2 63 120 116 88
2 62 120 116 88
2 60 120 116 88
2 58 120 116 88
2 57 360 116 88
2 58 120 116 88
2 57 60 58 88
2 58 60 58 88
2 60 240 236 88
3 0 8880 0 0
3 55 360 234 88
3 53 120 116 88
3 58 240 234 88
3 55 360 234 88
3 52 120 116 88
3 57 240 234 88
3 53 360 234 88
3 50 120 116 88
3 55 120 102 88
3 55 120 102 88
3 55 120 102 88
3 55 120 102 88
3 55 120 102 88
3 55 120 116 88
3 55 120 116 88
3 53 60 58 88
3 52 60 58 88
3 53 60 58 88
3 50 60 58 88
3 51 60 58 88
3 53 60 58 88
3 55 60 58 88
3 53 60 58 88
3 55 120 116 88
3 48 60 58 88
3 47 60 58 88
3 48 60 58 88
3 50 60 58 88
3 51 60 58 88
3 48 60 58 88
3 50 60 58 88
3 51 60 58 88
3 53 60 58 88
3 51 60 58 88
3 53 120 116 88
3 46 60 58 88
3 53 60 58 88
3 55 60 58 88
3 57 60 58 88
3 58 60 58 88
3 57 60 58 88
3 58 180 116 88
3 52 60 58 88
3 54 60 58 88
3 55 60 58 88
3 57 60 58 88
3 55 60 58 88
3 57 180 116 88
3 50 60 58 88
3 52 60 58 88
3 54 60 58 88
3 55 60 58 88
3 54 60 58 88
3 55 120 116 88
3 55 120 116 88
3 48 180 116 88
3 48 60 58 88
3 50 60 58 88
3 51 60 58 88
3 53 60 58 88
3 51 60 58 88
3 53 120 116 88
3 53 120 116 88
3 46 180 116 88
3 46 60 58 88
3 48 60 58 88
3 50 60 58 88
3 51 60 58 88
3 50 60 58 88
3 51 180 178 88
3 50 60 58 88
3 51 60 58 88
3 50 60 58 88
3 48 60 58 88
3 46 60 58 88
3 48 60 58 88
3 46 60 58 88
3 45 60 58 88
3 43 60 58 88
3 45 60 58 88
3 43 60 58 88
3 42 120 116 88
3 50 120 116 88
3 43 120 116 88
3 53 120 116 88
3 52 120 116 88
3 48 120 116 88
3 53 120 116 88
3 57 120 116 88
3 50 120 116 88
3 60 120 116 88
3 59 120 116 88
3 55 120 116 88
3 60 120 116 88
3 55 120 116 88
3 48 120 116 88
3 57 120 116 88
3 54 120 116 88
3 50 120 116 88
3 55 120 116 88
3 58 120 116 88
3 52 120 116 88
3 62 120 116 88
3 61 120 116 88
3 57 120 116 88
3 62 6000 58 88
3 58 360 234 88
3 57 120 116 88
3 62 240 234 88
3 58 360 234 88
3 55 120 116 88
3 60 240 234 88
3 57 360 234 88
3 53 120 116 88
3 58 120 102 88
3 58 120 102 88
3 58 120 102 88
3 58 120 102 88
3 58 120 102 88
3 58 120 116 88
3 58 120 116 88
3 57 60 58 88
3 55 60 58 88
3 57 60 58 88
3 53 60 58 88
3 57 60 58 88
3 59 60 58 88
3 60 60 58 88
3 59 60 58 88
3 60 180 162 88
3 60 60 58 88
3 59 60 58 88
3 57 60 58 88
3 59 60 58 88
3 55 60 58 88
3 59 60 58 88
3 60 60 58 88
3 62 60 58 88
3 60 60 58 88
3 62 180 178 88
3 55 60 58 88
3 60 60 58 88
3 59 60 58 88
3 60 60 58 88
3 55 60 58 88
3 60 60 58 88
3 62 60 58 88
3 63 60 58 88
3 62 60 58 88
3 63 300 282 88
3 63 60 58 88
3 62 180 175 88
3 60 60 58 88
3 59 180 175 88
3 62 60 58 88
3 55 120 116 88
3 59 120 116 88
3 60 120 116 88
3 56 120 116 88
3 53 120 116 88
3 55 120 116 88
3 48 300 234 88
3 48 60 58 88
3 50 60 58 88
3 51 60 58 88
3 53 60 58 88
3 51 60 58 88
3 53 120 116 88
3 53 120 116 88
3 46 180 116 88
3 46 60 58 88
3 48 60 58 88
3 50 60 58 88
3 51 60 58 88
3 50 60 58 88
3 51 120 116 88
3 51 120 116 88
3 45 180 116 88
3 45 60 58 88
3 46 60 58 88
3 48 60 58 88
3 50 60 58 88
3 48 60 58 88
3 50 180 178 88
3 48 60 58 88
3 50 60 58 88
3 48 60 58 88
3 46 60 58 88
3 45 60 58 88
3 46 60 58 88
3 45 60 58 88
3 43 60 58 88
3 41 60 58 88
3 43 60 58 88
3 41 60 58 88
3 40 60 58 88
3 36 60 58 88
3 38 60 58 88
3 40 60 58 88
3 41 60 58 88
3 36 60 58 88
3 41 60 58 88
3 43 60 58 88
3 44 120 116 88
3 38 120 116 88
3 43 60 58 88
3 42 60 58 88
3 43 60 58 88
3 45 60 58 88
3 47 60 58 88
3 43 60 58 88
3 47 60 58 88
3 50 60 58 88
3 55 120 116 88
3 47 120 116 88
3 48 60 58 88
3 60 60 58 88
3 55 60 58 88
3 51 60 58 88
3 48 420 234 88
3 56 120 118 88
3 50 120 116 88
3 56 60 58 88
3 58 420 234 88
3 55 120 118 88
3 48 120 116 88
3 55 60 58 88
3 56 420 234 88
3 53 60 58 88
3 47 360 234 88
3 50 120 116 88
3 41 120 116 88
3 44 120 116 88
3 43 120 116 88
3 55 120 102 88
3 55 120 102 88
3 55 120 116 88
3 57 120 116 88
3 59 120 116 88
3 51 300 282 88
3 51 60 58 88
3 53 60 58 88
3 55 60 58 88
3 56 60 58 88
3 55 60 58 88
3 56 120 116 88
3 56 120 116 88
3 50 180 116 88
3 50 60 58 88
3 51 60 58 88
3 53 60 58 88
3 55 60 58 88
3 53 60 58 88
3 55 120 116 88
3 55 120 116 88
3 48 180 116 88
3 48 60 58 88
3 50 60 58 88
3 51 60 58 88
3 53 60 58 88
3 51 60 58 88
3 53 120 116 88
3 53 120 116 88
3 46 120 116 88
3 58 360 234 88
3 55 120 116 88
3 60 240 234 88
3 56 360 234 88
3 53 120 116 88
3 58 240 234 88
3 55 360 234 88
3 51 120 116 88
3 56 120 102 88
3 56 120 102 88
3 56 120 102 88
3 56 120 102 88
3 56 120 102 88
3 56 120 116 88
3 58 120 116 88
3 56 120 116 88
3 55 120 116 88
3 53 120 116 88
3 51 120 116 88
3 50 120 116 88
3 48 120 116 88
3 60 120 102 88
3 60 120 102 88
3 60 120 102 88
3 60 120 102 88
3 60 120 116 88
3 60 120 116 88
3 58 120 116 88
3 57 120 116 88
3 55 120 116 88
3 54 120 116 88
3 52 120 116 88
3 50 120 116 88
3 54 120 116 88
3 55 120 116 88
3 50 120 116 88
3 51 240 234 88
3 50 120 116 88
3 38 1620 116 88
3 50 60 58 88
3 52 60 58 88
3 54 60 58 88
3 55 60 58 88
3 54 60 58 88
3 55 120 116 88
3 55 120 116 88
3 48 180 116 88
3 48 60 58 88
3 50 60 58 88
3 52 60 58 88
3 53 60 58 88
3 52 60 58 88
3 53 120 116 88
3 53 120 116 88
3 46 180 116 88
3 46 60 58 88
3 48 60 58 88
3 50 60 58 88
3 51 60 58 88
3 50 60 58 88
3 51 180 178 88
3 50 60 58 88
3 51 60 58 88
3 50 60 58 88
3 48 60 58 88
3 46 60 58 88
3 48 60 58 88
3 46 60 58 88
3 45 60 58 88
3 43 60 58 88
3 45 60 58 88
3 43 60 58 88
3 42 360 234 88
3 38 120 116 88
3 43 360 234 88
3 48 120 116 88
3 50 240 234 88
3 38 240 234 88
3 43 60 58 88
3 50 60 58 88
3 52 60 58 88
3 54 60 58 88
3 55 60 58 88
3 54 60 58 88
3 55 120 102 88
3 55 360 356 88
3 53 120 102 88
3 53 540 538 88
3 47 60 58 88
3 48 60 58 88
3 50 60 58 88
3 51 60 58 88
3 50 60 58 88
3 51 120 102 88
3 51 600 474 88
3 51 120 116 88
3 50 360 234 88
3 49 120 116 88
3 50 360 234 88
3 50 120 116 88
3 51 240 234 88
3 48 300 234 88
3 45 60 58 88
3 47 60 58 88
3 48 60 58 88
3 50 240 234 88
3 47 300 234 88
3 43 60 58 88
3 45 60 58 88
3 47 60 58 88
3 48 120 102 88
3 48 120 102 88
3 48 120 102 88
3 48 120 102 88
3 48 120 102 88
3 48 120 116 88
3 48 120 116 88
3 46 60 58 88
3 45 60 58 88
3 46 120 116 88
3 48 120 116 88
3 50 120 116 88
3 38 120 116 88
