0 0 80 0 0
0 64 80 77 88
0 66 80 77 88
0 67 240 234 88
0 69 60 58 88
0 67 60 58 88
0 66 60 58 88
0 67 60 58 88
0 69 240 234 88
0 71 60 58 88
0 69 60 58 88
0 67 60 58 88
0 69 60 58 88
0 71 240 234 88
0 67 240 234 88
0 64 240 234 88
0 72 480 474 88
0 71 160 156 88
0 75 80 77 88
0 76 240 234 88
0 69 480 474 88
0 67 160 156 88
0 75 80 77 88
0 76 240 234 88
0 66 320 317 88
0 67 80 77 88
0 69 80 77 88
0 67 80 77 88
0 66 80 77 88
0 64 80 77 88
0 63 80 77 88
0 72 80 77 88
0 71 80 77 88
0 69 80 77 88
0 67 80 77 88
0 66 80 77 88
0 67 80 77 88
0 69 80 77 88
0 71 80 77 88
0 69 80 77 88
0 67 80 77 88
0 66 80 77 88
0 64 80 77 88
0 76 80 77 88
0 74 80 77 88
0 73 80 77 88
0 71 80 77 88
0 70 80 77 88
0 71 80 77 88
0 74 80 77 88
0 78 80 77 88
0 80 240 234 88
0 73 80 77 88
0 76 80 77 88
0 79 80 77 88
0 82 240 234 88
0 74 80 77 88
0 78 80 77 88
0 82 80 77 88
0 83 320 314 88
0 81 80 77 88
0 79 80 77 88
0 78 80 77 88
0 76 80 77 88
0 75 80 77 88
0 76 480 470 88
0 74 480 470 88
0 73 480 470 88
0 71 480 470 88
0 70 240 234 88
0 71 240 234 88
0 73 720 714 88
0 78 160 156 88
0 70 80 77 88
0 71 560 557 88
0 67 80 77 88
0 71 80 77 88
0 73 320 314 88
0 69 80 77 88
0 72 80 77 88
0 75 320 317 88
0 71 80 77 88
0 75 80 77 88
0 76 800 797 88
0 75 80 77 88
0 76 80 77 88
0 78 320 314 88
0 76 80 77 88
0 74 80 77 88
0 73 80 77 88
0 75 80 77 88
0 76 80 77 88
0 75 80 77 88
0 76 80 77 88
0 78 80 77 88
0 71 320 314 88
0 69 80 77 88
0 67 80 77 88
0 69 80 77 88
0 71 80 77 88
0 72 320 314 88
0 71 80 77 88
0 69 80 77 88
0 67 80 77 88
0 69 240 234 88
0 63 240 234 88
0 71 640 630 88
0 64 80 77 88
0 63 160 156 88
0 64 80 77 88
0 72 640 630 88
0 66 80 77 88
0 64 160 156 88
0 66 80 77 88
0 74 560 551 88
0 67 80 77 88
0 69 80 77 88
0 71 80 77 88
0 72 80 77 88
0 74 80 77 88
0 76 560 551 88
0 66 80 77 88
0 67 80 77 88
0 69 80 77 88
0 71 80 77 88
0 72 80 77 88
0 74 560 551 88
0 64 80 77 88
0 66 80 77 88
0 67 80 77 88
0 69 80 77 88
0 71 80 77 88
0 72 560 551 88
0 62 80 77 88
0 64 80 77 88
0 66 80 77 88
0 67 80 77 88
0 69 80 77 88
0 71 240 234 88
0 72 60 58 88
0 71 60 58 88
0 69 60 58 88
0 71 60 58 88
0 72 240 234 88
0 74 60 58 88
0 72 60 58 88
0 71 60 58 88
0 72 60 58 88
0 74 240 234 88
0 71 240 234 88
0 67 240 234 88
0 76 480 474 88
0 74 160 156 88
0 78 80 77 88
0 79 240 234 88
0 72 480 474 88
0 71 160 156 88
0 78 80 77 88
0 79 240 234 88
0 69 320 317 88
0 71 80 77 88
0 72 80 77 88
0 71 80 77 88
0 69 80 77 88
0 67 80 77 88
0 66 80 77 88
0 76 80 77 88
0 74 80 77 88
0 72 80 77 88
0 71 80 77 88
0 69 80 77 88
0 71 80 77 88
0 72 80 77 88
0 74 80 77 88
0 72 80 77 88
0 71 80 77 88
0 69 80 77 88
0 67 80 77 88
0 79 80 77 88
0 78 80 77 88
0 76 80 77 88
0 74 80 77 88
0 73 80 77 88
0 74 480 234 88
0 73 480 234 88
0 72 480 234 88
0 71 240 234 88
0 74 240 234 88
0 79 480 470 88
0 78 480 470 88
0 76 480 470 88
0 74 480 470 88
0 73 240 234 88
0 74 240 234 88
0 76 640 636 88
0 73 80 77 88
0 74 160 156 88
0 76 80 77 88
0 78 640 636 88
0 75 80 77 88
0 76 160 156 88
0 78 80 77 88
0 79 240 234 88
0 73 320 317 88
0 74 80 77 88
0 76 80 77 88
0 74 80 77 88
0 73 80 77 88
0 71 80 77 88
0 82 240 234 88
0 73 40 39 88
0 74 43 41 88
0 73 40 38 88
0 71 40 38 88
0 73 77 74 88
0 78 720 708 88
0 76 320 317 88
0 78 80 77 88
0 76 80 77 88
0 74 80 77 88
0 73 80 77 88
0 71 80 77 88
0 78 560 557 88
0 79 80 77 88
0 78 80 77 88
0 76 80 77 88
0 75 80 77 88
0 73 80 77 88
0 81 720 714 88
0 79 240 234 88
0 78 1040 950 88
0 76 80 77 88
0 68 80 77 88
0 70 240 234 88
0 74 80 77 88
0 78 80 77 88
0 70 80 77 88
0 71 800 797 88
0 73 80 77 88
0 71 80 77 88
0 70 80 77 88
0 68 80 77 88
0 66 160 77 88
0 71 80 77 88
0 69 80 77 88
0 67 80 77 88
0 66 80 77 88
0 64 80 77 88
0 70 80 77 88
0 66 80 77 88
0 68 80 77 88
0 70 80 77 88
0 71 80 77 88
0 73 80 77 88
0 74 80 77 88
0 61 80 77 88
0 62 80 77 88
0 64 80 77 88
0 66 80 77 88
0 67 320 314 88
0 66 80 77 88
0 64 80 77 88
0 62 80 77 88
0 64 240 234 88
0 58 240 234 88
0 66 640 630 88
0 59 80 77 88
0 58 160 156 88
0 59 80 77 88
0 67 640 630 88
0 61 80 77 88
0 59 160 156 88
0 61 80 77 88
0 69 640 630 88
0 64 80 77 88
0 63 240 234 88
0 64 480 234 88
0 72 480 234 88
0 71 320 234 88
0 76 80 77 88
0 74 80 77 88
0 72 80 77 88
0 71 80 77 88
0 69 80 77 88
0 68 80 77 88
0 69 80 77 88
0 71 80 77 88
0 64 80 77 88
0 66 80 77 88
0 64 80 77 88
0 63 80 77 88
0 64 80 77 88
0 66 80 77 88
0 59 80 77 88
0 64 80 77 88
0 62 80 77 88
0 61 80 77 88
0 63 80 77 88
0 64 80 77 88
0 63 80 77 88
0 64 80 77 88
0 66 80 77 88
0 59 80 77 88
0 60 80 77 88
0 57 80 77 88
0 55 80 77 88
0 57 80 77 88
0 59 80 77 88
0 60 80 77 88
0 59 80 77 88
0 57 80 77 88
0 59 720 470 88
0 75 240 234 88
0 76 560 470 88
0 77 80 77 88
0 76 80 77 88
0 74 80 77 88
0 72 80 77 88
0 71 80 77 88
0 72 80 77 88
0 74 80 77 88
0 76 80 77 88
0 74 80 77 88
0 72 80 77 88
0 71 80 77 88
0 69 80 77 88
0 83 80 77 88
0 81 80 77 88
0 79 80 77 88
0 78 80 77 88
0 76 80 77 88
0 78 80 77 88
0 79 80 77 88
0 81 80 77 88
0 79 80 77 88
0 78 80 77 88
0 76 80 77 88
0 74 80 77 88
0 76 80 77 88
0 74 80 77 88
0 72 80 77 88
0 71 80 77 88
0 69 80 77 88
0 71 80 77 88
0 72 80 77 88
0 74 80 77 88
0 72 80 77 88
0 71 80 77 88
0 69 80 77 88
0 67 1280 116 88
0 69 80 77 88
0 71 80 77 88
0 72 240 234 88
0 74 60 58 88
0 72 60 58 88
0 71 60 58 88
0 72 60 58 88
0 74 240 234 88
0 76 60 58 88
0 74 60 58 88
0 72 60 58 88
0 74 60 58 88
0 76 240 234 88
0 72 240 234 88
0 69 240 234 88
0 77 480 474 88
0 76 160 156 88
0 80 80 77 88
0 81 240 234 88
0 74 480 474 88
0 72 160 156 88
0 80 80 77 88
0 81 240 234 88
0 71 320 317 88
0 72 80 77 88
0 74 80 77 88
0 72 80 77 88
0 71 80 77 88
0 69 80 77 88
0 68 80 77 88
0 77 80 77 88
0 76 80 77 88
0 74 80 77 88
0 72 80 77 88
0 71 80 77 88
0 72 80 77 88
0 74 80 77 88
0 76 80 77 88
0 74 80 77 88
0 72 80 77 88
0 71 80 77 88
0 69 1040 1031 88
0 63 80 77 88
0 64 80 77 88
0 66 80 77 88
0 67 80 77 88
0 69 80 77 88
0 67 560 551 88
0 63 80 77 88
0 64 80 77 88
0 67 80 77 88
0 66 80 77 88
0 69 80 77 88
0 63 160 156 88
0 64 80 77 88
0 66 320 314 88
0 59 80 77 88
0 63 80 77 88
0 66 80 77 88
0 71 80 77 88
0 63 80 77 88
0 64 560 551 88
0 67 80 77 88
0 70 80 77 88
0 73 80 77 88
0 75 80 77 88
0 76 80 77 88
0 64 240 234 88
0 63 800 234 88
0 59 80 77 88
0 61 80 77 88
0 63 80 77 88
0 64 80 77 88
0 66 80 77 88
0 67 80 77 88
0 72 80 77 88
0 71 80 77 88
0 69 80 77 88
0 67 80 77 88
0 66 80 77 88
0 64 80 77 88
0 79 80 77 88
0 76 80 77 88
0 73 240 234 88
0 66 80 77 88
0 81 80 77 88
0 78 80 77 88
0 75 240 234 88
0 67 80 77 88
0 83 80 77 88
0 79 80 77 88
0 76 80 77 88
0 74 80 77 88
0 73 80 77 88
0 74 480 470 88
0 72 80 77 88
0 66 80 77 88
0 64 80 77 88
0 63 80 77 88
0 64 80 77 88
0 66 80 77 88
0 67 80 77 88
0 69 80 77 88
0 71 80 77 88
0 72 80 77 88
0 71 80 77 88
0 69 80 77 88
0 75 80 77 88
0 76 80 77 88
0 78 80 77 88
0 71 80 77 88
0 72 80 77 88
0 69 80 77 88
0 67 80 77 88
0 66 80 77 88
0 67 80 77 88
0 69 80 77 88
0 71 80 77 88
0 72 320 314 88
0 71 80 77 88
0 69 80 77 88
0 67 80 77 88
0 69 640 636 88
0 66 80 77 88
0 71 160 156 88
0 69 80 77 88
0 67 560 557 88
0 71 80 77 88
0 69 80 77 88
0 67 80 77 88
0 66 80 77 88
0 64 80 77 88
0 63 80 77 88
0 72 240 234 88
0 64 80 77 88
0 63 80 77 88
0 71 80 77 88
0 64 80 77 88
0 67 80 77 88
0 73 400 392 88
0 69 80 77 88
0 75 400 396 88
0 71 80 77 88
0 76 400 392 88
0 75 80 77 88
0 78 400 396 88
0 76 80 77 88
0 79 800 234 88
0 72 80 77 88
0 78 80 77 88
0 81 80 77 88
0 75 80 77 88
0 78 80 77 88
0 72 80 77 88
0 71 80 77 88
0 75 80 77 88
0 78 80 77 88
0 69 80 77 88
0 72 80 77 88
0 67 80 77 88
0 66 80 77 88
0 69 80 77 88
0 72 80 77 88
0 66 80 77 88
0 69 80 77 88
0 64 80 70 88
0 63 5 5 88
0 64 8 7 88
0 63 7 7 88
0 64 8 7 88
0 63 52 50 88
0 75 15 15 88
0 76 18 17 88
0 75 17 16 88
0 73 15 15 88
0 75 15 15 88
0 76 320 317 88
0 74 80 77 88
0 72 80 77 88
0 71 80 77 88
0 69 80 77 88
0 67 80 77 88
0 69 80 77 88
0 66 80 77 88
0 67 80 77 88
0 69 80 77 88
0 71 80 77 88
0 72 160 157 88
0 71 80 77 88
0 69 80 77 88
0 67 80 77 88
0 63 80 77 88
0 64 160 156 88
0 66 40 39 88
0 69 40 39 88
0 72 80 77 88
0 64 23 22 88
0 63 25 24 88
0 64 25 24 88
0 63 25 24 88
0 64 22 21 88
0 63 40 39 88
0 64 80 77 88
1 0 81920 0 0
1 59 80 77 88
1 62 80 77 88
1 60 240 234 88
2 0 5840 0 0
2 59 80 77 88
2 61 80 77 88
2 62 240 234 88
2 64 60 58 88
2 62 60 58 88
2 61 60 58 88
2 62 60 58 88
2 64 240 234 88
2 66 60 58 88
2 64 60 58 88
2 62 60 58 88
2 64 60 58 88
2 66 240 234 88
2 62 240 234 88
2 59 240 234 88
2 67 480 474 88
2 66 160 156 88
2 70 80 77 88
2 71 240 234 88
2 64 480 474 88
2 62 160 156 88
2 70 80 77 88
2 71 240 234 88
2 61 320 317 88
2 62 80 77 88
2 64 80 77 88
2 62 80 77 88
2 61 80 77 88
2 59 80 77 88
2 58 80 77 88
2 67 80 77 88
2 66 80 77 88
2 64 80 77 88
2 62 80 77 88
2 61 80 77 88
2 62 80 77 88
2 64 80 77 88
2 66 80 77 88
2 64 80 77 88
2 62 80 77 88
2 61 80 77 88
2 59 80 77 88
2 69 80 77 88
2 67 80 77 88
2 66 80 77 88
2 64 80 77 88
2 63 80 77 88
2 64 480 470 88
2 66 480 470 88
2 67 480 470 88
2 68 80 77 88
2 74 80 77 88
2 72 80 77 88
2 71 80 77 88
2 69 80 77 88
2 68 80 77 88
2 69 480 470 88
2 67 480 470 88
2 66 480 470 88
2 64 480 470 88
2 63 240 234 88
2 64 240 234 88
2 66 640 636 88
2 63 80 77 88
2 64 160 156 88
2 66 80 77 88
2 67 640 636 88
2 64 80 77 88
2 66 160 156 88
2 67 80 77 88
2 69 640 636 88
2 66 80 77 88
2 67 160 156 88
2 69 80 77 88
2 71 560 234 88
2 74 80 77 88
2 72 80 77 88
2 71 80 77 88
2 69 80 77 88
2 67 80 77 88
2 69 560 234 88
2 72 80 77 88
2 71 80 77 88
2 69 80 77 88
2 67 80 77 88
2 66 80 77 88
2 67 560 234 88
2 71 80 77 88
2 69 80 77 88
2 67 80 77 88
2 66 80 77 88
2 64 80 77 88
2 66 560 234 88
2 59 80 77 88
2 62 80 77 88
2 64 320 314 88
2 60 80 77 88
2 64 80 77 88
2 66 320 317 88
2 62 80 77 88
2 66 80 77 88
2 67 80 77 88
2 55 80 77 88
2 59 80 77 88
2 64 80 77 88
2 52 80 77 88
2 54 80 77 88
2 55 80 77 88
2 57 80 77 88
2 59 80 77 88
2 60 480 470 88
2 59 480 470 88
2 57 560 470 88
2 50 80 77 88
2 55 160 156 88
2 54 80 77 88
2 55 80 77 88
2 54 240 234 88
2 55 240 234 88
2 57 240 234 88
2 54 240 234 88
2 55 160 156 88
2 59 80 77 88
2 62 480 470 88
2 61 80 77 88
2 62 80 77 88
2 64 80 77 88
2 66 240 234 88
2 67 60 58 88
2 66 60 58 88
2 64 60 58 88
2 66 60 58 88
2 67 240 234 88
2 69 60 58 88
2 67 60 58 88
2 66 60 58 88
2 67 60 58 88
2 69 240 234 88
2 66 240 234 88
2 62 240 234 88
2 71 480 474 88
2 69 160 156 88
2 73 80 77 88
2 74 240 234 88
2 67 480 474 88
2 66 160 156 88
2 73 80 77 88
2 74 240 234 88
2 64 320 317 88
2 66 80 77 88
2 67 80 77 88
2 66 80 77 88
2 64 80 77 88
2 62 80 77 88
2 61 80 77 88
2 71 80 77 88
2 69 80 77 88
2 67 80 77 88
2 66 80 77 88
2 64 80 77 88
2 66 80 77 88
2 67 80 77 88
2 69 80 77 88
2 67 80 77 88
2 66 80 77 88
2 64 80 77 88
2 62 80 77 88
2 72 80 77 88
2 71 80 77 88
2 69 80 77 88
2 67 80 77 88
2 66 80 77 88
2 67 80 77 88
2 69 80 77 88
2 71 80 77 88
2 69 80 77 88
2 67 80 77 88
2 66 80 77 88
2 64 80 77 88
2 74 80 77 88
2 73 80 77 88
2 71 80 77 88
2 70 80 77 88
2 68 80 77 88
2 70 240 234 88
2 71 240 234 88
2 73 240 225 88
2 73 320 317 88
2 76 80 77 88
2 74 80 77 88
2 73 80 77 88
2 71 80 77 88
2 70 80 77 88
2 71 240 234 88
2 73 240 234 88
2 66 720 470 88
2 66 240 234 88
2 71 480 470 88
2 73 240 234 88
2 75 80 77 88
2 76 80 77 88
2 78 80 77 88
2 71 240 234 88
2 76 320 305 88
2 76 80 77 88
2 74 80 77 88
2 73 80 77 88
2 71 80 77 88
2 70 80 77 88
2 71 80 77 88
2 74 80 77 88
2 71 80 77 88
2 68 240 234 88
2 73 720 714 88
2 71 320 314 88
2 69 80 77 88
2 67 80 77 88
2 66 80 77 88
2 64 80 77 88
2 63 80 77 88
2 64 480 470 88
2 62 480 470 88
2 61 480 470 88
2 59 480 470 88
2 58 240 234 88
2 59 240 234 88
2 61 640 636 88
2 58 80 77 88
2 59 160 156 88
2 61 80 77 88
2 62 640 636 88
2 59 80 77 88
2 61 160 156 88
2 62 80 77 88
2 64 640 636 88
2 61 80 77 88
2 63 160 156 88
2 64 80 77 88
2 66 320 314 88
2 64 80 77 88
2 66 80 77 88
2 67 240 234 88
2 69 60 58 88
2 67 60 58 88
2 66 60 58 88
2 67 60 58 88
2 69 240 234 88
2 71 60 58 88
2 69 60 58 88
2 67 60 58 88
2 69 60 58 88
2 71 240 234 88
2 67 240 234 88
2 64 240 234 88
2 72 480 474 88
2 71 160 156 88
2 75 80 77 88
2 76 240 234 88
2 69 480 474 88
2 67 160 156 88
2 75 80 77 88
2 76 240 234 88
2 66 320 317 88
2 67 80 77 88
2 69 80 77 88
2 67 80 77 88
2 66 80 77 88
2 64 80 77 88
2 63 80 77 88
2 72 80 77 88
2 71 80 77 88
2 69 80 77 88
2 67 80 77 88
2 66 80 77 88
2 67 80 77 88
2 69 80 77 88
2 71 80 77 88
2 69 80 77 88
2 67 80 77 88
2 66 80 77 88
2 64 640 636 88
2 66 240 234 88
2 68 80 77 88
2 69 240 234 88
2 64 400 396 88
2 62 240 234 88
2 61 80 77 88
2 62 640 636 88
2 64 240 234 88
2 66 80 77 88
2 67 80 77 88
2 69 80 77 88
2 67 80 77 88
2 65 80 77 88
2 64 80 77 88
2 62 80 77 88
2 64 80 77 88
2 65 80 77 88
2 67 80 77 88
2 65 80 77 88
2 64 80 77 88
2 62 80 77 88
2 60 80 77 88
2 62 80 77 88
2 60 80 77 88
2 59 80 77 88
2 57 80 77 88
2 56 80 77 88
2 57 560 551 88
2 50 80 77 88
2 53 80 77 88
2 56 320 234 88
2 48 80 77 88
2 50 80 77 88
2 52 80 77 88
2 54 80 77 88
2 56 80 77 88
2 57 480 116 88
2 74 480 470 88
2 72 480 470 88
2 71 480 470 88
2 69 480 470 88
2 68 160 156 88
2 56 80 77 88
2 57 160 156 88
2 60 80 77 88
2 59 80 77 88
2 62 80 77 88
2 60 80 77 88
2 59 80 77 88
2 57 80 77 88
2 56 80 77 88
2 57 560 116 88
2 67 80 77 88
2 66 80 77 88
2 64 80 77 88
2 63 80 77 88
2 61 80 77 88
2 63 80 77 88
2 64 80 77 88
2 66 80 77 88
2 64 80 77 88
2 63 80 77 88
2 61 80 77 88
2 59 640 625 88
2 59 80 77 88
2 60 160 156 88
2 59 80 77 88
2 58 240 234 88
2 57 320 317 88
2 60 80 77 88
2 59 80 77 88
2 57 80 77 88
2 55 80 77 88
2 54 80 77 88
2 55 880 714 88
2 55 400 392 88
2 54 80 77 88
2 55 80 77 88
2 55 240 234 88
2 54 3200 234 88
2 71 80 77 88
2 68 80 77 88
2 64 80 77 88
2 66 80 77 88
2 68 80 77 88
2 69 480 470 88
2 67 480 470 88
2 66 480 470 88
2 64 480 470 88
2 63 240 234 88
2 64 240 234 88
2 66 640 636 88
2 63 80 77 88
2 59 160 156 88
2 63 80 77 88
2 64 1040 714 88
2 51 80 77 88
2 52 80 77 88
2 54 80 77 88
2 55 80 77 88
2 57 80 77 88
2 55 80 77 88
2 64 480 470 88
2 66 480 477 88
2 67 480 470 88
2 69 480 477 88
2 71 2320 392 88
2 54 0 234 88
2 57 400 234 88
2 66 80 77 88
2 67 320 314 88
2 66 80 77 88
2 64 80 77 88
2 63 160 156 88
2 64 80 77 88
2 66 160 156 88
2 64 80 77 88
2 63 320 116 88
2 54 80 77 88
2 55 80 77 88
2 54 320 314 88
2 55 80 77 88
2 57 160 157 88
2 56 240 225 88
2 56 80 77 88
2 57 320 314 88
3 0 11600 0 0
3 52 80 77 88
3 54 80 77 88
3 55 240 234 88
3 57 60 58 88
3 55 60 58 88
3 54 60 58 88
3 55 60 58 88
3 57 240 234 88
3 59 60 58 88
3 57 60 58 88
3 55 60 58 88
3 57 60 58 88
3 59 240 234 88
3 55 240 234 88
3 52 240 234 88
3 60 480 474 88
3 59 160 156 88
3 63 80 77 88
3 64 240 234 88
3 57 480 474 88
3 55 160 156 88
3 63 80 77 88
3 64 240 234 88
3 54 320 317 88
3 55 80 77 88
3 57 80 77 88
3 55 80 77 88
3 54 80 77 88
3 52 80 77 88
3 51 80 77 88
3 60 80 77 88
3 59 80 77 88
3 57 80 77 88
3 55 80 77 88
3 54 80 77 88
3 55 80 77 88
3 57 80 77 88
3 59 80 77 88
3 57 80 77 88
3 55 80 77 88
3 54 80 77 88
3 52 80 77 88
3 62 80 77 88
3 60 80 77 88
3 59 80 77 88
3 57 80 77 88
3 55 80 77 88
3 57 80 77 88
3 59 80 77 88
3 60 80 77 88
3 59 80 77 88
3 57 80 77 88
3 55 80 77 88
3 54 80 77 88
3 64 80 77 88
3 62 80 77 88
3 60 80 77 88
3 59 80 77 88
3 57 80 77 88
3 59 80 77 88
3 60 80 77 88
3 62 80 77 88
3 60 80 77 88
3 59 80 77 88
3 57 80 77 88
3 55 80 77 88
3 59 80 77 88
3 62 80 77 88
3 67 240 234 88
3 60 240 234 88
3 64 240 234 88
3 54 80 77 88
3 57 80 77 88
3 60 80 77 88
3 66 240 234 88
3 59 240 234 88
3 62 240 234 88
3 52 80 77 88
3 55 80 77 88
3 59 80 77 88
3 64 240 234 88
3 57 240 234 88
3 60 240 234 88
3 50 80 77 88
3 54 80 77 88
3 57 80 77 88
3 62 240 234 88
3 55 480 470 88
3 57 480 470 88
3 59 1040 234 88
3 57 80 77 88
3 55 80 77 88
3 54 80 77 88
3 55 80 77 88
3 57 160 77 88
3 55 80 77 88
3 54 80 77 88
3 52 80 77 88
3 54 80 77 88
3 55 160 77 88
3 54 80 77 88
3 52 80 77 88
3 50 80 77 88
3 52 80 77 88
3 48 80 77 88
3 47 240 234 88
3 49 240 234 88
3 50 720 470 88
3 50 240 234 88
3 55 400 392 88
3 54 80 77 88
3 52 240 234 88
3 57 240 234 88
3 50 80 77 88
3 54 80 77 88
3 57 80 77 88
3 59 240 234 88
3 52 80 77 88
3 55 80 77 88
3 57 80 77 88
3 61 240 234 88
3 54 80 77 88
3 55 80 77 88
3 57 80 77 88
3 62 320 234 88
3 60 80 77 88
3 59 80 77 88
3 57 80 77 88
3 55 80 77 88
3 54 80 77 88
3 52 80 77 88
3 55 80 77 88
3 59 80 77 88
3 61 80 77 88
3 64 80 77 88
3 57 80 77 88
3 50 80 77 88
3 62 80 77 88
3 61 80 77 88
3 59 80 77 88
3 57 80 77 88
3 55 80 77 88
3 49 80 77 88
3 52 80 77 88
3 55 80 77 88
3 57 80 77 88
3 61 80 77 88
3 54 80 77 88
3 47 80 77 88
3 59 80 77 88
3 57 80 77 88
3 55 80 77 88
3 54 80 77 88
3 52 80 77 88
3 57 720 470 88
3 61 240 234 88
3 62 720 470 88
3 63 240 234 88
3 64 720 470 88
3 65 240 234 88
3 66 560 551 88
3 67 80 77 88
3 66 80 77 88
3 64 80 77 88
3 62 80 77 88
3 61 80 77 88
3 62 560 551 88
3 64 80 77 88
3 62 80 77 88
3 61 80 77 88
3 59 80 77 88
3 58 80 77 88
3 59 560 551 88
3 60 80 77 88
3 59 80 77 88
3 57 80 77 88
3 55 80 77 88
3 54 80 77 88
3 55 560 551 88
3 57 80 77 88
3 55 80 77 88
3 54 80 77 88
3 52 80 77 88
3 51 80 77 88
3 52 80 77 88
3 54 80 77 88
3 52 80 77 88
3 50 80 77 88
3 49 80 77 88
3 47 80 77 88
3 46 80 77 88
3 42 80 77 88
3 44 80 77 88
3 46 80 77 88
3 47 80 77 88
3 49 80 77 88
3 50 240 234 88
3 52 60 58 88
3 50 60 58 88
3 49 60 58 88
3 50 60 58 88
3 52 240 234 88
3 54 60 58 88
3 52 60 58 88
3 50 60 58 88
3 52 60 58 88
3 54 240 234 88
3 50 240 234 88
3 47 240 234 88
3 55 480 474 88
3 54 160 156 88
3 58 80 77 88
3 59 240 234 88
3 52 480 474 88
3 50 160 156 88
3 58 80 77 88
3 59 240 234 88
3 49 320 317 88
3 50 80 77 88
3 52 80 77 88
3 50 80 77 88
3 49 80 77 88
3 47 80 77 88
3 46 80 77 88
3 55 80 77 88
3 54 80 77 88
3 52 80 77 88
3 50 80 77 88
3 49 80 77 88
3 50 80 77 88
3 52 80 77 88
3 54 80 77 88
3 52 80 77 88
3 50 80 77 88
3 49 80 77 88
3 47 80 77 88
3 57 80 77 88
3 55 80 77 88
3 54 80 77 88
3 52 80 77 88
3 50 80 77 88
3 52 80 77 88
3 54 80 77 88
3 55 80 77 88
3 54 80 77 88
3 52 80 77 88
3 50 80 77 88
3 49 80 77 88
3 59 80 77 88
3 57 80 77 88
3 55 80 77 88
3 54 80 77 88
3 52 80 77 88
3 54 80 77 88
3 55 80 77 88
3 57 80 77 88
3 55 80 77 88
3 54 80 77 88
3 52 80 77 88
3 51 80 77 88
3 60 80 77 88
3 59 80 77 88
3 57 80 77 88
3 55 80 77 88
3 54 80 77 88
3 52 80 77 88
3 55 80 77 88
3 59 80 77 88
3 61 240 234 88
3 54 80 77 88
3 57 80 77 88
3 60 80 77 88
3 63 240 234 88
3 55 80 77 88
3 59 80 77 88
3 63 80 77 88
3 64 240 234 88
3 52 80 77 88
3 62 80 77 88
3 60 80 77 88
3 59 80 77 88
3 57 80 77 88
3 56 80 77 88
3 57 480 470 88
3 55 480 470 88
3 54 480 470 88
3 52 480 470 88
3 51 240 234 88
3 52 240 234 88
3 54 240 234 88
3 47 240 234 88
3 52 240 234 88
3 54 240 234 88
3 55 240 234 88
3 56 240 234 88
3 57 240 234 88
3 59 240 234 88
3 60 240 234 88
3 61 240 234 88
3 50 240 234 88
3 52 240 234 88
3 54 240 234 88
3 50 240 234 88
3 55 240 234 88
3 57 240 234 88
3 59 240 234 88
3 55 240 234 88
3 48 80 77 88
3 50 80 77 88
3 52 80 77 88
3 50 80 77 88
3 52 80 77 88
3 53 80 77 88
3 52 80 77 88
3 56 80 77 88
3 57 80 77 88
3 50 240 234 88
3 48 80 77 88
3 50 80 77 88
3 52 80 77 88
3 53 240 234 88
3 47 480 470 88
3 45 560 234 88
3 59 80 77 88
3 60 80 77 88
3 62 80 77 88
3 64 80 77 88
3 65 80 77 88
3 56 80 77 88
3 57 80 77 88
3 59 80 77 88
3 60 80 77 88
3 62 80 77 88
3 64 80 77 88
3 54 80 77 88
3 56 80 77 88
3 57 80 77 88
3 59 80 77 88
3 60 80 77 88
3 57 80 77 88
3 56 80 77 88
3 54 80 77 88
3 52 80 77 88
3 57 80 77 88
3 59 80 77 88
3 60 80 77 88
3 53 80 77 88
3 57 80 77 88
3 55 80 77 88
3 53 80 77 88
3 55 80 77 88
3 52 80 77 88
3 50 160 156 88
3 53 80 77 88
3 52 160 156 88
3 51 80 77 88
3 52 480 470 88
3 45 160 156 88
3 52 80 77 88
3 57 160 156 88
3 59 80 77 88
3 60 160 156 88
3 57 80 77 88
3 54 160 156 88
3 57 80 77 88
3 47 80 77 88
3 49 80 77 88
3 51 80 77 88
3 49 80 77 88
3 54 80 77 88
3 52 80 77 88
3 51 80 77 88
3 57 80 77 88
3 55 80 77 88
3 54 80 77 88
3 52 80 77 88
3 51 80 77 88
3 52 80 77 88
3 54 80 77 88
3 55 80 77 88
3 54 80 77 88
3 52 80 77 88
3 50 80 77 88
3 49 240 234 88
3 48 240 234 88
3 47 1040 1037 88
3 49 80 77 88
3 51 80 77 88
3 52 80 77 88
3 54 80 77 88
3 55 80 77 88
3 46 480 470 88
3 47 560 470 88
3 48 80 77 88
3 47 80 77 88
3 45 80 77 88
3 43 80 77 88
3 42 80 77 88
3 43 80 77 88
3 45 80 77 88
3 43 80 77 88
3 42 80 77 88
3 40 80 77 88
3 39 80 77 88
3 40 320 234 88
3 40 80 77 88
3 42 80 77 88
3 43 240 234 88
3 45 60 58 88
3 43 60 58 88
3 42 60 58 88
3 43 60 58 88
3 45 240 234 88
3 47 60 58 88
3 45 60 58 88
3 43 60 58 88
3 45 60 58 88
3 47 240 234 88
3 43 240 234 88
3 40 240 234 88
3 48 480 474 88
3 47 160 156 88
3 51 80 77 88
3 52 240 234 88
3 45 480 474 88
3 43 160 156 88
3 51 80 77 88
3 52 240 234 88
3 42 320 317 88
3 43 80 77 88
3 45 80 77 88
3 43 80 77 88
3 42 80 77 88
3 40 80 77 88
3 39 80 77 88
3 48 80 77 88
3 47 80 77 88
3 45 80 77 88
3 43 80 77 88
3 42 80 77 88
3 43 80 77 88
3 45 80 77 88
3 47 80 77 88
3 45 80 77 88
3 43 80 77 88
3 42 80 77 88
3 40 80 77 88
3 52 80 77 88
3 50 80 77 88
3 48 80 77 88
3 47 80 77 88
3 46 80 77 88
3 47 1280 1274 88
3 58 80 77 88
3 59 80 77 88
3 47 320 314 88
3 58 80 77 88
3 59 80 77 88
3 47 320 314 88
3 58 80 77 88
3 59 80 77 88
3 47 320 314 88
3 58 80 77 88
3 59 80 77 88
3 47 320 314 88
3 58 80 77 88
3 59 80 77 88
3 54 80 77 88
3 55 80 77 88
3 51 80 77 88
3 52 80 77 88
3 47 80 77 88
3 48 80 77 88
3 39 1440 234 88
3 48 400 234 88
3 58 80 77 88
3 59 1040 1037 88
3 61 80 77 88
3 63 80 77 88
3 64 160 77 88
3 46 80 77 88
3 47 480 470 88
3 52 560 551 88
3 51 80 77 88
3 52 80 77 88
