0 0 11640 0 0
0 71 120 116 88
0 69 120 116 88
0 66 120 116 88
0 74 120 116 88
0 71 120 116 88
0 76 120 116 88
0 75 120 116 88
0 69 120 116 88
0 68 120 116 88
0 77 120 116 88
0 76 120 116 88
0 71 120 116 88
0 70 120 116 88
0 79 120 116 88
0 78 120 116 88
0 77 120 116 88
0 78 120 116 88
0 74 120 116 88
0 71 120 116 88
0 73 540 533 88
0 73 60 58 88
0 74 60 58 88
0 76 60 58 88
0 78 60 58 88
0 79 60 58 88
0 71 60 58 88
0 70 60 58 88
0 71 540 538 88
0 65 60 58 88
0 66 60 58 88
0 68 60 58 88
0 69 60 58 88
0 71 60 58 88
0 73 60 58 88
0 66 60 58 88
0 74 60 58 88
0 76 60 58 88
0 78 240 234 88
0 76 60 58 88
0 74 60 58 88
0 73 60 58 88
0 74 60 58 88
0 76 240 234 88
0 74 60 58 88
0 73 60 58 88
0 71 60 58 88
0 73 60 58 88
0 74 240 234 88
0 73 60 58 88
0 71 60 58 88
0 69 360 234 88
0 78 240 234 88
0 76 60 58 88
0 74 60 58 88
0 73 60 58 88
0 74 60 58 88
0 76 240 236 88
0 74 60 58 88
0 73 60 58 88
0 71 60 58 88
0 73 60 58 88
0 74 240 234 88
0 73 60 58 88
0 71 60 58 88
0 70 60 58 88
0 71 60 58 88
0 73 240 236 88
0 71 60 58 88
0 70 60 58 88
0 71 300 294 88
0 70 60 58 88
0 71 60 58 88
0 74 60 58 88
0 73 240 234 88
0 71 240 234 88
0 69 240 234 88
0 68 240 234 88
0 66 360 356 88
0 65 120 116 88
0 66 300 294 88
0 68 60 58 88
0 69 60 58 88
0 71 60 58 88
0 73 60 58 88
0 74 60 58 88
0 66 60 58 88
0 65 60 58 88
0 66 240 234 88
0 78 360 353 88
0 76 120 116 88
0 75 120 116 88
0 78 120 116 88
0 79 600 590 88
0 78 120 116 88
0 77 120 116 88
0 80 120 116 88
0 73 120 116 88
0 74 60 58 88
0 76 60 58 88
0 74 60 58 88
0 76 60 58 88
0 78 240 234 88
0 76 60 58 88
0 74 60 58 88
0 73 60 58 88
0 74 60 58 88
0 76 240 236 88
0 74 60 58 88
0 73 60 58 88
0 71 60 58 88
0 73 60 58 88
0 74 240 234 88
0 73 60 58 88
0 71 60 58 88
0 70 60 58 88
0 71 60 58 88
0 73 240 236 88
0 71 240 116 88
0 83 240 234 88
0 81 60 58 88
0 79 60 58 88
0 78 60 58 88
0 79 60 58 88
0 81 240 236 88
0 79 60 58 88
0 78 60 58 88
0 76 60 58 88
0 78 60 58 88
0 79 240 234 88
0 78 60 58 88
0 76 60 58 88
0 75 60 58 88
0 76 60 58 88
0 78 240 236 88
0 76 60 58 88
0 75 60 58 88
0 76 60 58 88
0 78 60 58 88
0 79 60 58 88
0 83 60 58 88
0 81 120 116 88
0 79 120 116 88
0 78 240 234 88
0 76 240 234 88
0 74 240 234 88
0 73 240 234 88
0 71 60 58 88
0 73 60 58 88
0 74 60 58 88
0 76 60 58 88
0 74 60 58 88
0 73 180 175 88
0 71 300 294 88
0 73 60 58 88
0 74 60 58 88
0 76 60 58 88
0 78 60 58 88
0 79 60 58 88
0 71 60 58 88
0 70 60 58 88
0 74 480 470 88
0 73 360 353 88
0 75 120 116 88
0 77 360 234 88
0 78 180 175 88
0 77 60 58 88
0 78 60 58 88
0 81 60 58 88
0 80 360 234 88
0 78 120 116 88
0 74 120 116 88
0 71 120 116 88
0 79 120 116 88
0 78 120 116 88
0 83 120 116 88
0 82 120 116 88
0 76 120 116 88
0 75 120 116 88
0 79 300 294 88
0 78 60 58 88
0 80 60 58 88
0 82 60 58 88
0 83 60 58 88
0 79 60 58 88
0 78 60 58 88
0 77 60 58 88
0 78 240 234 88
0 77 300 294 88
0 76 60 58 88
0 78 60 58 88
0 80 60 58 88
0 81 60 58 88
0 83 60 58 88
0 76 60 58 88
0 75 60 58 88
0 76 60 58 88
0 66 60 58 88
0 67 60 58 88
0 69 60 58 88
0 71 60 58 88
0 73 60 58 88
0 74 60 58 88
0 78 60 58 88
0 76 60 58 88
0 73 60 58 88
0 74 60 58 88
0 78 60 58 88
0 79 60 58 88
0 76 60 58 88
0 78 60 58 88
0 82 60 58 88
0 83 240 234 88
0 81 240 234 88
0 80 240 234 88
0 78 300 298 88
0 77 60 58 88
0 78 60 58 88
0 77 60 58 88
0 78 300 294 88
0 69 60 58 88
0 71 60 58 88
0 73 60 58 88
0 74 60 58 88
0 76 60 58 88
0 66 60 58 88
0 65 60 58 88
0 66 120 116 88
0 78 120 116 88
0 74 120 116 88
0 71 120 116 88
0 79 120 116 88
0 78 120 116 88
0 83 120 116 88
0 82 120 116 88
0 76 120 116 88
0 75 240 116 88
0 76 180 175 88
0 75 60 58 88
0 76 60 58 88
0 79 60 58 88
0 78 240 234 88
0 76 60 58 88
0 74 60 58 88
0 73 60 58 88
0 71 60 58 88
0 69 60 58 88
0 71 60 58 88
0 73 60 58 88
0 76 60 58 88
0 74 60 58 88
0 71 60 58 88
0 73 60 58 88
0 76 60 58 88
0 78 60 58 88
0 74 60 58 88
0 76 60 58 88
0 80 60 58 88
0 81 60 58 88
0 79 60 58 88
0 78 60 58 88
0 76 60 58 88
0 74 60 58 88
0 73 60 58 88
0 71 60 58 88
0 69 60 58 88
0 67 60 58 88
0 64 60 58 88
0 66 60 58 88
0 69 60 58 88
0 71 60 58 88
0 67 60 58 88
0 69 60 58 88
0 73 60 58 88
0 74 60 58 88
0 76 60 58 88
0 74 60 58 88
0 76 60 58 88
0 78 60 58 88
0 79 60 58 88
0 81 60 58 88
0 78 60 58 88
0 74 60 58 88
0 77 60 58 88
0 76 60 58 88
0 74 60 58 88
0 72 60 58 88
0 71 60 58 88
0 72 60 58 88
0 74 60 58 88
0 72 60 58 88
0 71 180 175 88
0 69 360 353 88
0 74 60 58 88
0 76 60 58 88
0 78 60 58 88
0 79 60 58 88
0 69 60 58 88
0 68 60 58 88
0 76 60 58 88
0 78 60 58 88
0 67 60 58 88
0 66 60 58 88
0 74 60 58 88
0 76 60 58 88
0 66 60 58 88
0 64 60 58 88
0 73 60 58 88
0 71 60 58 88
0 73 60 58 88
0 74 60 58 88
0 76 60 58 88
0 78 60 58 88
0 79 60 58 88
0 76 60 58 88
0 81 480 470 88
0 79 240 234 88
0 77 240 234 88
0 76 240 234 88
0 74 300 294 88
0 73 60 58 88
0 74 60 58 88
0 73 60 58 88
0 74 300 298 88
0 76 60 58 88
0 78 60 58 88
0 79 60 58 88
0 81 60 58 88
0 83 60 58 88
0 74 60 58 88
0 73 60 58 88
0 74 720 714 88
0 73 120 116 88
0 78 180 175 88
0 71 60 58 88
0 73 60 58 88
0 74 60 58 88
0 76 60 58 88
0 78 60 58 88
0 71 60 58 88
0 70 60 58 88
0 74 240 234 88
0 73 120 116 88
0 71 120 116 88
0 73 540 470 88
0 66 60 58 88
0 68 60 58 88
0 69 60 58 88
0 71 60 58 88
0 73 60 58 88
0 66 60 58 88
0 65 60 58 88
0 69 720 234 88
0 80 240 234 88
0 78 240 234 88
0 76 240 234 88
0 75 240 234 88
0 73 360 353 88
0 72 120 116 88
0 73 300 298 88
0 75 60 58 88
0 76 60 58 88
0 78 60 58 88
0 80 60 58 88
0 81 60 58 88
0 73 60 58 88
0 72 60 58 88
0 76 540 533 88
0 76 60 58 88
0 78 60 58 88
0 80 60 58 88
0 81 60 58 88
0 83 60 58 88
0 75 60 58 88
0 73 60 58 88
0 75 720 234 88
0 78 240 234 88
0 76 240 234 88
0 74 240 234 88
0 73 240 234 88
0 71 300 294 88
0 70 60 58 88
0 71 60 58 88
0 70 60 58 88
0 71 300 298 88
0 73 60 58 88
0 74 60 58 88
0 76 60 58 88
0 78 60 58 88
0 79 60 58 88
0 71 60 58 88
0 70 60 58 88
0 74 300 294 88
0 73 60 58 88
0 74 60 58 88
0 73 60 58 88
0 76 60 58 88
0 74 60 58 88
0 78 60 58 88
0 76 60 58 88
0 79 420 412 88
0 78 60 58 88
0 81 420 415 88
0 80 60 58 88
0 83 120 116 88
0 81 120 116 88
0 80 300 294 88
0 77 60 58 88
0 78 180 173 88
0 78 60 58 88
0 80 60 58 88
0 81 60 58 88
0 83 60 58 88
0 80 60 58 88
0 78 60 58 88
0 77 60 58 88
0 81 1020 1011 88
0 78 60 58 88
0 79 60 58 88
0 81 60 58 88
0 83 60 58 88
0 84 60 58 88
0 78 60 58 88
0 76 60 58 88
0 78 300 293 88
0 78 60 58 88
0 74 60 58 88
0 71 60 58 88
0 79 60 58 88
0 81 60 58 88
0 83 240 234 88
0 81 60 58 88
0 79 60 58 88
0 78 60 58 88
0 79 60 58 88
0 81 240 234 88
0 79 60 58 88
0 78 60 58 88
0 76 60 58 88
0 78 60 58 88
0 79 240 234 88
0 78 60 58 88
0 76 60 58 88
0 74 300 294 88
0 76 60 58 88
0 78 240 234 88
0 76 60 58 88
0 74 60 58 88
0 73 60 58 88
0 74 60 58 88
0 76 240 236 88
0 74 60 58 88
0 73 60 58 88
0 71 60 58 88
0 73 60 58 88
0 74 240 234 88
0 73 60 58 88
0 71 60 58 88
0 70 60 58 88
0 71 60 58 88
0 73 180 178 88
0 66 60 58 88
0 68 60 58 88
0 70 60 58 88
0 71 60 58 88
0 73 60 58 88
0 74 60 58 88
0 78 60 58 88
0 76 60 58 88
0 73 60 58 88
0 74 60 58 88
0 78 60 58 88
0 79 60 58 88
0 76 60 58 88
0 78 60 58 88
0 82 60 58 88
0 83 60 58 88
0 81 60 58 88
0 79 60 58 88
0 78 60 58 88
0 76 60 58 88
0 74 60 58 88
0 72 60 58 88
0 71 60 58 88
0 69 60 58 88
0 66 60 58 88
0 67 60 58 88
0 71 60 58 88
0 72 60 58 88
0 69 60 58 88
0 71 60 58 88
0 75 60 58 88
0 76 240 234 88
0 74 240 234 88
0 73 240 234 88
0 71 300 298 88
0 70 60 58 88
0 71 60 58 88
0 70 60 58 88
0 71 300 294 88
0 73 60 58 88
0 74 60 58 88
0 76 60 58 88
0 78 60 58 88
0 79 60 58 88
0 71 60 58 88
0 70 60 58 88
0 71 60 58 88
0 74 60 58 88
0 76 60 58 88
0 78 60 58 88
0 79 60 58 88
0 81 60 58 88
0 72 60 58 88
0 71 60 58 88
0 72 60 58 88
0 76 60 58 88
0 78 60 58 88
0 79 60 58 88
0 82 60 58 88
0 83 60 58 88
0 74 60 58 88
0 73 60 58 88
0 74 480 470 88
0 73 720 714 88
0 72 60 58 88
0 70 60 58 88
0 71 360 353 88
0 70 240 234 88
1 0 120 0 0
1 66 120 116 88
1 62 120 116 88
1 59 120 116 88
1 67 120 116 88
1 66 120 116 88
1 71 120 116 88
1 70 120 116 88
1 64 120 116 88
1 63 120 116 88
1 72 120 116 88
1 71 120 116 88
1 66 120 116 88
1 65 120 116 88
1 74 120 116 88
1 73 120 116 88
1 72 120 116 88
1 73 120 116 88
1 69 120 116 88
1 66 120 116 88
1 69 41 40 88
1 68 30 29 88
1 69 30 29 88
1 68 30 29 88
1 69 30 29 88
1 68 30 29 88
1 69 30 29 88
1 68 30 29 88
1 69 30 29 88
1 68 27 26 88
1 69 26 25 88
1 68 26 25 88
1 69 26 25 88
1 68 27 26 88
1 66 26 25 88
1 68 41 40 88
1 66 180 175 88
1 65 60 58 88
1 66 60 58 88
1 68 60 58 88
1 69 60 58 88
1 73 60 58 88
1 71 60 58 88
1 68 60 58 88
1 69 60 58 88
1 72 60 58 88
1 78 240 234 88
1 76 240 234 88
1 74 240 234 88
1 73 240 234 88
1 71 360 356 88
1 70 120 116 88
1 71 300 294 88
1 73 60 58 88
1 74 60 58 88
1 76 60 58 88
1 78 60 58 88
1 79 60 58 88
1 71 60 58 88
1 70 60 58 88
1 74 600 590 88
1 72 120 116 88
1 71 120 116 88
1 75 120 116 88
1 76 600 590 88
1 74 120 116 88
1 73 120 116 88
1 77 120 116 88
1 78 180 175 88
1 79 60 58 88
1 78 60 58 88
1 76 60 58 88
1 74 60 58 88
1 71 60 58 88
1 73 60 58 88
1 76 60 58 88
1 74 60 58 88
1 71 60 58 88
1 66 120 116 88
1 78 300 295 88
1 79 60 58 88
1 78 60 58 88
1 76 60 58 88
1 75 60 58 88
1 73 60 58 88
1 71 60 58 88
1 73 30 29 88
1 74 30 29 88
1 73 180 175 88
1 71 60 58 88
1 69 60 58 88
1 74 60 58 88
1 68 240 234 88
1 69 240 234 88
1 71 720 714 88
1 69 240 234 88
1 67 480 470 88
1 66 480 470 88
1 65 120 116 88
1 63 240 116 88
1 75 120 116 88
1 75 120 116 88
1 76 480 116 88
1 76 120 116 88
1 74 60 58 88
1 73 60 58 88
1 74 60 58 88
1 71 60 58 88
1 73 240 234 88
1 71 120 116 88
1 66 120 116 88
1 67 600 596 88
1 61 360 353 88
1 66 240 234 88
1 68 480 474 88
1 66 1800 116 88
1 66 120 116 88
1 62 120 116 88
1 59 1680 116 88
1 66 120 116 88
1 62 120 116 88
1 59 120 116 88
1 67 120 116 88
1 66 120 116 88
1 71 120 116 88
1 70 120 116 88
1 64 120 116 88
1 63 120 116 88
1 72 120 116 88
1 71 120 116 88
1 66 120 116 88
1 65 120 116 88
1 74 120 116 88
1 73 120 116 88
1 72 120 116 88
1 73 120 116 88
1 69 120 116 88
1 66 120 116 88
1 68 480 470 88
1 69 600 590 88
1 72 120 116 88
1 71 120 116 88
1 75 120 116 88
1 76 600 590 88
1 74 120 116 88
1 73 120 116 88
1 77 120 116 88
1 78 360 234 88
1 71 60 58 88
1 69 60 58 88
1 67 60 58 88
1 69 60 58 88
1 71 240 234 88
1 69 60 58 88
1 67 60 58 88
1 66 60 58 88
1 67 60 58 88
1 69 240 234 88
1 67 60 58 88
1 66 60 58 88
1 64 60 58 88
1 66 60 58 88
1 67 240 234 88
1 66 60 58 88
1 64 60 58 88
1 62 60 58 88
1 64 60 58 88
1 66 240 234 88
1 64 60 58 88
1 62 60 58 88
1 60 60 58 88
1 62 60 58 88
1 64 240 234 88
1 62 60 58 88
1 60 60 58 88
1 59 60 58 88
1 60 60 58 88
1 62 240 234 88
1 60 60 58 88
1 59 60 58 88
1 57 60 58 88
1 59 60 58 88
1 60 240 234 88
1 59 60 58 88
1 57 60 58 88
1 55 360 234 88
1 64 60 58 88
1 63 60 53 88
1 63 60 58 88
1 64 60 58 88
1 66 60 58 88
1 67 60 58 88
1 69 60 58 88
1 67 60 58 88
1 69 60 58 88
1 71 60 58 88
1 72 60 58 88
1 69 60 58 88
1 71 180 175 88
1 69 60 58 88
1 68 60 58 88
1 66 60 58 88
1 64 60 58 88
1 67 60 58 88
1 66 60 58 88
1 70 60 58 88
1 71 360 353 88
1 71 60 58 88
1 70 120 58 88
1 69 60 58 88
1 67 60 58 88
1 66 60 58 88
1 64 540 470 88
1 66 60 58 88
1 68 60 58 88
1 70 60 58 88
1 71 60 58 88
1 73 60 58 88
1 66 60 58 88
1 65 60 58 88
1 69 480 470 88
1 68 120 116 88
1 73 120 116 88
1 69 120 116 88
1 66 120 116 88
1 74 120 116 88
1 73 120 116 88
1 78 120 116 88
1 77 120 116 88
1 71 120 116 88
1 70 240 116 88
1 71 180 175 88
1 70 60 58 88
1 71 60 58 88
1 74 60 58 88
1 73 360 356 88
1 71 120 116 88
1 76 120 116 88
1 70 120 116 88
1 71 540 538 88
1 70 60 58 88
1 71 60 58 88
1 73 60 58 88
1 74 60 58 88
1 76 60 58 88
1 69 60 58 88
1 68 60 58 88
1 69 600 596 88
1 67 120 116 88
1 66 780 234 88
1 78 60 58 88
1 81 60 58 88
1 79 60 58 88
1 78 60 58 88
1 76 60 58 88
1 75 60 58 88
1 73 60 58 88
1 71 60 58 88
1 74 60 58 88
1 73 60 58 88
1 71 60 58 88
1 69 60 58 88
1 68 60 58 88
1 69 60 58 88
1 66 60 58 88
1 68 300 234 88
1 76 60 58 88
1 74 60 58 88
1 73 60 58 88
1 71 60 58 88
1 69 60 58 88
1 68 60 58 88
1 69 60 58 88
1 71 360 356 88
1 70 240 116 88
1 71 180 175 88
1 70 60 58 88
1 71 60 58 88
1 74 60 58 88
1 73 360 234 88
1 71 120 116 88
1 67 120 116 88
1 64 120 116 88
1 72 120 116 88
1 71 120 116 88
1 76 120 116 88
1 75 120 116 88
1 69 120 116 88
1 68 120 116 88
1 69 360 353 88
1 68 120 116 88
1 73 120 116 88
1 71 120 116 88
1 76 360 116 88
1 66 120 116 88
1 62 360 234 88
1 67 120 116 88
1 69 120 116 88
1 74 120 116 88
1 72 240 234 88
1 71 240 234 88
1 69 360 353 88
1 69 60 58 88
1 68 60 58 88
1 69 60 58 88
1 67 60 58 88
1 66 60 58 88
1 64 60 58 88
1 62 60 58 88
1 61 60 58 88
1 59 60 58 88
1 61 60 58 88
1 62 240 234 88
1 61 240 234 88
1 59 240 234 88
1 57 3420 470 88
1 64 60 58 88
1 66 60 58 88
1 67 60 58 88
1 69 60 58 88
1 71 60 58 88
1 64 60 58 88
1 63 60 58 88
1 67 600 596 88
1 66 120 116 88
1 65 120 116 88
1 68 180 175 88
1 65 60 58 88
1 66 60 58 88
1 68 60 58 88
1 69 60 58 88
1 71 60 58 88
1 62 60 58 88
1 61 60 58 88
1 63 240 234 88
1 65 120 116 88
1 68 180 173 88
1 68 60 58 88
1 66 60 58 88
1 65 60 58 88
1 66 60 58 88
1 68 60 58 88
1 69 60 58 88
1 73 60 58 88
1 71 60 58 88
1 68 60 58 88
1 69 60 58 88
1 73 60 58 88
1 71 60 58 88
1 74 60 58 88
1 73 60 58 88
1 71 60 58 88
1 73 60 58 88
1 74 60 58 88
1 76 60 58 88
1 74 60 58 88
1 73 60 58 88
1 71 60 58 88
1 70 60 58 88
1 68 60 58 88
1 66 60 58 88
1 69 60 58 88
1 68 60 58 88
1 72 60 58 88
1 73 60 58 88
1 75 60 58 88
1 76 60 58 88
1 78 60 58 88
1 76 60 58 88
1 75 120 58 88
1 69 60 58 88
1 68 60 58 88
1 71 60 58 88
1 69 60 58 88
1 68 60 58 88
1 66 480 470 88
1 68 540 538 88
1 61 60 58 88
1 63 60 58 88
1 64 60 58 88
1 66 60 58 88
1 68 60 58 88
1 69 60 58 88
1 71 60 58 88
1 69 60 58 88
1 66 60 58 88
1 68 60 58 88
1 69 60 58 88
1 71 60 58 88
1 73 60 58 88
1 75 60 58 88
1 76 60 58 88
1 78 60 58 88
1 75 60 58 88
1 76 60 58 88
1 80 60 58 88
1 78 60 58 88
1 73 60 58 88
1 71 60 58 88
1 69 60 58 88
1 71 60 58 88
1 73 60 58 88
1 74 60 58 88
1 73 60 58 88
1 71 60 58 88
1 69 60 58 88
1 68 60 58 88
1 66 60 58 88
1 64 60 58 88
1 67 60 58 88
1 66 60 58 88
1 64 60 58 88
1 62 60 58 88
1 61 60 58 88
1 62 60 58 88
1 59 60 58 88
1 61 300 234 88
1 69 60 58 88
1 67 60 58 88
1 66 60 58 88
1 64 360 234 88
1 73 180 173 88
1 73 60 58 88
1 71 60 58 88
1 70 60 58 88
1 71 240 234 88
1 73 120 116 88
1 74 180 116 88
1 76 60 58 88
1 74 60 58 88
1 73 60 58 88
1 71 60 58 88
1 70 60 58 88
1 71 180 116 88
1 78 60 58 88
1 76 60 58 88
1 75 60 58 88
1 73 60 58 88
1 72 60 58 88
1 73 180 116 88
1 80 120 116 88
1 78 120 113 88
1 78 60 58 88
1 77 60 58 88
1 80 60 58 88
1 73 180 175 88
1 74 60 58 88
1 71 480 470 88
1 73 540 538 88
1 66 60 58 88
1 67 60 58 88
1 69 60 58 88
1 71 60 58 88
1 72 60 58 88
1 64 60 58 88
1 63 60 58 88
1 64 540 533 88
1 64 60 58 88
1 62 60 58 88
1 61 60 58 88
1 62 360 116 88
1 76 60 58 88
1 74 60 58 88
1 73 60 58 88
1 74 60 58 88
1 76 240 236 88
1 74 60 58 88
1 73 60 58 88
1 71 60 58 88
1 73 60 58 88
1 74 240 234 88
1 73 60 58 88
1 71 60 58 88
1 70 60 58 88
1 71 60 58 88
1 73 360 354 88
1 71 120 116 88
1 69 120 116 88
1 67 60 58 88
1 69 60 58 88
1 71 240 234 88
1 69 60 58 88
1 67 60 58 88
1 66 60 58 88
1 67 60 58 88
1 69 240 234 88
1 67 60 58 88
1 66 60 58 88
1 64 60 58 88
1 66 60 58 88
1 67 240 234 88
1 66 60 58 88
1 64 60 58 88
1 62 240 234 88
1 71 360 353 88
1 70 120 116 88
1 74 120 116 88
1 73 120 116 88
1 78 840 116 88
1 71 180 178 88
1 73 60 58 88
1 71 60 58 88
1 69 60 58 88
1 68 300 234 88
1 67 60 58 88
1 66 180 175 88
1 64 60 58 88
1 62 60 58 88
1 64 60 58 88
1 61 300 234 88
1 66 60 58 88
1 64 60 58 88
1 62 60 58 88
1 61 480 470 88
1 59 360 234 88
1 66 120 116 88
1 64 600 234 88
1 66 120 116 88
1 62 120 116 88
1 59 120 116 88
1 67 120 116 88
1 66 120 116 88
1 71 120 116 88
1 70 120 116 88
1 64 120 116 88
1 63 240 116 88
1 68 120 116 88
1 66 120 116 88
1 65 120 116 88
1 66 180 175 88
1 64 60 58 88
2 0 3000 0 0
2 59 120 116 88
2 57 120 116 88
2 54 120 116 88
2 62 120 116 88
2 59 120 116 88
2 64 120 116 88
2 63 120 116 88
2 57 120 116 88
2 56 120 116 88
2 65 120 116 88
2 64 120 116 88
2 59 120 116 88
2 58 120 116 88
2 67 120 116 88
2 66 120 116 88
2 65 120 116 88
2 66 120 116 88
2 62 120 116 88
2 59 120 116 88
2 61 480 470 88
2 59 60 58 88
2 66 60 58 88
2 68 60 58 88
2 70 60 58 88
2 71 60 58 88
2 73 60 58 88
2 66 60 58 88
2 65 60 58 88
2 69 600 596 88
2 67 120 116 88
2 66 120 116 88
2 70 120 116 88
2 71 600 596 88
2 70 120 116 88
2 71 480 234 88
2 73 240 234 88
2 71 240 234 88
2 69 240 234 88
2 68 240 234 88
2 66 360 356 88
2 65 120 116 88
2 66 300 294 88
2 68 60 58 88
2 69 60 58 88
2 71 60 58 88
2 73 60 58 88
2 74 60 58 88
2 66 60 58 88
2 65 60 58 88
2 66 720 708 88
2 64 420 415 88
2 62 60 58 88
2 61 60 58 88
2 59 60 58 88
2 57 60 58 88
2 54 60 58 88
2 56 60 58 88
2 59 60 58 88
2 57 60 58 88
2 54 60 58 88
2 60 120 116 88
2 59 60 58 88
2 57 60 58 88
2 59 480 470 88
2 52 240 234 88
2 59 120 116 88
2 57 120 116 88
2 56 120 116 88
2 54 120 116 88
2 66 120 116 88
2 62 120 116 88
2 64 600 596 88
2 61 120 116 88
2 58 120 116 88
2 54 120 116 88
2 62 480 470 88
2 61 600 590 88
2 59 60 58 88
2 57 60 58 88
2 56 60 58 88
2 57 60 58 88
2 59 240 236 88
2 57 60 58 88
2 56 60 58 88
2 54 60 58 88
2 56 60 58 88
2 57 240 234 88
2 56 60 58 88
2 54 60 58 88
2 53 60 58 88
2 54 60 58 88
2 56 120 116 88
2 54 60 58 88
2 71 60 58 88
2 73 240 234 88
2 71 60 58 88
2 69 60 58 88
2 67 60 58 88
2 69 60 58 88
2 71 240 234 88
2 69 60 58 88
2 67 60 58 88
2 66 60 58 88
2 67 60 58 88
2 69 240 234 88
2 67 60 58 88
2 66 60 58 88
2 64 60 58 88
2 66 60 58 88
2 67 240 234 88
2 66 60 58 88
2 64 60 58 88
2 62 6840 234 88
2 59 120 116 88
2 55 120 116 88
2 52 1680 116 88
2 59 120 116 88
2 55 120 116 88
2 52 120 116 88
2 60 120 116 88
2 59 120 116 88
2 64 120 116 88
2 63 120 116 88
2 57 120 116 88
2 56 120 116 88
2 65 120 116 88
2 64 120 116 88
2 59 120 116 88
2 58 120 116 88
2 67 120 116 88
2 66 120 116 88
2 65 120 116 88
2 66 120 116 88
2 62 120 116 88
2 59 120 116 88
2 61 480 470 88
2 59 540 470 88
2 61 60 58 88
2 63 60 58 88
2 65 60 58 88
2 66 60 58 88
2 68 60 58 88
2 61 60 58 88
2 60 60 58 88
2 61 60 58 88
2 59 60 58 88
2 57 60 58 88
2 56 60 58 88
2 54 60 58 88
2 56 60 58 88
2 57 60 58 88
2 61 60 58 88
2 59 60 58 88
2 56 60 58 88
2 57 60 58 88
2 61 60 58 88
2 62 60 58 88
2 59 60 58 88
2 61 60 58 88
2 65 60 58 88
2 66 60 58 88
2 64 60 58 88
2 62 60 58 88
2 61 60 58 88
2 59 60 58 88
2 61 60 58 88
2 62 60 58 88
2 66 60 58 88
2 64 60 58 88
2 61 60 58 88
2 62 60 58 88
2 66 60 58 88
2 67 60 58 88
2 64 60 58 88
2 66 60 58 88
2 70 60 58 88
2 71 60 58 88
2 69 60 58 88
2 67 60 58 88
2 66 60 58 88
2 64 60 58 88
2 62 60 58 88
2 64 60 58 88
2 61 60 58 88
2 62 600 596 88
2 61 120 116 88
2 59 120 116 88
2 62 120 116 88
2 60 600 596 88
2 59 240 116 88
2 59 180 175 88
2 58 60 58 88
2 59 60 58 88
2 62 60 58 88
2 61 240 234 88
2 54 4920 234 88
2 57 120 116 88
2 54 120 116 88
2 50 120 116 88
2 59 120 116 88
2 57 120 116 88
2 62 120 116 88
2 61 120 116 88
2 55 120 116 88
2 54 120 116 88
2 63 120 116 88
2 62 120 116 88
2 57 120 116 88
2 56 120 116 88
2 65 120 116 88
2 64 120 116 88
2 63 120 116 88
2 64 120 116 88
2 61 120 116 88
2 57 120 116 88
2 59 600 596 88
2 57 240 234 88
2 55 240 234 88
2 54 120 116 88
2 52 120 116 88
2 49 180 116 88
2 79 60 58 88
2 78 60 58 88
2 76 60 58 88
2 74 60 58 88
2 72 60 58 88
2 71 60 58 88
2 72 60 58 88
2 74 60 58 88
2 76 60 58 88
2 74 60 58 88
2 72 60 58 88
2 71 60 58 88
2 73 60 58 88
2 74 60 58 88
2 71 60 58 88
2 67 60 58 88
2 70 60 58 88
2 69 60 58 88
2 67 60 58 88
2 65 60 58 88
2 64 60 58 88
2 65 60 58 88
2 62 60 58 88
2 64 300 234 88
2 72 60 58 88
2 71 60 58 88
2 69 60 58 88
2 67 60 58 88
2 66 60 58 88
2 64 60 58 88
2 62 60 58 88
2 61 60 58 88
2 59 60 58 88
2 57 60 58 88
2 55 60 58 88
2 54 60 58 88
2 57 60 58 88
2 59 60 58 88
2 61 60 58 88
2 62 60 58 88
2 64 60 58 88
2 57 60 58 88
2 56 60 58 88
2 57 480 470 88
2 59 120 116 88
2 58 60 58 88
2 59 60 58 88
2 61 120 116 88
2 52 120 116 88
2 59 540 116 88
2 49 60 58 88
2 51 60 58 88
2 53 60 58 88
2 54 60 58 88
2 56 60 58 88
2 57 60 58 88
2 53 60 58 88
2 54 240 234 88
2 56 360 234 88
2 61 120 116 88
2 57 120 116 88
2 54 120 116 88
2 62 120 116 88
2 61 120 116 88
2 66 120 116 88
2 65 120 116 88
2 59 120 116 88
2 58 120 116 88
2 67 120 116 88
2 66 120 116 88
2 61 120 116 88
2 60 120 116 88
2 69 120 116 88
2 68 120 116 88
2 67 120 116 88
2 68 120 116 88
2 64 120 116 88
2 61 120 116 88
2 63 540 531 88
2 56 60 58 88
2 58 60 58 88
2 60 60 58 88
2 61 60 58 88
2 63 60 58 88
2 54 60 58 88
2 52 60 58 88
2 54 3480 234 88
2 66 120 116 88
2 62 120 116 88
2 59 120 116 88
2 67 120 116 88
2 66 120 116 88
2 71 120 116 88
2 70 120 116 88
2 64 120 116 88
2 63 120 116 88
2 72 120 116 88
2 71 120 116 88
2 66 120 116 88
2 65 120 116 88
2 74 120 116 88
2 73 120 116 88
2 72 120 116 88
2 73 120 116 88
2 69 120 116 88
2 66 120 116 88
2 68 540 531 88
2 61 60 58 88
2 63 60 58 88
2 65 60 58 88
2 66 60 58 88
2 68 60 58 88
2 59 60 58 88
2 57 60 58 88
2 59 960 945 88
2 58 120 116 88
2 54 120 116 88
2 59 120 116 88
2 62 120 116 88
2 64 120 116 88
2 67 120 116 88
2 69 120 116 88
2 61 120 116 88
2 62 120 116 88
2 66 120 116 88
2 67 120 116 88
2 59 120 116 88
2 61 120 116 88
2 64 120 116 88
2 66 120 116 88
2 58 120 116 88
2 59 60 58 88
2 54 60 58 88
2 55 60 58 88
2 57 60 58 88
2 59 60 58 88
2 60 60 58 88
2 52 60 58 88
2 51 60 58 88
2 52 120 116 88
2 55 120 116 88
2 57 120 116 88
2 61 120 116 88
2 62 120 116 88
2 54 120 116 88
2 55 120 116 88
2 59 120 116 88
2 61 120 116 88
2 52 120 116 88
2 54 120 116 88
2 58 120 116 88
2 59 120 116 88
2 54 120 116 88
2 50 120 116 88
2 47 120 116 88
2 55 120 116 88
2 54 120 116 88
2 59 120 116 88
2 58 120 116 88
2 52 120 116 88
2 51 120 116 88
2 52 480 470 88
2 54 240 234 88
2 52 300 234 88
2 59 60 58 88
2 61 60 58 88
2 62 60 58 88
2 64 180 173 88
2 64 60 58 88
2 62 60 58 88
2 61 60 58 88
2 59 60 58 88
2 57 60 58 88
2 56 120 116 88
2 54 180 175 88
2 57 60 58 88
2 55 60 58 88
2 54 60 58 88
2 52 480 470 88
2 54 360 234 88
2 57 120 116 88
2 55 360 234 88
2 59 120 116 88
2 58 60 58 88
2 54 60 58 88
2 56 60 58 88
2 58 60 58 88
2 59 60 58 88
2 61 60 58 88
2 62 60 58 88
2 59 120 113 88
2 59 60 58 88
2 58 60 58 88
2 59 60 58 88
2 61 60 58 88
2 62 60 58 88
2 64 60 58 88
2 61 60 58 88
2 66 360 234 88
2 62 120 116 88
2 61 480 470 88
3 0 71580 0 0
3 47 60 58 88
3 49 60 58 88
3 50 60 58 88
3 52 60 58 88
3 49 60 58 88
4 0 7800 0 0
4 54 120 116 88
4 50 120 116 88
4 47 120 116 88
4 55 120 116 88
4 54 120 116 88
4 59 120 116 88
4 58 120 116 88
4 52 120 116 88
4 51 120 116 88
4 60 120 116 88
4 59 120 116 88
4 54 120 116 88
4 53 120 116 88
4 62 120 116 88
4 61 120 116 88
4 60 120 116 88
4 61 120 116 88
4 57 120 116 88
4 54 120 116 88
4 56 480 470 88
4 54 60 53 88
4 54 60 58 88
4 55 60 58 88
4 57 60 58 88
4 59 60 58 88
4 60 60 58 88
4 52 60 58 88
4 51 60 58 88
4 52 60 58 88
4 54 60 58 88
4 55 60 58 88
4 52 60 58 88
4 58 60 58 88
4 59 60 58 88
4 50 60 58 88
4 49 60 58 88
4 50 120 116 88
4 47 120 116 88
4 54 480 470 88
4 54 240 234 88
4 52 240 234 88
4 50 240 234 88
4 49 240 234 88
4 47 360 356 88
4 46 120 116 88
4 47 300 294 88
4 49 60 58 88
4 50 60 58 88
4 52 60 58 88
4 54 60 58 88
4 55 60 58 88
4 47 60 58 88
4 46 60 58 88
4 50 540 531 88
4 46 60 58 88
4 47 60 58 88
4 49 60 58 88
4 50 60 58 88
4 52 60 58 88
4 42 60 58 88
4 41 60 58 88
4 42 240 234 88
4 54 120 116 88
4 57 120 116 88
4 59 120 116 88
4 50 120 116 88
4 52 120 116 88
4 56 120 116 88
4 57 120 116 88
4 49 120 116 88
4 50 120 116 88
4 54 120 116 88
4 56 120 116 88
4 47 120 116 88
4 49 120 116 88
4 53 120 116 88
4 54 120 116 88
4 45 120 116 88
4 47 120 116 88
4 50 120 116 88
4 52 120 116 88
4 43 120 116 88
4 45 120 116 88
4 49 120 116 88
4 50 120 116 88
4 42 120 116 88
4 43 120 116 88
4 47 120 116 88
4 49 120 116 88
4 40 120 116 88
4 42 120 116 88
4 46 120 116 88
4 47 300 294 88
4 49 60 58 88
4 50 60 58 88
4 54 60 58 88
4 52 60 58 88
4 49 60 58 88
4 50 60 58 88
4 54 60 58 88
4 55 60 58 88
4 52 60 58 88
4 54 60 58 88
4 58 60 58 88
4 59 60 58 88
4 55 60 58 88
4 54 60 58 88
4 52 60 58 88
4 51 180 175 88
4 49 60 58 88
4 50 60 58 88
4 52 60 58 88
4 50 60 58 88
4 49 60 58 88
4 47 60 58 88
4 45 60 58 88
4 44 60 58 88
4 42 60 58 88
4 44 60 58 88
4 47 60 58 88
4 45 60 58 88
4 44 60 58 88
4 42 60 58 88
4 45 60 58 88
4 50 60 58 88
4 49 60 58 88
4 47 120 116 88
4 44 120 116 88
4 49 120 116 88
4 37 120 116 88
4 54 60 58 88
4 55 60 58 88
4 57 60 58 88
4 59 60 58 88
4 60 60 58 88
4 62 60 58 88
4 52 60 58 88
4 51 60 58 88
4 55 540 538 88
4 47 60 58 88
4 49 60 58 88
4 50 60 58 88
4 52 60 58 88
4 54 60 58 88
4 47 60 58 88
4 46 60 58 88
4 47 600 596 88
4 46 120 116 88
4 47 120 116 88
4 50 120 116 88
4 52 120 116 88
4 43 120 116 88
4 45 120 116 88
4 49 120 116 88
4 50 120 116 88
4 42 120 116 88
4 43 120 116 88
4 47 120 116 88
4 49 120 116 88
4 40 120 116 88
4 42 120 116 88
4 46 120 116 88
4 47 120 116 88
4 50 120 116 88
4 52 120 116 88
4 55 120 116 88
4 57 120 116 88
4 60 120 116 88
4 62 120 116 88
4 54 120 116 88
4 55 120 116 88
4 59 120 116 88
4 60 120 116 88
4 52 120 116 88
4 54 120 116 88
4 57 120 116 88
4 59 120 116 88
4 51 120 116 88
4 52 7800 234 88
4 52 120 116 88
4 50 120 116 88
4 47 120 116 88
4 55 120 116 88
4 54 120 116 88
4 59 120 116 88
4 58 120 116 88
4 52 120 116 88
4 51 120 116 88
4 60 120 116 88
4 59 120 116 88
4 54 120 116 88
4 53 120 116 88
4 62 120 116 88
4 61 120 116 88
4 60 120 116 88
4 61 120 116 88
4 57 120 116 88
4 54 120 116 88
4 56 480 470 88
4 54 60 58 88
4 52 60 58 88
4 50 60 58 88
4 49 60 58 88
4 47 60 58 88
4 49 60 58 88
4 50 60 58 88
4 54 60 58 88
4 52 60 58 88
4 49 60 58 88
4 50 60 58 88
4 54 60 58 88
4 55 60 58 88
4 52 60 58 88
4 54 60 58 88
4 58 60 58 88
4 59 60 58 88
4 57 60 58 88
4 55 60 58 88
4 54 60 58 88
4 52 60 58 88
4 54 60 58 88
4 55 60 58 88
4 59 60 58 88
4 57 60 58 88
4 54 60 58 88
4 55 60 58 88
4 59 60 58 88
4 60 60 58 88
4 57 60 58 88
4 59 60 58 88
4 63 60 58 88
4 64 120 116 88
4 52 120 116 88
4 49 120 116 88
4 45 120 116 88
4 54 120 116 88
4 52 120 116 88
4 57 120 116 88
4 56 120 116 88
4 50 120 116 88
4 49 120 116 88
4 50 3240 954 88
4 50 120 116 88
4 49 120 116 88
4 45 120 116 88
4 54 120 116 88
4 50 120 116 88
4 55 120 116 88
4 54 120 116 88
4 48 120 116 88
4 47 120 116 88
4 57 120 116 88
4 56 120 116 88
4 50 120 116 88
4 49 120 116 88
4 58 120 116 88
4 57 120 116 88
4 56 120 116 88
4 57 120 116 88
4 54 120 116 88
4 50 120 116 88
4 52 480 470 88
4 50 360 234 88
4 47 120 116 88
4 45 360 234 88
4 54 120 116 88
4 52 360 234 88
4 49 120 116 88
4 47 60 58 88
4 42 60 58 88
4 44 60 58 88
4 45 60 58 88
4 47 60 58 88
4 49 60 58 88
4 42 60 58 88
4 41 60 58 88
4 45 720 714 88
4 44 240 234 88
4 42 3960 116 88
4 47 120 116 88
4 44 120 116 88
4 40 120 116 88
4 49 120 116 88
4 47 120 116 88
4 52 120 116 88
4 51 120 116 88
4 45 120 116 88
4 44 120 116 88
4 53 120 116 88
4 52 120 116 88
4 47 120 116 88
4 46 120 116 88
4 55 120 116 88
4 54 120 116 88
4 53 120 116 88
4 54 120 116 88
4 50 120 116 88
4 47 120 116 88
4 49 480 470 88
4 47 9240 116 88
4 47 120 116 88
4 43 120 116 88
4 40 120 116 88
4 48 120 116 88
4 47 120 116 88
4 52 120 116 88
4 51 120 116 88
4 45 120 116 88
4 44 120 116 88
4 53 120 116 88
4 52 120 116 88
4 47 120 116 88
4 46 120 116 88
4 55 120 116 88
4 54 120 116 88
4 53 120 116 88
4 54 120 116 88
4 50 120 116 88
4 47 120 116 88
4 49 480 470 88
4 50 360 234 88
4 51 120 116 88
4 52 360 234 88
4 53 120 116 88
4 54 1020 1018 88
4 46 60 58 88
4 47 60 58 88
4 49 60 58 88
4 51 60 58 88
4 53 60 58 88
4 42 60 58 88
4 41 60 58 88
4 42 480 470 88
