0 0 3000 0 0
0 64 60 58 88
0 63 60 58 88
0 64 120 116 88
0 66 120 116 88
0 67 120 113 88
0 67 60 58 88
0 66 60 58 88
0 67 120 116 88
0 69 120 116 88
0 71 60 58 88
0 69 60 58 88
0 67 60 58 88
0 69 60 58 88
0 71 120 116 88
0 72 120 116 88
0 63 120 116 88
0 59 240 116 88
0 64 120 116 88
0 66 60 58 88
0 67 60 58 88
0 64 60 58 88
0 66 60 58 88
0 67 60 58 88
0 69 60 58 88
0 66 60 58 88
0 67 60 58 88
0 69 120 116 88
0 67 120 116 88
0 66 120 116 88
0 71 120 116 88
0 64 120 116 88
0 66 60 58 88
0 68 60 58 88
0 69 60 58 88
0 71 60 58 88
0 72 60 58 88
0 74 60 58 88
0 76 120 116 88
0 69 120 116 88
0 68 240 234 88
0 69 120 113 88
0 69 120 116 88
0 67 120 116 88
0 65 120 116 88
0 64 120 116 88
0 72 120 116 88
0 71 120 116 88
0 69 120 116 88
0 68 120 116 88
0 76 120 116 88
0 74 120 116 88
0 72 120 116 88
0 71 60 58 88
0 72 60 58 88
0 74 60 58 88
0 71 60 58 88
0 72 60 58 88
0 71 60 58 88
0 69 60 58 88
0 72 60 58 88
0 74 60 58 88
0 76 60 58 88
0 77 60 58 88
0 74 60 58 88
0 76 360 353 88
0 69 120 116 88
0 71 60 58 88
0 72 60 58 88
0 74 240 236 88
0 72 120 116 88
0 71 120 116 88
0 69 120 116 88
0 67 120 116 88
0 76 120 116 88
0 74 120 116 88
0 72 120 116 88
0 71 360 234 88
0 69 240 234 88
0 67 60 58 88
0 66 60 58 88
0 67 60 58 88
0 69 60 58 88
0 71 60 58 88
0 67 60 58 88
0 72 360 234 88
0 71 120 116 88
0 69 60 58 88
0 67 60 58 88
0 69 60 58 88
0 71 60 58 88
0 72 120 116 88
0 66 120 116 88
0 71 60 58 88
0 69 60 58 88
0 72 60 58 88
0 71 60 58 88
0 69 60 58 88
0 67 60 58 88
0 66 60 58 88
0 67 60 58 88
0 64 120 116 88
0 76 60 58 88
0 77 60 58 88
0 76 120 116 88
0 74 120 116 88
0 72 120 113 88
0 72 60 58 88
0 74 60 58 88
0 72 120 116 88
0 71 120 116 88
0 69 60 58 88
0 71 60 58 88
0 72 60 58 88
0 71 60 58 88
0 69 120 116 88
0 67 120 116 88
0 78 120 116 88
0 81 240 116 88
0 76 120 116 88
0 74 60 58 88
0 72 60 58 88
0 76 60 58 88
0 74 60 58 88
0 72 60 58 88
0 71 60 58 88
0 74 60 58 88
0 72 60 58 88
0 71 120 116 88
0 72 120 116 88
0 74 60 58 88
0 71 60 58 88
0 69 60 58 88
0 67 60 58 88
0 76 30 29 88
0 78 30 29 88
0 76 60 58 88
0 78 60 58 88
0 79 60 53 88
0 79 26 25 88
0 78 27 26 88
0 79 22 21 88
0 78 23 22 88
0 79 22 21 88
0 78 60 58 88
0 79 60 58 88
0 79 600 590 88
0 79 60 58 88
0 81 60 58 88
0 79 120 116 88
0 77 120 116 88
0 76 60 58 88
0 74 60 58 88
0 72 60 58 88
0 74 60 58 88
0 76 60 58 88
0 77 60 58 88
0 79 180 175 88
0 77 60 58 88
0 76 60 58 88
0 77 60 58 88
0 79 60 58 88
0 81 60 58 88
0 82 60 58 88
0 79 60 58 88
0 81 180 175 88
0 82 60 58 88
0 79 180 175 88
0 81 60 58 88
0 77 60 58 88
0 76 60 58 88
0 77 60 58 88
0 79 60 58 88
0 81 120 116 88
0 69 120 116 88
0 74 60 58 88
0 79 60 58 88
0 77 60 58 88
0 76 60 58 88
0 77 26 25 88
0 76 27 26 88
0 77 22 21 88
0 76 23 22 88
0 77 22 21 88
0 76 60 58 88
0 74 60 53 88
0 74 360 353 88
0 76 120 116 88
0 77 780 768 88
0 76 60 58 88
0 74 60 58 88
0 72 60 58 88
0 71 120 116 88
0 72 240 234 88
0 71 120 116 88
0 72 360 353 88
0 70 120 116 88
0 69 600 590 88
0 68 120 116 88
0 69 120 116 88
0 71 120 116 88
0 64 300 294 88
0 66 60 58 88
0 68 60 58 88
0 69 60 58 88
0 71 60 58 88
0 72 60 58 88
0 71 60 58 88
0 72 60 58 88
0 74 360 356 88
0 72 240 234 88
0 71 240 234 88
0 69 60 58 88
0 68 60 58 88
0 69 480 474 88
0 68 240 234 88
0 69 120 113 88
0 69 60 58 88
0 68 60 58 88
0 69 120 116 88
0 71 120 116 88
0 72 120 113 88
0 72 60 58 88
0 71 60 58 88
0 72 120 116 88
0 74 120 116 88
0 76 60 58 88
0 74 60 58 88
0 72 60 58 88
0 74 60 58 88
0 76 120 116 88
0 77 120 116 88
0 68 120 116 88
0 64 240 116 88
0 69 120 116 88
0 71 60 58 88
0 72 60 58 88
0 69 60 58 88
0 71 60 58 88
0 72 60 58 88
0 74 60 58 88
0 71 60 58 88
0 72 60 58 88
0 74 120 116 88
0 72 120 116 88
0 71 120 116 88
0 76 120 116 88
0 69 120 116 88
0 81 240 234 88
0 79 240 236 88
0 84 60 58 88
0 83 60 58 88
0 81 60 58 88
0 79 60 58 88
0 78 60 58 88
0 76 60 58 88
0 75 120 116 88
0 71 120 116 88
0 73 120 116 88
0 75 120 116 88
0 76 60 58 88
0 74 60 58 88
0 72 60 58 88
0 71 60 58 88
0 72 240 234 88
0 71 120 116 88
0 76 60 58 88
0 75 60 58 88
0 76 120 116 88
0 78 120 116 88
0 79 120 113 88
0 79 60 58 88
0 78 60 58 88
0 79 120 116 88
0 81 120 116 88
0 71 840 833 88
0 76 60 58 88
0 74 60 58 88
0 72 60 58 88
0 71 60 58 88
0 69 60 58 88
0 71 60 58 88
0 72 120 116 88
0 71 60 58 88
0 69 60 58 88
0 67 240 234 88
0 72 360 353 88
0 71 60 58 88
0 69 60 58 88
0 71 120 116 88
0 73 120 116 88
0 74 600 590 88
0 72 60 58 88
0 71 60 58 88
0 72 120 116 88
0 74 120 116 88
0 76 120 116 88
0 69 120 116 88
0 81 300 294 88
0 80 60 58 88
0 81 60 58 88
0 80 60 58 88
0 81 120 116 88
0 83 120 116 88
0 76 360 353 88
0 74 60 58 88
0 72 60 58 88
0 71 120 116 88
0 76 60 58 88
0 74 60 58 88
0 72 60 58 88
0 71 60 58 88
0 69 60 58 88
0 68 60 58 88
0 69 240 116 88
0 68 240 116 88
0 69 3480 234 88
0 72 60 58 88
0 71 60 58 88
0 72 120 116 88
0 74 120 116 88
0 76 120 113 88
0 76 60 58 88
0 74 60 58 88
0 76 120 116 88
0 77 120 116 88
0 79 60 58 88
0 77 60 58 88
0 76 60 58 88
0 77 60 58 88
0 79 120 116 88
0 81 120 116 88
0 71 120 116 88
0 67 240 116 88
0 72 120 116 88
0 74 60 58 88
0 76 60 58 88
0 72 60 58 88
0 74 60 58 88
0 76 60 58 88
0 77 60 58 88
0 74 60 58 88
0 76 60 58 88
0 77 120 116 88
0 76 120 116 88
0 74 120 116 88
0 79 120 116 88
0 72 60 58 88
0 71 60 58 88
0 74 60 58 88
0 72 60 58 88
0 71 60 58 88
0 69 60 58 88
0 67 60 58 88
0 65 60 58 88
0 64 120 116 88
0 65 60 58 88
0 67 60 58 88
0 69 60 58 88
0 71 60 58 88
0 72 60 58 88
0 74 60 58 88
0 71 120 116 88
0 69 60 58 88
0 67 60 58 88
0 72 480 470 88
0 72 30 29 88
0 71 30 29 88
0 72 30 29 88
0 71 30 29 88
0 72 30 29 88
0 71 30 29 88
0 69 30 29 88
0 71 30 29 88
0 72 120 116 88
0 76 60 58 88
0 77 60 58 88
0 76 120 116 88
0 74 120 116 88
0 72 120 116 88
0 73 120 116 88
0 74 120 116 88
0 76 120 116 88
0 69 120 116 88
0 74 60 58 88
0 76 60 58 88
0 74 120 116 88
0 72 120 116 88
0 71 60 58 88
0 72 60 58 88
0 74 60 58 88
0 72 60 58 88
0 71 120 116 88
0 69 120 116 88
0 67 3480 234 88
0 74 60 58 88
0 76 60 58 88
0 74 120 116 88
0 72 120 116 88
0 71 120 113 88
0 71 60 58 88
0 72 60 58 88
0 71 120 116 88
0 69 120 116 88
0 67 60 58 88
0 69 60 58 88
0 71 60 58 88
0 69 60 58 88
0 67 120 116 88
0 66 120 116 88
0 76 120 116 88
0 79 240 116 88
0 74 120 116 88
0 72 60 58 88
0 71 60 58 88
0 74 60 58 88
0 72 60 58 88
0 71 60 58 88
0 69 60 58 88
0 72 60 58 88
0 71 60 58 88
0 69 120 116 88
0 71 120 116 88
0 72 120 116 88
0 67 120 116 88
0 74 60 58 88
0 76 60 58 88
0 74 60 58 88
0 76 60 58 88
0 77 23 22 88
0 76 22 21 88
0 77 23 22 88
0 76 22 21 88
0 77 23 22 88
0 76 22 21 88
0 77 23 22 88
0 76 22 21 88
0 74 30 29 88
0 76 30 29 88
0 77 600 590 88
0 76 60 58 88
0 77 60 58 88
0 76 120 116 88
0 74 120 116 88
0 72 120 113 88
0 72 60 58 88
0 74 60 58 88
0 72 120 116 88
0 71 120 116 88
0 69 60 58 88
0 71 60 58 88
0 72 60 58 88
0 71 60 58 88
0 69 120 116 88
0 67 120 116 88
0 77 120 116 88
0 81 240 116 88
0 76 120 116 88
0 74 60 58 88
0 72 60 58 88
0 76 60 58 88
0 74 60 58 88
0 72 60 58 88
0 71 60 58 88
0 74 60 58 88
0 72 60 58 88
0 71 360 353 88
0 69 180 175 88
0 71 60 58 88
0 68 60 58 88
0 69 60 58 88
0 71 300 298 88
0 72 60 58 88
0 69 60 58 88
0 71 60 58 88
0 72 300 294 88
0 74 60 58 88
0 71 60 58 88
0 72 60 58 88
0 74 60 58 88
0 72 60 58 88
0 71 60 58 88
0 69 60 58 88
0 68 60 58 88
0 71 60 58 88
0 72 60 58 88
0 74 60 58 88
0 76 60 58 88
0 77 60 58 88
0 79 180 175 88
0 81 60 58 88
0 79 60 58 88
0 77 60 58 88
0 79 300 298 88
0 77 60 58 88
0 76 60 58 88
0 77 60 58 88
0 79 300 294 88
0 82 60 58 88
0 81 60 58 88
0 79 60 58 88
0 77 60 58 88
0 76 60 58 88
0 74 60 58 88
0 73 60 58 88
0 74 60 58 88
0 76 60 58 88
0 74 60 58 88
0 76 60 58 88
0 77 26 25 88
0 76 27 26 88
0 77 22 21 88
0 76 23 22 88
0 77 22 21 88
0 76 60 58 88
0 74 60 53 88
0 74 3000 714 88
0 76 60 58 88
0 77 60 58 88
0 76 120 116 88
0 74 120 116 88
0 72 120 113 88
0 72 60 58 88
0 74 60 58 88
0 72 120 116 88
0 70 120 116 88
0 69 60 58 88
0 70 60 58 88
0 72 60 58 88
0 70 60 58 88
0 69 120 116 88
0 67 120 116 88
0 77 120 116 88
0 81 240 116 88
0 76 120 116 88
0 74 60 58 88
0 73 60 58 88
0 76 60 58 88
0 74 60 58 88
0 73 60 58 88
0 71 60 58 88
0 74 60 58 88
0 72 60 58 88
0 71 120 116 88
0 73 120 116 88
0 74 120 116 88
0 69 120 116 88
0 76 540 538 88
0 73 60 58 88
0 74 60 58 88
0 77 60 58 88
0 79 300 294 88
0 76 60 58 88
0 77 60 58 88
0 81 60 58 88
0 82 300 298 88
0 79 60 58 88
0 81 60 58 88
0 84 60 58 88
0 74 120 116 88
0 76 60 58 88
0 79 60 58 88
0 72 300 294 88
0 65 60 58 88
0 67 60 58 88
0 70 120 113 88
0 70 60 58 88
0 69 60 58 88
0 67 60 53 88
0 67 180 175 88
0 65 60 53 88
0 65 240 234 88
0 72 1320 1316 88
0 69 120 116 88
0 75 360 353 88
0 74 120 116 88
0 72 60 58 88
0 70 60 58 88
0 74 60 58 88
0 72 60 58 88
0 70 60 58 88
0 72 60 58 88
0 74 60 58 88
0 72 60 58 88
0 70 60 58 88
0 69 60 58 88
0 67 60 58 88
0 65 60 58 88
0 67 60 58 88
0 69 60 58 88
0 70 60 58 88
0 69 60 58 88
0 67 60 58 88
0 65 60 58 88
0 64 60 58 88
0 62 60 58 88
0 76 600 470 88
0 76 60 58 88
0 74 60 58 88
0 76 120 116 88
0 77 120 116 88
0 79 120 113 88
0 79 60 58 88
0 77 60 58 88
0 79 120 116 88
0 81 120 116 88
0 82 60 58 88
0 81 60 58 88
0 79 60 58 88
0 81 60 58 88
0 82 60 58 88
0 79 60 58 88
0 81 60 58 88
0 76 60 58 88
0 77 60 58 88
0 76 60 58 88
0 74 60 58 88
0 76 60 58 88
0 77 60 58 88
0 74 60 58 88
0 76 60 58 88
0 73 60 58 88
0 74 60 58 88
0 72 60 58 88
0 70 60 58 88
0 72 60 58 88
0 74 60 58 88
0 70 60 58 88
0 72 60 58 88
0 69 60 58 88
0 71 0 234 88
0 76 0 234 88
0 80 480 234 88
0 81 600 596 88
0 76 60 58 88
0 74 60 58 88
0 76 120 116 88
0 78 120 116 88
0 80 120 113 88
0 80 60 58 88
0 78 60 58 88
0 80 120 116 88
0 81 120 116 88
0 83 60 58 88
0 81 60 58 88
0 80 60 58 88
0 81 60 58 88
0 83 120 116 88
0 84 120 116 88
0 71 0 234 88
0 75 360 234 88
0 76 120 116 88
0 72 120 116 88
0 71 60 58 88
0 69 60 58 88
0 72 60 58 88
0 71 60 58 88
0 69 60 58 88
0 68 60 58 88
0 69 1080 234 88
0 74 60 58 88
0 73 60 58 88
0 74 120 116 88
0 76 120 116 88
0 77 120 113 88
0 77 60 58 88
0 76 60 58 88
0 77 120 116 88
0 79 120 116 88
0 81 60 58 88
0 79 60 58 88
0 77 60 58 88
0 79 60 58 88
0 81 120 116 88
0 82 120 116 88
0 73 120 116 88
0 69 240 116 88
0 74 180 175 88
0 72 60 58 88
0 71 60 58 88
0 72 60 58 88
0 74 60 58 88
0 76 60 58 88
0 78 60 58 88
0 80 60 58 88
1 0 76440 0 0
1 69 60 58 88
1 68 60 58 88
1 69 120 116 88
1 71 120 116 88
1 72 120 113 88
1 72 60 58 88
1 71 60 58 88
1 72 120 116 88
1 74 120 116 88
1 76 60 58 88
1 74 60 58 88
1 72 60 58 88
1 74 60 58 88
1 76 120 116 88
1 77 120 116 88
1 68 120 116 88
1 64 240 116 88
1 69 120 113 88
1 69 360 234 88
1 71 120 116 88
1 69 240 233 88
1 69 120 116 88
1 62 120 116 88
1 61 1560 234 88
1 69 60 58 88
1 67 60 58 88
1 69 120 116 88
1 71 120 116 88
1 73 120 113 88
1 73 60 58 88
1 71 60 58 88
1 73 120 116 88
1 74 120 116 88
1 76 60 58 88
1 74 60 58 88
1 73 60 58 88
1 74 60 58 88
1 76 120 116 88
1 77 120 116 88
1 68 360 234 88
1 74 240 236 88
1 76 60 58 88
1 77 60 58 88
1 73 0 116 88
1 76 120 116 88
1 71 0 116 88
1 74 120 116 88
2 0 82680 0 0
2 73 60 58 88
2 74 240 58 88
2 68 60 58 88
3 0 120 0 0
3 57 60 58 88
3 56 60 58 88
3 57 120 116 88
3 59 120 116 88
3 60 120 113 88
3 60 60 58 88
3 59 60 58 88
3 60 120 116 88
3 62 120 116 88
3 64 60 58 88
3 62 60 58 88
3 60 60 58 88
3 62 60 58 88
3 64 120 116 88
3 65 120 116 88
3 56 120 116 88
3 52 240 116 88
3 57 120 116 88
3 59 60 58 88
3 60 60 58 88
3 57 60 58 88
3 59 60 58 88
3 60 60 58 88
3 62 60 58 88
3 59 60 58 88
3 60 60 58 88
3 62 120 116 88
3 60 120 116 88
3 59 120 116 88
3 64 120 116 88
3 57 240 234 88
3 55 120 116 88
3 54 120 116 88
3 52 120 116 88
3 60 120 116 88
3 59 120 116 88
3 57 120 116 88
3 55 60 58 88
3 54 60 58 88
3 52 60 58 88
3 54 60 58 88
3 55 120 116 88
3 57 120 116 88
3 59 60 58 88
3 57 60 58 88
3 55 60 58 88
3 57 60 58 88
3 59 120 116 88
3 60 240 236 88
3 59 60 58 88
3 57 60 58 88
3 59 120 116 88
3 64 240 234 88
3 62 60 58 88
3 61 60 58 88
3 62 360 356 88
3 60 60 58 88
3 59 60 58 88
3 60 300 294 88
3 69 60 58 88
3 67 60 58 88
3 65 60 58 88
3 64 60 58 88
3 62 60 58 88
3 60 60 58 88
3 59 60 58 88
3 60 60 58 88
3 59 60 58 88
3 60 240 234 88
3 62 120 116 88
3 64 60 58 88
3 62 60 58 88
3 64 240 234 88
3 65 180 178 88
3 66 60 58 88
3 64 60 58 88
3 66 60 58 88
3 68 120 116 88
3 69 120 116 88
3 71 360 234 88
3 69 120 116 88
3 67 300 294 88
3 65 60 58 88
3 64 60 58 88
3 67 60 58 88
3 66 240 234 88
3 68 240 234 88
3 69 120 113 88
3 69 120 116 88
3 67 120 116 88
3 66 120 116 88
3 64 120 116 88
3 72 120 116 88
3 71 120 116 88
3 69 120 116 88
3 67 60 58 88
3 66 60 58 88
3 64 60 58 88
3 66 60 58 88
3 67 120 116 88
3 66 240 234 88
3 64 60 58 88
3 63 60 58 88
3 64 360 356 88
3 69 60 58 88
3 63 60 58 88
3 64 600 590 88
3 63 120 116 88
3 64 360 353 88
3 63 120 116 88
3 64 600 116 88
3 64 120 116 88
3 66 120 116 88
3 67 120 116 88
3 69 600 116 88
3 62 120 116 88
3 64 120 116 88
3 66 120 116 88
3 67 1080 116 88
3 74 60 58 88
3 76 60 58 88
3 74 120 116 88
3 72 120 116 88
3 71 120 113 88
3 71 60 58 88
3 72 60 58 88
3 71 120 116 88
3 69 120 116 88
3 67 240 234 88
3 69 120 116 88
3 71 120 116 88
3 72 360 234 88
3 74 120 116 88
3 73 180 175 88
3 74 60 58 88
3 76 300 298 88
3 73 60 58 88
3 74 180 175 88
3 71 60 58 88
3 73 120 116 88
3 74 360 234 88
3 65 120 116 88
3 67 60 58 88
3 73 60 58 88
3 74 60 58 88
3 76 60 58 88
3 73 240 234 88
3 74 120 116 88
3 69 60 58 88
3 70 60 58 88
3 69 120 116 88
3 67 120 116 88
3 65 120 116 88
3 69 120 116 88
3 71 120 116 88
3 72 120 116 88
3 74 60 58 88
3 72 60 58 88
3 71 60 58 88
3 69 60 58 88
3 67 120 116 88
3 65 240 236 88
3 64 120 116 88
3 62 300 234 88
3 69 60 58 88
3 67 60 58 88
3 65 60 58 88
3 64 120 116 88
3 67 240 236 88
3 65 60 58 88
3 67 60 58 88
3 65 120 116 88
3 64 120 116 88
3 62 120 113 88
3 62 60 58 88
3 64 60 58 88
3 62 120 116 88
3 60 120 116 88
3 59 60 58 88
3 60 60 58 88
3 62 60 58 88
3 60 60 58 88
3 59 120 116 88
3 57 120 116 88
3 68 120 116 88
3 71 240 116 88
3 65 120 116 88
3 64 60 58 88
3 62 60 58 88
3 65 60 58 88
3 64 60 58 88
3 62 60 58 88
3 60 60 58 88
3 64 60 58 88
3 62 60 58 88
3 60 120 116 88
3 62 120 116 88
3 64 60 58 88
3 60 60 58 88
3 59 60 58 88
3 57 60 58 88
3 65 60 58 88
3 62 60 58 88
3 64 60 58 88
3 65 60 58 88
3 60 26 25 88
3 59 27 26 88
3 60 22 21 88
3 59 23 22 88
3 60 22 21 88
3 59 60 58 88
3 57 60 53 88
3 57 3960 116 88
3 64 60 58 88
3 63 60 58 88
3 64 120 116 88
3 66 120 116 88
3 67 120 113 88
3 67 60 58 88
3 66 60 58 88
3 67 120 116 88
3 69 120 116 88
3 71 60 58 88
3 69 60 58 88
3 67 60 58 88
3 69 60 58 88
3 71 120 116 88
3 72 120 116 88
3 63 120 116 88
3 59 240 116 88
3 64 120 116 88
3 66 60 58 88
3 67 60 58 88
3 64 60 58 88
3 66 60 58 88
3 67 60 58 88
3 69 60 58 88
3 66 60 58 88
3 67 60 58 88
3 69 120 116 88
3 67 120 116 88
3 66 120 116 88
3 71 120 116 88
3 64 360 353 88
3 63 120 116 88
3 64 120 116 88
3 72 60 58 88
3 71 60 58 88
3 69 60 58 88
3 67 60 58 88
3 66 60 58 88
3 64 60 58 88
3 62 120 116 88
3 67 60 58 88
3 65 60 58 88
3 64 60 58 88
3 62 60 58 88
3 61 60 58 88
3 59 60 58 88
3 57 120 116 88
3 74 60 58 88
3 72 60 58 88
3 71 60 58 88
3 69 60 58 88
3 68 60 58 88
3 66 60 58 88
3 64 240 234 88
3 69 360 234 88
3 69 60 58 88
3 68 60 58 88
3 69 120 116 88
3 71 120 116 88
3 72 120 113 88
3 72 60 58 88
3 71 60 58 88
3 72 120 116 88
3 74 120 116 88
3 76 60 58 88
3 74 60 58 88
3 72 60 58 88
3 74 60 58 88
3 76 120 116 88
3 77 120 116 88
3 68 120 116 88
3 64 240 116 88
3 69 120 116 88
3 71 60 58 88
3 72 60 58 88
3 69 60 58 88
3 71 60 58 88
3 72 60 58 88
3 74 60 58 88
3 71 60 58 88
3 72 60 58 88
3 74 120 116 88
3 72 120 116 88
3 71 120 116 88
3 76 120 116 88
3 69 300 294 88
3 77 60 58 88
3 74 60 58 88
3 71 60 58 88
3 67 300 294 88
3 76 60 58 88
3 72 60 58 88
3 69 60 58 88
3 65 120 116 88
3 67 60 58 88
3 69 60 58 88
3 67 60 58 88
3 65 60 58 88
3 64 60 58 88
3 65 60 58 88
3 64 540 538 88
3 62 60 58 88
3 64 60 58 88
3 65 60 58 88
3 67 60 58 88
3 69 60 58 88
3 71 60 58 88
3 72 60 58 88
3 62 60 58 88
3 64 60 58 88
3 62 60 58 88
3 64 60 58 88
3 65 300 298 88
3 69 60 58 88
3 67 60 58 88
3 65 60 58 88
3 64 120 116 88
3 69 120 116 88
3 67 600 596 88
3 72 120 116 88
3 71 120 116 88
3 69 120 116 88
3 67 120 113 88
3 67 120 116 88
3 65 120 116 88
3 64 120 116 88
3 62 60 58 88
3 67 60 58 88
3 69 60 58 88
3 71 60 58 88
3 72 480 470 88
3 71 120 116 88
3 70 120 116 88
3 69 840 116 88
3 62 180 178 88
3 64 60 58 88
3 60 60 58 88
3 62 60 58 88
3 64 60 58 88
3 65 60 58 88
3 62 60 58 88
3 64 60 58 88
3 65 120 116 88
3 64 120 116 88
3 62 120 116 88
3 67 120 116 88
3 64 60 58 88
3 65 60 58 88
3 64 60 58 88
3 62 60 58 88
3 60 60 58 88
3 59 60 58 88
3 57 60 58 88
3 56 60 58 88
3 57 120 116 88
3 69 60 58 88
3 70 60 58 88
3 69 120 116 88
3 67 120 116 88
3 65 120 113 88
3 65 60 58 88
3 67 60 58 88
3 65 120 116 88
3 64 120 116 88
3 62 60 58 88
3 64 60 58 88
3 65 60 58 88
3 64 60 58 88
3 62 120 116 88
3 60 120 116 88
3 71 120 116 88
3 74 240 116 88
3 69 120 116 88
3 67 60 58 88
3 65 60 58 88
3 69 60 58 88
3 67 60 58 88
3 65 60 58 88
3 64 60 58 88
3 67 60 58 88
3 65 60 58 88
3 64 120 116 88
3 65 120 116 88
3 67 120 116 88
3 62 120 116 88
3 69 60 58 88
3 71 60 58 88
3 69 60 58 88
3 71 60 58 88
3 72 23 22 88
3 71 22 21 88
3 72 23 22 88
3 71 22 21 88
3 72 23 22 88
3 71 22 21 88
3 72 23 22 88
3 71 22 21 88
3 69 30 29 88
3 71 30 29 88
3 72 60 58 88
3 74 60 58 88
3 72 60 58 88
3 74 60 58 88
3 76 23 22 88
3 74 22 21 88
3 76 23 22 88
3 74 22 21 88
3 76 23 22 88
3 74 22 21 88
3 76 23 22 88
3 74 22 21 88
3 72 30 29 88
3 74 30 29 88
3 76 60 58 88
3 74 60 58 88
3 72 60 58 88
3 71 60 58 88
3 69 60 58 88
3 67 60 58 88
3 66 60 58 88
3 64 60 58 88
3 66 120 116 88
3 62 120 116 88
3 64 120 116 88
3 66 120 116 88
3 67 120 116 88
3 66 120 116 88
3 67 120 116 88
3 69 120 116 88
3 62 360 353 88
3 63 120 116 88
3 64 120 113 88
3 64 60 58 88
3 63 60 58 88
3 64 360 116 88
3 67 120 116 88
3 69 120 116 88
3 71 120 116 88
3 72 120 116 88
3 67 240 234 88
3 66 60 58 88
3 67 60 58 88
3 69 1020 116 88
3 76 60 58 88
3 74 60 58 88
3 72 60 58 88
3 71 60 58 88
3 69 60 58 88
3 68 60 58 88
3 69 60 58 88
3 71 600 596 88
3 64 60 58 88
3 65 60 58 88
3 64 120 116 88
3 62 120 116 88
3 60 120 113 88
3 60 60 58 88
3 62 60 58 88
3 60 120 116 88
3 58 120 116 88
3 57 60 58 88
3 59 60 58 88
3 61 60 58 88
3 59 60 58 88
3 57 120 116 88
3 55 120 116 88
3 66 120 116 88
3 71 240 116 88
3 64 120 116 88
3 62 60 58 88
3 60 60 58 88
3 64 60 58 88
3 62 60 58 88
3 60 60 58 88
3 59 60 58 88
3 62 60 58 88
3 60 60 58 88
3 59 120 116 88
3 60 120 116 88
3 62 60 58 88
3 60 60 58 88
3 64 60 58 88
3 62 60 58 88
3 60 120 116 88
3 62 120 116 88
3 64 60 58 88
3 62 60 58 88
3 65 60 58 88
3 64 60 58 88
3 62 120 116 88
3 64 120 116 88
3 65 360 356 88
3 64 300 116 88
3 70 60 58 88
3 69 300 294 88
3 73 60 58 88
3 76 60 58 88
3 74 60 58 88
3 76 300 294 88
3 69 60 58 88
3 73 60 58 88
3 74 60 58 88
3 76 60 58 88
3 73 60 58 88
3 74 240 116 88
3 69 60 58 88
3 67 60 58 88
3 65 120 116 88
3 70 120 116 88
3 69 120 116 88
3 67 240 234 88
3 65 60 58 88
3 64 60 58 88
3 65 60 58 88
3 67 60 58 88
3 69 60 58 88
3 65 60 58 88
3 62 3000 234 88
3 69 60 58 88
3 71 60 58 88
3 69 120 116 88
3 67 120 116 88
3 65 120 113 88
3 65 60 58 88
3 67 60 58 88
3 65 120 116 88
3 64 120 116 88
3 62 60 58 88
3 64 60 58 88
3 65 60 58 88
3 64 60 58 88
3 62 120 116 88
3 61 120 116 88
3 70 120 116 88
3 74 240 116 88
3 69 120 116 88
3 67 60 58 88
3 65 60 58 88
3 69 60 58 88
3 67 60 58 88
3 65 60 58 88
3 64 60 58 88
3 67 60 58 88
3 65 60 58 88
3 64 120 116 88
3 65 120 116 88
3 67 240 234 88
3 65 240 234 88
3 64 120 116 88
3 69 180 175 88
3 73 60 58 88
3 74 120 116 88
3 67 120 116 88
3 72 180 178 88
3 76 60 58 88
3 77 120 116 88
3 70 300 294 88
3 67 60 58 88
3 69 60 58 88
3 72 60 58 88
3 62 240 234 88
3 64 120 116 88
3 65 240 234 88
3 64 120 116 88
3 65 120 116 88
3 72 60 58 88
3 74 60 58 88
3 72 120 116 88
3 70 120 116 88
3 69 120 113 88
3 69 60 58 88
3 70 60 58 88
3 69 120 116 88
3 67 120 116 88
3 66 60 58 88
3 67 60 58 88
3 69 60 58 88
3 67 60 58 88
3 66 120 116 88
3 63 120 116 88
3 74 120 116 88
3 78 240 116 88
3 72 120 116 88
3 70 60 58 88
3 69 60 58 88
3 72 60 58 88
3 70 60 58 88
3 69 60 58 88
3 67 60 58 88
3 70 60 58 88
3 69 60 58 88
3 67 1080 116 88
3 69 60 58 88
3 67 60 58 88
3 69 120 116 88
3 71 120 116 88
3 73 120 113 88
3 73 60 58 88
3 71 60 58 88
3 73 120 116 88
3 74 120 116 88
3 76 60 58 88
3 74 60 58 88
3 73 60 58 88
3 74 60 58 88
3 76 120 116 88
3 77 120 116 88
3 67 120 116 88
3 64 240 116 88
3 69 120 116 88
3 69 120 116 88
3 74 120 116 88
3 69 120 116 88
3 67 120 116 88
3 65 120 116 88
3 62 120 116 88
3 65 120 113 88
3 65 120 116 88
3 64 480 234 88
3 60 480 234 88
3 60 480 234 88
3 59 600 234 88
3 59 60 58 88
3 60 60 58 88
3 62 60 58 88
3 64 60 58 88
3 66 60 58 88
3 68 60 58 88
3 66 360 234 88
3 64 120 116 88
3 64 120 116 88
3 65 120 116 88
3 64 240 233 88
3 64 360 234 88
3 64 120 116 88
3 57 120 116 88
3 69 60 58 88
3 70 60 58 88
3 69 120 116 88
3 67 120 116 88
3 65 120 113 88
3 65 60 58 88
3 67 60 58 88
3 65 120 116 88
3 64 120 116 88
3 62 120 116 88
3 57 60 58 88
3 59 60 58 88
3 61 120 116 88
3 62 120 116 88
3 64 360 234 88
3 62 120 116 88
3 67 360 234 88
3 65 60 58 88
3 64 60 58 88
3 62 360 234 88
3 62 60 58 88
3 64 60 58 88
3 65 120 116 88
3 64 60 58 88
3 62 60 58 88
3 64 120 116 88
3 65 120 116 88
4 0 82680 0 0
4 61 60 58 88
4 59 60 58 88
4 61 120 116 88
4 62 120 116 88
5 0 9720 0 0
5 52 60 58 88
5 51 60 58 88
5 52 120 116 88
5 54 120 116 88
5 55 120 113 88
5 55 60 58 88
5 54 60 58 88
5 55 120 116 88
5 57 120 116 88
5 59 60 58 88
5 57 60 58 88
5 55 60 58 88
5 57 60 58 88
5 59 120 116 88
5 60 120 116 88
5 51 120 116 88
5 47 240 116 88
5 52 120 116 88
5 54 60 58 88
5 55 60 58 88
5 52 60 58 88
5 54 60 58 88
5 55 60 58 88
5 57 60 58 88
5 54 60 58 88
5 55 60 58 88
5 57 120 116 88
5 55 120 116 88
5 54 120 116 88
5 59 120 116 88
5 52 240 234 88
5 59 120 116 88
5 57 120 116 88
5 56 120 116 88
5 52 120 116 88
5 54 120 116 88
5 56 120 116 88
5 57 600 116 88
5 57 120 116 88
5 59 120 116 88
5 61 120 116 88
5 62 600 116 88
5 59 120 116 88
5 57 240 234 88
5 55 600 590 88
5 57 240 234 88
5 50 240 236 88
5 67 60 58 88
5 69 60 58 88
5 67 120 116 88
5 65 120 116 88
5 64 120 113 88
5 64 60 58 88
5 65 60 58 88
5 64 120 116 88
5 62 120 116 88
5 60 60 58 88
5 62 60 58 88
5 64 60 58 88
5 62 60 58 88
5 60 120 116 88
5 58 120 116 88
5 69 120 116 88
5 73 240 116 88
5 67 120 116 88
5 65 60 58 88
5 64 60 58 88
5 67 60 58 88
5 65 60 58 88
5 64 60 58 88
5 62 60 58 88
5 65 60 58 88
5 64 60 58 88
5 62 120 116 88
5 64 120 116 88
5 65 60 58 88
5 64 60 58 88
5 62 60 58 88
5 60 60 58 88
5 58 120 116 88
5 57 60 58 88
5 55 60 58 88
5 57 360 353 88
5 57 120 116 88
5 59 120 116 88
5 61 120 116 88
5 62 2520 116 88
5 59 60 58 88
5 60 60 58 88
5 59 120 116 88
5 57 120 116 88
5 56 360 353 88
5 52 120 116 88
5 50 120 116 88
5 53 60 58 88
5 52 60 58 88
5 50 120 116 88
5 48 120 116 88
5 47 120 116 88
5 48 120 116 88
5 50 120 116 88
5 47 120 116 88
5 52 360 353 88
5 53 240 236 88
5 50 120 116 88
5 52 120 116 88
5 50 120 116 88
5 48 600 116 88
5 57 60 58 88
5 56 60 58 88
5 57 120 116 88
5 59 120 116 88
5 60 120 113 88
5 60 60 58 88
5 59 60 58 88
5 60 120 116 88
5 62 120 116 88
5 64 60 58 88
5 62 60 58 88
5 60 60 58 88
5 62 60 58 88
5 64 120 116 88
5 65 120 116 88
5 56 120 116 88
5 52 240 116 88
5 57 120 116 88
5 59 60 58 88
5 60 60 58 88
5 57 60 58 88
5 59 60 58 88
5 60 60 58 88
5 62 60 58 88
5 59 60 58 88
5 60 60 58 88
5 62 120 116 88
5 60 120 116 88
5 59 120 116 88
5 64 120 116 88
5 57 600 590 88
5 55 60 58 88
5 54 60 58 88
5 55 120 116 88
5 57 120 116 88
5 59 120 116 88
5 64 240 234 88
5 63 120 116 88
5 64 3960 116 88
5 57 60 58 88
5 56 60 58 88
5 57 120 116 88
5 59 120 116 88
5 60 120 113 88
5 60 60 58 88
5 59 60 58 88
5 60 120 116 88
5 62 120 116 88
5 64 60 58 88
5 62 60 58 88
5 60 60 58 88
5 62 60 58 88
5 64 120 116 88
5 65 120 116 88
5 56 120 116 88
5 52 240 116 88
5 57 120 116 88
5 59 60 58 88
5 60 60 58 88
5 57 60 58 88
5 59 60 58 88
5 60 60 58 88
5 62 60 58 88
5 59 60 58 88
5 60 60 58 88
5 62 120 116 88
5 60 120 116 88
5 59 120 116 88
5 64 120 116 88
5 57 360 353 88
5 55 240 236 88
5 53 60 58 88
5 52 60 58 88
5 53 360 353 88
5 52 60 58 88
5 50 60 58 88
5 52 480 474 88
5 50 300 294 88
5 48 60 58 88
5 50 60 58 88
5 52 60 58 88
5 53 60 58 88
5 55 60 58 88
5 57 60 58 88
5 59 60 58 88
5 60 780 768 88
5 64 60 58 88
5 62 60 58 88
5 60 60 58 88
5 59 120 116 88
5 64 60 58 88
5 62 60 58 88
5 60 60 58 88
5 59 60 58 88
5 57 60 58 88
5 59 60 58 88
5 60 600 596 88
5 55 240 234 88
5 62 240 234 88
5 64 120 116 88
5 62 120 116 88
5 60 120 116 88
5 55 840 234 88
5 55 120 116 88
5 57 60 58 88
5 59 60 58 88
5 55 60 58 88
5 57 60 58 88
5 59 60 58 88
5 60 60 58 88
5 57 60 58 88
5 59 60 58 88
5 60 120 116 88
5 59 120 116 88
5 57 120 116 88
5 62 120 116 88
5 55 360 353 88
5 60 120 116 88
5 62 60 58 88
5 53 60 58 88
5 55 60 58 88
5 57 60 58 88
5 59 60 58 88
5 60 60 58 88
5 62 60 58 88
5 59 60 58 88
5 55 1080 234 88
5 57 60 58 88
5 58 60 58 88
5 57 120 116 88
5 55 120 116 88
5 53 120 113 88
5 53 60 58 88
5 55 60 58 88
5 53 120 116 88
5 52 120 116 88
5 50 60 58 88
5 52 60 58 88
5 53 60 58 88
5 52 60 58 88
5 50 120 116 88
5 48 120 116 88
5 59 120 116 88
5 62 240 116 88
5 57 120 116 88
5 55 60 58 88
5 53 60 58 88
5 57 60 58 88
5 55 60 58 88
5 53 60 58 88
5 52 60 58 88
5 55 60 58 88
5 53 60 58 88
5 52 120 116 88
5 53 120 116 88
5 55 120 116 88
5 50 120 116 88
5 57 60 58 88
5 59 60 58 88
5 57 60 58 88
5 59 60 58 88
5 60 23 22 88
5 59 22 21 88
5 60 23 22 88
5 59 22 21 88
5 60 23 22 88
5 59 22 21 88
5 60 23 22 88
5 59 22 21 88
5 57 30 29 88
5 59 30 29 88
5 60 600 596 88
5 54 120 116 88
5 55 120 116 88
5 57 120 116 88
5 59 120 116 88
5 50 120 116 88
5 52 120 116 88
5 54 120 116 88
5 55 360 353 88
5 57 120 116 88
5 59 600 596 88
5 52 120 116 88
5 54 120 116 88
5 55 120 116 88
5 57 120 116 88
5 50 120 116 88
5 52 120 116 88
5 50 60 58 88
5 52 60 58 88
5 54 60 58 88
5 55 60 58 88
5 52 60 58 88
5 54 60 58 88
5 55 60 58 88
5 57 60 58 88
5 54 60 58 88
5 55 60 58 88
5 57 120 116 88
5 59 60 58 88
5 60 60 58 88
5 59 60 58 88
5 60 60 58 88
5 57 60 58 88
5 59 60 58 88
5 60 120 116 88
5 62 60 58 88
5 64 60 58 88
5 62 120 116 88
5 60 120 116 88
5 59 120 116 88
5 56 120 116 88
5 57 120 116 88
5 59 120 116 88
5 60 120 116 88
5 52 120 116 88
5 54 120 116 88
5 56 120 116 88
5 57 360 234 88
5 52 120 116 88
5 53 120 116 88
5 55 120 116 88
5 57 120 116 88
5 58 120 116 88
5 57 120 116 88
5 56 60 58 88
5 54 60 58 88
5 52 120 116 88
5 57 120 116 88
5 53 120 116 88
5 52 240 234 88
5 53 60 58 88
5 51 60 58 88
5 52 2040 1556 88
5 52 60 58 88
5 53 60 58 88
5 52 120 116 88
5 50 120 116 88
5 49 120 113 88
5 49 60 58 88
5 50 60 58 88
5 49 120 116 88
5 46 120 116 88
5 45 360 234 88
5 65 60 58 88
5 64 60 58 88
5 62 360 353 88
5 61 120 116 88
5 62 120 116 88
5 57 480 116 88
5 57 60 58 88
5 56 60 58 88
5 57 120 116 88
5 59 120 116 88
5 60 120 113 88
5 60 60 58 88
5 59 60 58 88
5 60 120 116 88
5 62 120 116 88
5 64 60 58 88
5 62 60 58 88
5 60 60 58 88
5 62 60 58 88
5 64 120 116 88
5 65 120 116 88
5 56 120 116 88
5 52 240 116 88
5 57 120 116 88
5 59 60 58 88
5 60 60 58 88
5 57 60 58 88
5 59 60 58 88
5 60 60 58 88
5 62 60 58 88
5 59 60 58 88
5 61 60 58 88
5 62 120 116 88
5 60 120 116 88
5 59 120 116 88
5 64 120 116 88
5 57 600 234 88
5 57 60 58 88
5 58 60 58 88
5 60 120 116 88
5 58 120 116 88
5 57 120 116 88
5 62 60 58 88
5 64 60 58 88
5 65 60 58 88
5 67 60 58 88
5 69 240 234 88
5 67 240 234 88
5 65 240 236 88
5 64 120 116 88
5 62 300 294 88
5 61 60 58 88
5 64 60 58 88
5 62 60 58 88
5 61 60 58 88
5 59 60 58 88
5 62 60 58 88
5 61 60 58 88
5 62 300 294 88
5 59 60 58 88
5 61 60 58 88
5 64 60 58 88
5 65 300 294 88
5 62 60 58 88
5 64 60 58 88
5 67 60 58 88
5 69 300 294 88
5 65 60 58 88
5 67 60 58 88
5 70 60 58 88
5 64 120 116 88
5 65 120 116 88
5 58 240 234 88
5 60 600 590 88
5 48 120 116 88
5 50 120 116 88
5 52 120 116 88
5 53 120 116 88
5 52 120 116 88
5 53 120 116 88
5 55 120 116 88
5 57 60 58 88
5 55 60 58 88
5 54 60 58 88
5 55 60 58 88
5 57 60 58 88
5 58 60 58 88
5 60 120 116 88
5 54 120 116 88
5 57 120 116 88
5 55 120 116 88
5 54 120 116 88
5 55 120 116 88
5 53 120 116 88
5 51 120 116 88
5 50 240 236 88
5 55 60 58 88
5 57 60 58 88
5 55 120 116 88
5 53 120 116 88
5 52 120 113 88
5 52 60 58 88
5 53 60 58 88
5 52 120 116 88
5 50 120 116 88
5 49 60 58 88
5 50 60 58 88
5 52 60 58 88
5 50 60 58 88
5 49 120 116 88
5 47 120 116 88
5 57 120 116 88
5 61 240 116 88
5 69 120 116 88
5 70 180 175 88
5 69 60 58 88
5 67 60 58 88
5 65 60 58 88
5 64 60 58 88
5 62 60 58 88
5 61 360 234 88
5 61 120 116 88
5 62 120 116 88
5 65 120 116 88
5 62 120 116 88
5 57 120 116 88
5 58 120 116 88
5 53 120 116 88
5 58 120 116 88
5 62 120 116 88
5 59 480 234 88
5 57 480 234 88
5 57 480 234 88
5 62 960 234 88
5 57 360 234 88
5 59 120 116 88
5 60 120 116 88
5 62 120 116 88
5 60 120 116 88
5 59 120 116 88
5 57 120 113 88
5 57 60 58 88
5 58 60 58 88
5 57 120 116 88
5 55 120 116 88
5 53 120 113 88
5 53 60 58 88
5 55 60 58 88
5 53 120 116 88
5 52 120 116 88
5 50 60 58 88
5 52 60 58 88
5 53 60 58 88
5 52 60 58 88
5 50 120 116 88
5 49 120 116 88
5 50 120 116 88
5 53 120 116 88
5 52 120 116 88
5 50 120 116 88
5 55 360 234 88
5 53 120 116 88
5 52 360 234 88
5 50 120 116 88
5 59 480 470 88
6 0 6840 0 0
6 45 60 58 88
6 44 60 58 88
6 45 120 116 88
6 47 120 116 88
6 48 120 113 88
6 48 60 58 88
6 47 60 58 88
6 48 120 116 88
6 50 120 116 88
6 52 60 58 88
6 50 60 58 88
6 48 60 58 88
6 50 60 58 88
6 52 120 116 88
6 53 120 116 88
6 44 120 116 88
6 40 240 116 88
6 45 120 116 88
6 47 60 58 88
6 48 60 58 88
6 45 60 58 88
6 47 60 58 88
6 49 60 58 88
6 50 60 58 88
6 47 60 58 88
6 49 60 58 88
6 50 120 116 88
6 48 120 116 88
6 47 120 116 88
6 52 120 116 88
6 45 120 116 88
6 47 120 116 88
6 49 120 116 88
6 51 120 116 88
6 52 120 113 88
6 52 60 58 88
6 50 60 58 88
6 52 120 116 88
6 54 120 116 88
6 55 360 234 88
6 57 120 116 88
6 59 120 116 88
6 47 60 58 88
6 45 60 58 88
6 43 120 116 88
6 40 120 116 88
6 45 240 234 88
6 47 240 234 88
6 48 120 116 88
6 47 120 116 88
6 45 120 116 88
6 47 60 58 88
6 45 60 58 88
6 43 120 116 88
6 45 120 116 88
6 47 240 234 88
6 52 120 116 88
6 50 120 116 88
6 48 120 116 88
6 47 120 116 88
6 45 120 116 88
6 59 120 116 88
6 57 120 116 88
6 55 120 116 88
6 54 120 116 88
6 55 120 116 88
6 54 120 116 88
6 52 120 116 88
6 50 120 116 88
6 52 120 116 88
6 50 120 116 88
6 48 120 116 88
6 47 120 116 88
6 55 240 234 88
6 54 120 116 88
6 55 60 58 88
6 52 60 58 88
6 50 60 58 88
6 48 60 58 88
6 47 120 116 88
6 52 120 116 88
6 48 120 116 88
6 45 120 116 88
6 50 120 116 88
6 38 120 116 88
6 43 3000 116 88
6 57 60 58 88
6 58 60 58 88
6 57 120 116 88
6 55 120 116 88
6 53 120 113 88
6 53 60 58 88
6 55 60 58 88
6 53 120 116 88
6 52 120 116 88
6 50 60 58 88
6 52 60 58 88
6 53 60 58 88
6 52 60 58 88
6 50 120 116 88
6 48 120 116 88
6 59 120 116 88
6 62 240 116 88
6 57 120 116 88
6 55 60 58 88
6 53 60 58 88
6 57 60 58 88
6 55 60 58 88
6 53 60 58 88
6 52 60 58 88
6 55 60 58 88
6 53 60 58 88
6 52 120 116 88
6 53 120 116 88
6 55 60 58 88
6 52 60 58 88
6 50 60 58 88
6 48 60 58 88
6 53 60 58 88
6 52 60 58 88
6 50 60 58 88
6 48 60 58 88
6 50 60 58 88
6 52 60 58 88
6 53 60 58 88
6 50 60 58 88
6 47 240 234 88
6 48 120 116 88
6 50 240 236 88
6 52 120 116 88
6 50 120 116 88
6 48 120 116 88
6 47 120 116 88
6 50 60 58 88
6 48 60 58 88
6 47 120 116 88
6 45 120 116 88
6 44 120 116 88
6 45 120 116 88
6 47 120 116 88
6 44 120 116 88
6 45 120 116 88
6 47 120 116 88
6 48 120 116 88
6 53 120 116 88
6 50 120 116 88
6 47 120 116 88
6 52 120 116 88
6 40 120 116 88
6 45 120 116 88
6 57 120 116 88
6 48 120 116 88
6 52 120 116 88
6 45 120 116 88
6 53 120 116 88
6 52 120 116 88
6 50 120 116 88
6 48 120 116 88
6 57 120 116 88
6 55 120 116 88
6 53 120 116 88
6 52 120 116 88
6 57 60 58 88
6 55 60 58 88
6 53 60 58 88
6 52 60 58 88
6 50 60 58 88
6 48 60 58 88
6 47 120 116 88
6 60 60 58 88
6 59 60 58 88
6 57 60 58 88
6 55 60 58 88
6 53 60 58 88
6 52 60 58 88
6 50 240 116 88
6 52 240 116 88
6 53 120 116 88
6 52 120 116 88
6 50 120 116 88
6 52 120 116 88
6 48 120 116 88
6 47 120 116 88
6 48 120 116 88
6 45 120 116 88
6 47 360 353 88
6 45 120 116 88
6 43 120 116 88
6 52 60 58 88
6 51 60 58 88
6 52 120 116 88
6 54 120 116 88
6 55 120 113 88
6 55 60 58 88
6 54 60 58 88
6 55 120 116 88
6 57 120 116 88
6 59 60 58 88
6 57 60 58 88
6 55 60 58 88
6 57 60 58 88
6 59 120 116 88
6 60 120 116 88
6 51 120 116 88
6 47 240 116 88
6 52 120 116 88
6 54 60 58 88
6 55 60 58 88
6 52 60 58 88
6 54 60 58 88
6 55 60 58 88
6 57 60 58 88
6 54 60 58 88
6 55 60 58 88
6 57 120 116 88
6 55 120 116 88
6 54 120 116 88
6 59 120 116 88
6 52 120 113 88
6 52 60 58 88
6 51 60 58 88
6 52 120 116 88
6 54 120 116 88
6 55 600 596 88
6 54 60 58 88
6 52 60 58 88
6 54 120 116 88
6 56 120 116 88
6 57 600 116 88
6 57 120 116 88
6 55 120 116 88
6 53 120 116 88
6 52 600 234 88
6 45 60 58 88
6 47 60 58 88
6 48 120 116 88
6 50 240 234 88
6 48 60 58 88
6 50 60 58 88
6 52 120 116 88
6 53 240 236 88
6 52 60 58 88
6 50 60 58 88
6 52 120 116 88
6 48 120 116 88
6 53 120 116 88
6 52 60 58 88
6 50 60 58 88
6 52 60 58 88
6 53 60 58 88
6 52 60 58 88
6 50 60 58 88
6 49 120 116 88
6 45 120 116 88
6 50 120 116 88
6 48 120 116 88
6 47 120 116 88
6 43 120 116 88
6 48 120 116 88
6 47 120 116 88
6 45 120 116 88
6 47 60 58 88
6 48 60 58 88
6 47 120 116 88
6 43 120 116 88
6 48 360 234 88
6 47 120 116 88
6 45 360 234 88
6 43 120 116 88
6 41 60 58 88
6 55 60 58 88
6 53 60 58 88
6 52 60 58 88
6 50 60 58 88
6 48 60 58 88
6 47 60 58 88
6 45 60 58 88
6 43 120 116 88
6 55 120 116 88
6 57 120 116 88
6 53 120 116 88
6 60 120 116 88
6 48 60 58 88
6 47 60 58 88
6 48 120 116 88
6 50 120 116 88
6 52 120 113 88
6 52 60 58 88
6 50 60 58 88
6 52 120 116 88
6 54 120 116 88
6 55 60 58 88
6 53 60 58 88
6 52 60 58 88
6 53 60 58 88
6 55 120 116 88
6 57 120 116 88
6 47 120 116 88
6 43 240 116 88
6 48 120 116 88
6 50 60 58 88
6 52 60 58 88
6 48 60 58 88
6 50 60 58 88
6 52 60 58 88
6 53 60 58 88
6 50 60 58 88
6 52 60 58 88
6 53 120 116 88
6 52 120 116 88
6 50 120 116 88
6 55 120 116 88
6 48 120 116 88
6 50 60 58 88
6 52 60 58 88
6 53 480 474 88
6 52 120 116 88
6 57 120 116 88
6 50 120 116 88
6 52 60 58 88
6 53 60 58 88
6 55 120 116 88
6 43 120 116 88
6 48 360 234 88
6 52 120 116 88
6 45 60 58 88
6 58 60 58 88
6 57 60 58 88
6 55 60 58 88
6 53 60 58 88
6 52 60 58 88
6 50 60 58 88
6 49 60 58 88
6 50 840 827 88
6 52 120 116 88
6 53 540 531 88
6 55 60 58 88
6 53 60 58 88
6 52 60 58 88
6 50 360 356 88
6 48 240 234 88
6 47 120 116 88
6 48 120 116 88
6 50 120 116 88
6 43 360 356 88
6 57 120 116 88
6 55 120 116 88
6 53 120 116 88
6 52 120 116 88
6 50 120 116 88
6 48 120 116 88
6 52 120 116 88
6 50 120 113 88
6 50 60 58 88
6 52 60 58 88
6 50 120 116 88
6 48 120 116 88
6 47 120 113 88
6 47 60 58 88
6 48 60 58 88
6 47 120 116 88
6 45 120 116 88
6 43 60 58 88
6 45 60 58 88
6 47 60 58 88
6 45 60 58 88
6 43 120 116 88
6 42 120 116 88
6 52 120 116 88
6 55 240 116 88
6 50 120 116 88
6 48 60 58 88
6 47 60 58 88
6 50 60 58 88
6 48 60 58 88
6 47 60 58 88
6 45 60 58 88
6 48 60 58 88
6 47 60 58 88
6 45 120 116 88
6 47 120 116 88
6 48 120 116 88
6 43 120 116 88
6 50 240 234 88
6 52 240 234 88
6 54 240 234 88
6 55 240 234 88
6 57 240 234 88
6 59 120 116 88
6 57 120 116 88
6 56 120 116 88
6 52 120 116 88
6 54 120 116 88
6 56 120 116 88
6 57 120 116 88
6 48 120 116 88
6 50 120 116 88
6 52 120 116 88
6 53 360 234 88
6 49 120 116 88
6 50 120 116 88
6 52 120 116 88
6 53 120 116 88
6 49 120 116 88
6 50 240 234 88
6 45 360 356 88
6 44 120 116 88
6 45 240 234 88
6 40 1560 1556 88
6 52 60 58 88
6 53 60 58 88
6 52 120 116 88
6 50 120 116 88
6 49 120 113 88
6 49 60 58 88
6 50 60 58 88
6 49 120 116 88
6 47 120 116 88
6 45 60 58 88
6 47 60 58 88
6 49 60 58 88
6 47 60 58 88
6 45 120 116 88
6 43 120 116 88
6 41 360 234 88
6 53 120 116 88
6 58 120 116 88
6 55 120 116 88
6 57 240 234 88
6 50 120 113 88
6 50 60 58 88
6 49 60 58 88
6 50 120 116 88
6 52 120 116 88
6 53 120 113 88
6 53 60 58 88
6 52 60 58 88
6 54 120 116 88
6 56 120 116 88
6 57 60 58 88
6 56 60 58 88
6 54 60 58 88
6 56 60 58 88
6 57 120 116 88
6 59 120 116 88
6 48 120 116 88
6 45 240 116 88
6 50 120 116 88
6 52 60 58 88
6 53 60 58 88
6 50 60 58 88
6 52 60 58 88
6 53 60 58 88
6 55 60 58 88
6 52 60 58 88
6 54 60 58 88
6 55 120 116 88
6 53 120 116 88
6 52 120 116 88
6 57 120 116 88
6 50 120 116 88
6 57 180 175 88
6 56 60 58 88
6 57 60 58 88
6 56 60 58 88
6 57 300 294 88
6 55 60 58 88
6 53 60 58 88
6 52 60 58 88
6 53 300 294 88
6 52 60 58 88
6 50 60 58 88
6 49 60 58 88
6 50 3960 116 88
6 48 60 58 88
6 50 60 58 88
6 48 120 116 88
6 46 120 116 88
6 45 120 113 88
6 45 60 58 88
6 46 60 58 88
6 45 120 116 88
6 43 120 116 88
6 41 60 58 88
6 43 60 58 88
6 45 60 58 88
6 43 60 58 88
6 41 120 116 88
6 39 120 116 88
6 50 120 116 88
6 54 240 116 88
6 48 120 116 88
6 46 60 58 88
6 45 60 58 88
6 48 60 58 88
6 46 60 58 88
6 45 60 58 88
6 43 60 58 88
6 46 60 58 88
6 45 60 58 88
6 43 360 353 88
6 42 120 116 88
6 43 1560 1550 88
6 52 60 58 88
6 53 60 58 88
6 55 60 58 88
6 53 60 58 88
6 52 60 58 88
6 50 60 58 88
6 49 600 116 88
6 64 120 116 88
6 61 120 116 88
6 57 120 116 88
6 50 480 116 88
6 50 480 116 88
6 50 480 234 88
6 51 480 234 88
6 52 480 234 88
6 52 960 234 88
6 54 360 234 88
6 56 120 116 88
6 57 120 116 88
6 50 120 116 88
6 52 240 234 88
